"2025-02-12 00:00:00",UA,6,861,-19.0,-7.03,-4.01,0.0,13.87,557.0
"2025-02-12 00:00:00",AA,15,847,-16.0,-2.97,2.97,29.08,71.53,1023.0
"2025-02-12 00:00:00",DL,20,571,-19.0,-0.99,15.03,58.56,104.6,823.0
"2025-02-12 00:00:00",DL,0,18,-11.0,-4.01,5.99,25.79,55.15,108.0
"2025-02-12 00:00:00",WN,23,16,-12.0,-5.99,-2.97,13.07,21.98,103.0
"2025-02-12 00:00:00",WN,22,565,-14.0,1.99,21.12,54.06,104.6,242.0
"2025-02-12 00:00:00",UA,20,524,-15.0,-0.99,12.06,49.9,100.49,360.0
"2025-02-12 00:00:00",DL,22,583,-17.0,-1.99,5.99,34.82,85.64,780.0
"2025-02-12 00:00:00",WN,5,989,-14.0,-5.0,-1.99,0.0,10.91,384.0
"2025-02-12 00:00:00",AA,16,1001,-15.0,-2.97,4.01,27.94,74.45,1148.0
"2025-02-12 00:00:00",UA,17,980,-20.0,-2.97,5.0,30.27,104.6,796.0
"2025-02-12 00:00:00",DL,17,1140,-18.0,-4.01,5.0,45.15,106.71,1222.0
"2025-02-12 00:00:00",WN,6,1997,-15.0,-5.0,-1.99,0.99,10.91,597.0
"2025-02-12 00:00:00",WN,12,1526,-15.0,-1.99,4.01,21.12,54.06,463.0
"2025-02-12 00:00:00",WN,14,1564,-14.0,-0.99,7.92,26.84,72.97,475.0
"2025-02-12 00:00:00",AA,14,1034,-13.0,-2.97,0.99,24.78,75.95,990.0
"2025-02-12 00:00:00",UA,7,1293,-16.0,-5.99,-4.01,0.0,15.96,992.0
"2025-02-12 00:00:00",WN,10,1578,-13.0,-4.01,0.0,13.87,34.13,313.0
"2025-02-12 00:00:00",WN,7,1387,-13.0,-5.0,-1.99,0.99,15.03,255.0
