"2025-01-08 00:00:00",AA,0,44,-11.0,-5.99,-4.01,-0.99,2.97,45.0
"2025-01-08 00:00:00",UA,0,21,-11.0,-8.94,-5.99,-0.99,10.91,13.0
"2025-01-08 00:00:00",UA,18,906,-24.0,-5.0,-0.99,8.94,39.25,210.0
"2025-01-08 00:00:00",UA,21,198,-18.0,-7.92,-4.01,5.99,34.82,250.0
"2025-01-08 00:00:00",UA,23,199,-20.0,-7.03,-4.01,1.99,19.11,594.0
"2025-01-08 00:00:00",AA,22,405,-17.0,-7.03,-2.97,5.99,39.25,477.0
"2025-01-08 00:00:00",WN,18,1637,-16.0,-5.99,-0.99,8.94,27.94,408.0
"2025-01-08 00:00:00",DL,19,705,-30.0,-5.99,0.0,24.78,80.65,995.0
"2025-01-08 00:00:00",WN,19,920,-15.0,-5.99,-2.97,5.0,22.88,197.0
"2025-01-08 00:00:00",WN,11,1707,-14.0,-5.0,-1.99,4.01,19.11,558.0
"2025-01-08 00:00:00",UA,12,898,-21.0,-5.99,-2.97,4.01,26.84,363.0
"2025-01-08 00:00:00",DL,18,875,-23.0,-5.99,0.0,24.78,90.93,1074.0
"2025-01-08 00:00:00",WN,16,1434,-15.0,-5.0,-1.99,7.03,30.27,475.0
"2025-01-08 00:00:00",AA,12,818,-17.0,-5.0,0.0,15.03,58.56,2646.0
"2025-01-08 00:00:00",DL,12,954,-21.0,-5.99,0.0,24.78,94.64,1114.0
"2025-01-08 00:00:00",DL,7,1432,-23.0,-7.03,-2.97,2.97,39.25,915.0
"2025-01-08 00:00:00",AA,10,823,-14.0,-5.0,-1.99,10.91,45.15,1265.0
"2025-01-08 00:00:00",UA,10,799,-17.0,-5.99,-2.97,2.97,27.94,691.0
"2025-01-08 00:00:00",DL,10,858,-19.0,-5.0,-0.99,15.96,63.44,669.0
"2025-01-08 00:00:00",DL,8,1026,-18.0,-5.0,-1.99,7.03,60.95,1048.0
"2025-01-08 00:00:00",DL,9,770,-18.0,-5.99,-1.99,13.07,57.4,693.0
"2025-01-08 00:00:00",UA,8,1217,-18.0,-7.03,-4.01,0.0,12.06,444.0
