"2025-04-02 00:00:00",WN,5,1150,-14.0,-5.0,-2.97,-0.99,7.92,488.0
"2025-04-02 00:00:00",WN,14,1571,-14.0,-1.99,5.99,23.81,64.72,321.0
"2025-04-02 00:00:00",UA,17,935,-18.0,-5.0,0.0,19.11,60.95,1080.0
"2025-04-02 00:00:00",WN,22,695,-15.0,-2.97,7.92,34.82,71.53,273.0
"2025-04-02 00:00:00",DL,0,38,-19.0,-8.94,-5.0,5.99,40.86,211.0
"2025-04-02 00:00:00",WN,23,59,-10.0,-5.0,-0.99,4.01,15.96,94.0
"2025-04-02 00:00:00",DL,20,727,-20.0,-5.0,0.0,24.78,82.28,1090.0
"2025-04-02 00:00:00",DL,22,634,-20.0,-5.0,-0.99,19.89,74.45,895.0
"2025-04-02 00:00:00",UA,20,560,-22.0,-5.0,1.99,25.79,74.45,645.0
"2025-04-02 00:00:00",AA,15,951,-26.0,-2.97,4.01,40.05,100.49,976.0
"2025-04-02 00:00:00",DL,17,1212,-27.0,-5.99,0.0,30.27,94.64,1117.0
"2025-04-02 00:00:00",AA,16,1003,-19.0,-2.97,7.92,40.86,98.5,845.0
"2025-04-02 00:00:00",UA,6,904,-19.0,-8.94,-5.99,-1.99,5.99,841.0
"2025-04-02 00:00:00",WN,10,1627,-14.0,-4.01,0.0,8.94,30.88,359.0
"2025-04-02 00:00:00",AA,14,996,-15.0,-2.97,4.01,30.88,79.05,1022.0
"2025-04-02 00:00:00",WN,12,1532,-15.0,-2.97,0.99,16.95,46.07,454.0
"2025-04-02 00:00:00",WN,6,2063,-15.0,-5.0,-2.97,0.0,7.92,512.0
"2025-04-02 00:00:00",WN,7,1624,-13.0,-5.0,-2.97,0.99,15.03,381.0
"2025-04-02 00:00:00",UA,7,1345,-17.0,-7.03,-5.0,-0.99,19.89,890.0
