"2025-03-19 00:00:00",AA,0,67,-20.0,-5.99,-4.01,-0.99,10.91,65.0
"2025-03-19 00:00:00",WN,11,1597,-15.0,-4.01,-0.99,5.0,16.95,301.0
"2025-03-19 00:00:00",WN,18,1622,-16.0,-4.01,0.0,12.06,32.14,252.0
"2025-03-19 00:00:00",AA,22,712,-20.0,-5.0,-0.99,15.03,43.38,699.0
"2025-03-19 00:00:00",UA,0,44,-20.0,-5.99,-0.99,7.92,21.12,112.0
"2025-03-19 00:00:00",UA,23,295,-16.0,-7.92,-4.01,0.99,16.95,475.0
"2025-03-19 00:00:00",DL,19,1020,-23.0,-5.99,-0.99,17.99,48.91,939.0
"2025-03-19 00:00:00",UA,21,392,-20.0,-5.99,-1.99,10.91,41.68,184.0
"2025-03-19 00:00:00",WN,19,1668,-21.0,-5.0,-0.99,10.07,34.82,269.0
"2025-03-19 00:00:00",DL,12,1139,-19.0,-5.99,-2.97,5.0,25.79,531.0
"2025-03-19 00:00:00",WN,16,1607,-15.0,-4.01,0.0,8.94,26.84,283.0
"2025-03-19 00:00:00",UA,18,1007,-19.0,-5.99,-1.99,8.94,46.07,853.0
"2025-03-19 00:00:00",DL,18,1121,-24.0,-7.03,-1.99,8.94,41.68,313.0
"2025-03-19 00:00:00",AA,12,984,-18.0,-5.0,-1.99,10.91,45.15,1217.0
"2025-03-19 00:00:00",UA,12,854,-22.0,-7.03,-4.01,1.99,25.79,423.0
"2025-03-19 00:00:00",DL,7,1687,-16.0,-7.03,-4.01,0.0,10.91,778.0
"2025-03-19 00:00:00",AA,10,963,-15.0,-5.0,-1.99,5.0,30.27,621.0
"2025-03-19 00:00:00",UA,10,875,-22.0,-7.03,-4.01,0.99,19.11,399.0
"2025-03-19 00:00:00",DL,10,1089,-20.0,-7.03,-2.97,1.99,19.89,416.0
"2025-03-19 00:00:00",DL,8,1245,-17.0,-7.03,-4.01,-0.99,12.06,565.0
"2025-03-19 00:00:00",DL,9,938,-16.0,-5.99,-2.97,0.99,19.11,844.0
"2025-03-19 00:00:00",UA,8,1178,-18.0,-7.92,-5.0,-0.99,12.06,327.0
