"2025-04-02 00:00:00",AA,7,1513,-25.0,-5.99,-2.97,4.01,36.97,1686.0
"2025-04-02 00:00:00",DL,14,961,-19.0,-5.0,0.99,24.78,75.95,1135.0
"2025-04-02 00:00:00",WN,20,1672,-15.0,-2.97,8.94,36.24,77.49,311.0
"2025-04-02 00:00:00",UA,1,10,-10.0,-7.92,-7.03,-7.03,-1.99,6.0
"2025-04-02 00:00:00",WN,13,1666,-15.0,-1.99,2.97,19.89,48.91,364.0
"2025-04-02 00:00:00",UA,14,910,-18.0,-5.0,-1.99,13.87,71.53,703.0
"2025-04-02 00:00:00",UA,22,235,-15.0,-5.99,-1.99,5.99,22.88,641.0
"2025-04-02 00:00:00",DL,1,14,-17.0,-8.94,-5.0,-1.99,22.88,135.0
"2025-04-02 00:00:00",AA,23,204,-16.0,-5.99,0.0,16.95,47.0,480.0
"2025-04-02 00:00:00",AA,17,1046,-25.0,-2.97,7.03,43.38,106.71,1167.0
"2025-04-02 00:00:00",UA,19,937,-21.0,-5.0,0.0,21.12,67.36,897.0
"2025-04-02 00:00:00",AA,18,1133,-18.0,-2.97,10.07,41.68,98.5,1003.0
"2025-04-02 00:00:00",WN,15,1524,-13.0,-1.99,7.03,25.79,66.03,350.0
"2025-04-02 00:00:00",UA,15,683,-15.0,-5.0,0.0,15.96,74.45,1191.0
"2025-04-02 00:00:00",UA,5,293,-18.0,-7.92,-5.99,-4.01,0.0,188.0
"2025-04-02 00:00:00",AA,8,1333,-15.0,-5.0,-1.99,7.03,46.07,735.0
"2025-04-02 00:00:00",UA,11,867,-18.0,-5.99,-1.99,7.92,43.38,783.0
"2025-04-02 00:00:00",DL,5,469,-19.0,-8.94,-5.0,-0.99,10.07,1080.0
"2025-04-02 00:00:00",AA,13,988,-23.0,-4.01,0.99,26.84,82.28,2112.0
"2025-04-02 00:00:00",WN,8,1792,-14.0,-4.01,-1.99,4.01,19.89,284.0
"2025-04-02 00:00:00",AA,11,1112,-16.0,-5.0,0.0,19.89,67.36,586.0
"2025-04-02 00:00:00",UA,9,978,-16.0,-5.99,-2.97,4.01,32.14,482.0
