"2025-01-01 00:00:00",AA,5,708,-13.0,-7.03,-4.01,0.0,13.87,1594.0
"2025-01-01 00:00:00",AA,6,1163,-18.0,-5.99,-4.01,0.0,17.99,1418.0
"2025-01-01 00:00:00",AA,9,898,-14.0,-5.0,-1.99,5.99,32.79,786.0
"2025-01-01 00:00:00",DL,11,1300,-18.0,-5.0,-0.99,10.07,36.24,709.0
"2025-01-01 00:00:00",AA,20,813,-26.0,-2.97,1.99,25.79,70.11,768.0
"2025-01-01 00:00:00",AA,21,580,-16.0,-4.01,1.99,25.79,72.97,686.0
"2025-01-01 00:00:00",DL,13,891,-16.0,-5.0,-0.99,13.87,41.68,1051.0
"2025-01-01 00:00:00",WN,21,689,-19.0,0.0,15.03,44.26,70.11,245.0
"2025-01-01 00:00:00",DL,21,582,-18.0,-4.01,0.0,15.96,44.26,659.0
"2025-01-01 00:00:00",WN,9,1603,-13.0,-2.97,0.0,10.07,30.27,721.0
"2025-01-01 00:00:00",UA,13,853,-14.0,-4.01,2.97,24.78,64.72,369.0
"2025-01-01 00:00:00",DL,23,205,-17.0,-5.0,-0.99,10.91,40.86,191.0
"2025-01-01 00:00:00",DL,15,1098,-19.0,-4.01,0.0,19.11,57.4,1161.0
"2025-01-01 00:00:00",DL,6,1220,-20.0,-5.99,-2.97,1.99,15.96,565.0
"2025-01-01 00:00:00",AA,1,12,-18.0,-10.07,-7.03,-5.0,4.01,318.0
"2025-01-01 00:00:00",DL,16,775,-20.0,-5.0,0.0,19.11,55.15,309.0
"2025-01-01 00:00:00",UA,16,918,-14.0,-4.01,0.99,21.12,63.44,447.0
"2025-01-01 00:00:00",UA,2,7,-9.0,-7.92,0.99,0.99,0.99,18.0
"2025-01-01 00:00:00",WN,17,1449,-14.0,-0.99,10.91,32.79,64.72,491.0
"2025-01-01 00:00:00",AA,19,887,-18.0,-4.01,1.99,29.08,80.65,890.0
