"2025-03-26 00:00:00",UA,5,291,-14.0,-7.92,-5.99,-2.97,4.01,373.0
"2025-03-26 00:00:00",AA,13,989,-20.0,-5.0,-0.99,13.87,59.75,581.0
"2025-03-26 00:00:00",AA,18,1086,-15.0,-4.01,1.99,25.79,82.28,2186.0
"2025-03-26 00:00:00",AA,23,189,-15.0,-4.01,0.0,16.95,57.4,686.0
"2025-03-26 00:00:00",DL,1,14,-16.0,-10.07,-7.92,-7.03,-5.0,7.0
"2025-03-26 00:00:00",UA,1,8,-10.0,-7.03,-4.01,13.07,29.08,58.0
"2025-03-26 00:00:00",UA,19,928,-23.0,-5.0,0.0,23.81,96.55,929.0
"2025-03-26 00:00:00",UA,22,236,-13.0,-5.99,-2.97,7.92,34.13,282.0
"2025-03-26 00:00:00",WN,20,1631,-19.0,-4.01,2.97,25.79,79.05,385.0
"2025-03-26 00:00:00",WN,13,1665,-14.0,-2.97,0.99,13.07,45.15,336.0
"2025-03-26 00:00:00",UA,15,636,-16.0,-5.99,-0.99,13.87,71.53,503.0
"2025-03-26 00:00:00",AA,17,1025,-23.0,-5.0,0.99,25.79,89.13,1051.0
"2025-03-26 00:00:00",WN,15,1504,-15.0,-2.97,2.97,19.11,56.27,490.0
"2025-03-26 00:00:00",DL,14,1005,-21.0,-5.99,-0.99,12.06,66.03,1115.0
"2025-03-26 00:00:00",UA,14,871,-17.0,-5.99,-2.97,7.03,50.91,541.0
"2025-03-26 00:00:00",DL,5,474,-23.0,-8.94,-5.99,-1.99,4.01,700.0
"2025-03-26 00:00:00",UA,9,939,-17.0,-7.03,-4.01,1.99,23.81,480.0
"2025-03-26 00:00:00",UA,11,850,-19.0,-5.99,-2.97,2.97,21.98,578.0
"2025-03-26 00:00:00",AA,11,1133,-16.0,-5.0,-1.99,7.92,40.86,1374.0
"2025-03-26 00:00:00",AA,7,1514,-18.0,-7.03,-4.01,-0.99,10.91,1713.0
"2025-03-26 00:00:00",WN,8,1793,-13.0,-5.0,-1.99,1.99,13.87,294.0
"2025-03-26 00:00:00",AA,8,1345,-17.0,-5.99,-2.97,1.99,32.14,1863.0
