"2025-04-09 00:00:00",WN,13,1712,-14.0,-4.01,0.0,7.92,23.81,362.0
"2025-04-09 00:00:00",DL,14,982,-21.0,-5.99,-1.99,7.03,36.24,294.0
"2025-04-09 00:00:00",UA,14,910,-19.0,-7.03,-2.97,0.99,21.12,341.0
"2025-04-09 00:00:00",UA,15,691,-18.0,-5.99,-2.97,0.99,15.03,940.0
"2025-04-09 00:00:00",WN,15,1592,-15.0,-4.01,0.0,10.91,30.27,324.0
"2025-04-09 00:00:00",AA,17,1110,-16.0,-5.0,-0.99,13.87,51.94,423.0
"2025-04-09 00:00:00",AA,18,1165,-15.0,-4.01,0.0,19.89,59.75,2180.0
"2025-04-09 00:00:00",UA,19,947,-25.0,-7.03,-2.97,4.01,21.98,279.0
"2025-04-09 00:00:00",UA,5,293,-15.0,-7.92,-5.99,-2.97,0.99,130.0
"2025-04-09 00:00:00",WN,20,1381,-24.0,-5.0,-0.99,10.91,37.72,215.0
"2025-04-09 00:00:00",UA,22,236,-13.0,-7.03,-4.01,1.99,15.03,193.0
"2025-04-09 00:00:00",AA,23,223,-17.0,-7.92,-4.01,4.01,21.98,561.0
"2025-04-09 00:00:00",DL,1,14,-18.0,-15.96,-13.87,-13.07,-5.99,87.0
"2025-04-09 00:00:00",UA,1,10,-10.0,-7.92,-2.97,2.97,21.98,77.0
"2025-04-09 00:00:00",DL,5,480,-20.0,-8.94,-5.99,-1.99,5.99,403.0
"2025-04-09 00:00:00",AA,7,1568,-19.0,-7.03,-5.0,-0.99,8.94,1729.0
"2025-04-09 00:00:00",AA,8,1414,-14.0,-5.99,-2.97,0.0,16.95,864.0
"2025-04-09 00:00:00",WN,8,1790,-14.0,-5.0,-2.97,0.0,10.07,249.0
"2025-04-09 00:00:00",UA,9,978,-17.0,-7.03,-5.0,-0.99,7.03,356.0
"2025-04-09 00:00:00",AA,11,1145,-17.0,-5.0,-2.97,2.97,26.84,1335.0
"2025-04-09 00:00:00",UA,11,872,-21.0,-7.03,-4.01,0.0,13.87,808.0
"2025-04-09 00:00:00",AA,13,1005,-15.0,-5.0,-1.99,8.94,41.68,580.0
