"2025-03-19 00:00:00",AA,5,771,-21.0,-7.92,-5.0,-1.99,7.03,1633.0
"2025-03-19 00:00:00",DL,15,1239,-21.0,-5.0,-1.99,8.94,40.86,483.0
"2025-03-19 00:00:00",AA,19,1111,-19.0,-5.0,0.0,26.84,74.45,846.0
"2025-03-19 00:00:00",DL,21,648,-18.0,-5.0,-1.99,7.92,30.88,835.0
"2025-03-19 00:00:00",DL,23,245,-17.0,-7.03,-2.97,4.01,21.98,942.0
"2025-03-19 00:00:00",WN,21,1182,-14.0,-5.0,0.0,13.87,40.86,208.0
"2025-03-19 00:00:00",AA,20,896,-20.0,-4.01,0.0,21.98,63.44,811.0
"2025-03-19 00:00:00",AA,21,614,-17.0,-4.01,0.99,19.11,56.27,1420.0
"2025-03-19 00:00:00",DL,16,918,-25.0,-5.99,-1.99,12.06,36.97,453.0
"2025-03-19 00:00:00",WN,17,1643,-15.0,-4.01,0.0,12.06,36.97,304.0
"2025-03-19 00:00:00",UA,16,964,-19.0,-5.99,-1.99,8.94,44.26,333.0
"2025-03-19 00:00:00",AA,6,1313,-16.0,-7.03,-5.0,-1.99,5.99,873.0
"2025-03-19 00:00:00",DL,11,1436,-20.0,-5.99,-2.97,4.01,26.84,612.0
"2025-03-19 00:00:00",UA,13,950,-20.0,-5.99,-2.97,2.97,24.78,710.0
"2025-03-19 00:00:00",DL,13,1067,-20.0,-5.99,-2.97,4.01,30.27,420.0
"2025-03-19 00:00:00",DL,6,1300,-24.0,-7.92,-5.0,-0.99,4.01,561.0
"2025-03-19 00:00:00",WN,9,1513,-13.0,-4.01,-1.99,2.97,12.06,232.0
"2025-03-19 00:00:00",AA,9,913,-16.0,-5.99,-2.97,1.99,19.89,1385.0
