"2025-02-19 00:00:00",AA,0,70,-11.0,-5.99,-4.01,0.99,13.87,231.0
"2025-02-19 00:00:00",WN,11,1628,-15.0,-4.01,-0.99,5.99,23.81,244.0
"2025-02-19 00:00:00",UA,18,994,-19.0,-5.99,-2.97,5.0,27.94,786.0
"2025-02-19 00:00:00",UA,21,266,-16.0,-7.92,-4.01,2.97,21.12,142.0
"2025-02-19 00:00:00",UA,23,221,-20.0,-8.94,-5.99,-0.99,10.07,289.0
"2025-02-19 00:00:00",AA,22,551,-18.0,-5.99,-1.99,13.87,46.07,1105.0
"2025-02-19 00:00:00",WN,18,1619,-14.0,-5.0,-0.99,10.07,29.08,244.0
"2025-02-19 00:00:00",DL,19,987,-25.0,-7.03,-1.99,12.06,37.72,925.0
"2025-02-19 00:00:00",WN,19,1489,-17.0,-5.0,-0.99,13.07,34.82,231.0
"2025-02-19 00:00:00",DL,12,1221,-20.0,-5.99,-1.99,7.03,30.88,1046.0
"2025-02-19 00:00:00",WN,16,1507,-14.0,-4.01,0.0,12.06,32.14,321.0
"2025-02-19 00:00:00",DL,18,1039,-30.0,-7.03,-1.99,12.06,40.05,822.0
"2025-02-19 00:00:00",UA,0,20,-12.0,-7.92,-5.0,0.0,19.11,24.0
"2025-02-19 00:00:00",UA,12,833,-17.0,-5.99,-2.97,1.99,16.95,408.0
"2025-02-19 00:00:00",AA,12,920,-17.0,-5.0,-0.99,15.03,50.91,1200.0
"2025-02-19 00:00:00",DL,7,1596,-20.0,-5.99,-2.97,0.0,12.06,848.0
"2025-02-19 00:00:00",AA,10,960,-16.0,-5.0,-1.99,7.92,46.07,616.0
"2025-02-19 00:00:00",UA,10,866,-18.0,-5.99,-4.01,0.0,15.96,441.0
"2025-02-19 00:00:00",DL,10,1069,-23.0,-7.03,-2.97,2.97,27.94,564.0
"2025-02-19 00:00:00",DL,8,1206,-17.0,-5.99,-2.97,0.99,15.96,264.0
"2025-02-19 00:00:00",DL,9,868,-20.0,-5.99,-2.97,2.97,23.81,290.0
"2025-02-19 00:00:00",UA,8,1299,-14.0,-7.03,-4.01,-0.99,12.06,581.0
