"2025-04-16 00:00:00",AA,5,742,-19.0,-7.92,-5.99,-1.99,10.07,1895.0
"2025-04-16 00:00:00",AA,19,1071,-19.0,-5.0,-0.99,19.11,59.75,826.0
"2025-04-16 00:00:00",AA,20,927,-19.0,-4.01,0.0,15.96,46.07,1550.0
"2025-04-16 00:00:00",AA,21,601,-17.0,-5.0,-1.99,10.07,59.75,726.0
"2025-04-16 00:00:00",WN,21,981,-15.0,-4.01,1.99,24.78,63.44,278.0
"2025-04-16 00:00:00",DL,21,657,-17.0,-5.99,-2.97,2.97,23.81,874.0
"2025-04-16 00:00:00",DL,23,223,-18.0,-7.03,-2.97,5.0,24.78,545.0
"2025-04-16 00:00:00",AA,1,6,-13.0,-8.94,-7.03,-5.0,-4.01,2.0
"2025-04-16 00:00:00",DL,6,1305,-21.0,-7.92,-5.99,-1.99,5.0,932.0
"2025-04-16 00:00:00",AA,6,1329,-22.0,-7.03,-5.0,-1.99,15.96,1579.0
"2025-04-16 00:00:00",AA,9,924,-15.0,-5.99,-2.97,4.01,34.13,543.0
"2025-04-16 00:00:00",WN,9,1525,-13.0,-5.0,-1.99,2.97,16.95,310.0
"2025-04-16 00:00:00",DL,11,1471,-22.0,-7.03,-4.01,0.99,19.11,382.0
"2025-04-16 00:00:00",DL,13,1046,-20.0,-7.03,-4.01,2.97,21.98,1138.0
"2025-04-16 00:00:00",UA,13,864,-19.0,-7.03,-4.01,5.0,52.99,474.0
"2025-04-16 00:00:00",DL,15,1315,-18.0,-5.99,-2.97,4.01,25.79,482.0
"2025-04-16 00:00:00",DL,16,938,-23.0,-5.99,-2.97,5.99,26.84,272.0
"2025-04-16 00:00:00",UA,16,953,-16.0,-7.03,-2.97,10.07,77.49,580.0
"2025-04-16 00:00:00",WN,17,1673,-16.0,-4.01,1.99,19.89,57.4,445.0
"2025-04-23 00:00:00",UA,13,866,-16.0,-5.99,-1.99,7.92,30.88,1349.0
"2025-04-23 00:00:00",DL,21,661,-16.0,-5.99,-1.99,10.91,40.86,623.0
"2025-04-23 00:00:00",AA,19,1063,-20.0,-5.0,0.0,21.98,71.53,852.0
"2025-04-23 00:00:00",DL,23,224,-19.0,-7.03,-2.97,4.01,29.08,134.0
"2025-04-23 00:00:00",AA,21,599,-17.0,-4.01,-0.99,15.96,47.95,212.0
"2025-04-23 00:00:00",WN,21,981,-13.0,-2.97,7.03,29.08,66.03,241.0
"2025-04-23 00:00:00",AA,20,920,-28.0,-4.01,0.0,15.03,47.95,558.0
"2025-04-23 00:00:00",AA,1,7,-13.0,-8.94,-5.99,-5.0,-2.97,11.0
"2025-04-23 00:00:00",DL,15,1325,-19.0,-5.99,-1.99,5.0,25.79,531.0
"2025-04-23 00:00:00",UA,16,953,-20.0,-5.99,-1.99,13.87,71.53,511.0
"2025-04-23 00:00:00",WN,17,1672,-14.0,-1.99,5.99,25.79,57.4,370.0
"2025-04-23 00:00:00",DL,16,943,-17.0,-5.99,-1.99,5.99,26.84,881.0
"2025-04-23 00:00:00",AA,5,752,-20.0,-7.92,-5.0,-1.99,19.11,730.0
"2025-04-23 00:00:00",DL,13,1064,-24.0,-7.03,-2.97,4.01,23.81,1069.0
"2025-04-23 00:00:00",AA,9,924,-15.0,-5.0,-2.97,5.0,32.14,358.0
"2025-04-23 00:00:00",DL,11,1484,-23.0,-7.03,-4.01,0.99,19.11,655.0
"2025-04-23 00:00:00",WN,9,1518,-11.0,-4.01,-0.99,5.0,19.11,528.0
"2025-04-23 00:00:00",AA,6,1334,-18.0,-7.03,-5.0,-0.99,19.89,1634.0
"2025-04-23 00:00:00",DL,6,1303,-20.0,-7.92,-5.99,-1.99,1.99,1052.0
"2025-04-30 00:00:00",DL,16,129,-15.0,-5.99,-2.97,5.0,27.94,288.0
"2025-04-30 00:00:00",AA,21,77,-14.0,-4.01,0.0,24.78,100.49,515.0
"2025-04-30 00:00:00",DL,21,82,-11.0,-5.99,-2.97,5.99,39.25,200.0
"2025-04-30 00:00:00",AA,1,1,0.0,0.0,0.0,0.0,0.0,0.0
"2025-04-30 00:00:00",DL,15,183,-19.0,-5.99,-1.99,5.99,21.12,257.0
"2025-04-30 00:00:00",WN,17,239,-13.0,-0.99,7.03,30.27,111.06,305.0
"2025-04-30 00:00:00",DL,11,210,-17.0,-7.03,-5.0,0.0,12.06,584.0
"2025-04-30 00:00:00",DL,13,152,-17.0,-7.03,-4.01,0.99,21.98,375.0
"2025-04-30 00:00:00",UA,13,124,-11.0,-5.99,-2.97,7.03,32.14,488.0
"2025-04-30 00:00:00",DL,6,189,-16.0,-8.94,-5.99,-2.97,0.0,295.0
"2025-04-30 00:00:00",AA,9,111,-11.0,-5.0,-1.99,7.03,47.95,583.0
"2025-04-30 00:00:00",DL,23,27,-9.0,-5.99,-1.99,5.99,22.88,124.0
"2025-04-30 00:00:00",AA,20,115,-11.0,-2.97,5.0,21.98,80.65,264.0
"2025-04-30 00:00:00",UA,16,139,-14.0,-5.99,-0.99,10.91,71.53,1055.0
"2025-04-30 00:00:00",AA,5,102,-16.0,-8.94,-7.03,-4.01,4.01,95.0
"2025-04-30 00:00:00",AA,6,180,-17.0,-7.92,-5.99,-4.01,0.99,168.0
"2025-04-30 00:00:00",AA,19,133,-14.0,-4.01,5.99,63.44,135.65,686.0
"2025-04-30 00:00:00",WN,21,86,-10.0,0.0,16.95,40.86,92.77,270.0
"2025-04-30 00:00:00",WN,9,188,-10.0,-4.01,-1.99,1.99,10.07,216.0
