"2025-03-12 00:00:00",DL,0,40,-17.0,-8.94,-4.01,10.07,49.9,162.0
"2025-03-12 00:00:00",WN,14,1562,-15.0,-1.99,4.01,22.88,63.44,409.0
"2025-03-12 00:00:00",DL,17,1240,-20.0,-5.0,0.0,21.98,70.11,1134.0
"2025-03-12 00:00:00",DL,22,656,-19.0,-5.0,-0.99,17.99,52.99,664.0
"2025-03-12 00:00:00",WN,22,684,-13.0,0.0,15.03,40.86,85.64,250.0
"2025-03-12 00:00:00",WN,23,63,-10.0,-2.97,2.97,12.06,21.98,74.0
"2025-03-12 00:00:00",UA,17,926,-19.0,-4.01,0.0,17.99,80.65,436.0
"2025-03-12 00:00:00",UA,20,659,-23.0,-5.0,1.99,37.72,92.77,747.0
"2025-03-12 00:00:00",DL,20,751,-17.0,-5.0,0.0,29.08,77.49,1170.0
"2025-03-12 00:00:00",AA,14,963,-16.0,-5.0,0.0,19.89,68.72,1186.0
"2025-03-12 00:00:00",AA,16,964,-22.0,-4.01,0.0,24.78,79.05,1411.0
"2025-03-12 00:00:00",AA,15,963,-16.0,-4.01,0.0,25.79,70.11,1078.0
"2025-03-12 00:00:00",WN,5,1176,-14.0,-5.0,-2.97,0.0,7.03,340.0
"2025-03-12 00:00:00",WN,7,1654,-14.0,-5.0,-1.99,0.99,13.07,407.0
"2025-03-12 00:00:00",WN,12,1523,-11.0,-2.97,0.99,15.96,47.0,480.0
"2025-03-12 00:00:00",WN,10,1611,-14.0,-4.01,-0.99,7.92,30.27,470.0
"2025-03-12 00:00:00",UA,6,983,-19.0,-7.92,-5.0,-1.99,13.87,1035.0
"2025-03-12 00:00:00",UA,7,1370,-17.0,-7.03,-4.01,0.0,19.89,671.0
"2025-03-12 00:00:00",WN,6,2099,-14.0,-5.0,-2.97,0.0,5.99,379.0
