"2025-03-05 00:00:00",WN,5,1056,-12.0,-5.0,-4.01,-0.99,0.99,276.0
"2025-03-05 00:00:00",AA,14,1019,-17.0,-5.0,-0.99,13.07,45.15,646.0
"2025-03-05 00:00:00",UA,17,948,-19.0,-5.99,-1.99,5.0,27.94,374.0
"2025-03-05 00:00:00",DL,0,32,-20.0,-12.06,-10.07,-5.99,-0.99,19.0
"2025-03-05 00:00:00",WN,23,82,-15.0,-5.0,-1.99,1.99,19.11,84.0
"2025-03-05 00:00:00",WN,22,699,-15.0,-5.0,0.0,15.96,43.38,148.0
"2025-03-05 00:00:00",DL,20,686,-27.0,-5.99,-1.99,17.99,56.27,219.0
"2025-03-05 00:00:00",DL,22,644,-21.0,-7.03,-2.97,5.0,24.78,1047.0
"2025-03-05 00:00:00",UA,20,643,-18.0,-5.99,-1.99,13.07,43.38,199.0
"2025-03-05 00:00:00",AA,15,900,-21.0,-5.0,-0.99,19.11,58.56,1240.0
"2025-03-05 00:00:00",DL,17,1218,-26.0,-7.03,-2.97,7.92,36.24,1134.0
"2025-03-05 00:00:00",AA,16,1047,-20.0,-5.0,-0.99,16.95,51.94,409.0
"2025-03-05 00:00:00",UA,6,962,-19.0,-7.92,-5.99,-2.97,1.99,452.0
"2025-03-05 00:00:00",WN,10,1579,-14.0,-5.0,-0.99,5.0,19.89,384.0
"2025-03-05 00:00:00",WN,14,1592,-13.0,-2.97,0.99,13.87,36.97,361.0
"2025-03-05 00:00:00",WN,12,1508,-15.0,-4.01,-0.99,8.94,30.27,373.0
"2025-03-05 00:00:00",WN,6,1998,-14.0,-5.0,-2.97,-0.99,4.01,378.0
"2025-03-05 00:00:00",WN,7,1592,-14.0,-5.0,-2.97,-0.99,7.92,275.0
"2025-03-05 00:00:00",UA,7,1355,-22.0,-7.92,-5.0,-2.97,2.97,591.0
