"2025-02-05 00:00:00",UA,2,9,-12.0,-10.07,-7.92,-7.03,0.99,38.0
"2025-02-05 00:00:00",UA,13,903,-21.0,-5.99,-2.97,7.03,36.97,634.0
"2025-02-05 00:00:00",AA,19,798,-21.0,-5.99,-2.97,5.99,34.82,1455.0
"2025-02-05 00:00:00",WN,21,486,-15.0,-5.99,-1.99,8.94,30.27,309.0
"2025-02-05 00:00:00",AA,1,2,-2.0,-1.99,-1.99,-1.99,-1.99,6.0
"2025-02-05 00:00:00",DL,23,149,-17.0,-7.92,-4.01,5.0,15.03,82.0
"2025-02-05 00:00:00",AA,20,641,-20.0,-5.99,-2.97,5.0,30.27,517.0
"2025-02-05 00:00:00",AA,21,547,-19.0,-5.0,-1.99,4.01,30.88,797.0
"2025-02-05 00:00:00",DL,21,526,-23.0,-7.03,-2.97,4.01,27.94,911.0
"2025-02-05 00:00:00",DL,15,1162,-21.0,-5.99,-2.97,7.03,32.14,387.0
"2025-02-05 00:00:00",UA,16,840,-20.0,-5.99,-1.99,5.99,34.13,359.0
"2025-02-05 00:00:00",WN,17,1439,-15.0,-5.0,-0.99,10.91,36.97,319.0
"2025-02-05 00:00:00",DL,16,835,-21.0,-7.03,-2.97,2.97,22.88,376.0
"2025-02-05 00:00:00",AA,5,632,-17.0,-7.92,-5.99,-1.99,0.99,905.0
"2025-02-05 00:00:00",WN,9,1569,-13.0,-5.0,-1.99,0.99,13.07,267.0
"2025-02-05 00:00:00",DL,13,980,-19.0,-7.03,-2.97,5.99,26.84,632.0
"2025-02-05 00:00:00",DL,11,1258,-19.0,-5.99,-2.97,5.0,27.94,446.0
"2025-02-05 00:00:00",AA,6,1171,-16.0,-7.92,-5.0,-1.99,5.0,1675.0
"2025-02-05 00:00:00",AA,9,867,-16.0,-5.99,-4.01,0.0,17.99,1324.0
"2025-02-05 00:00:00",DL,6,1253,-23.0,-7.92,-5.0,-0.99,7.03,986.0
