"2025-01-29 00:00:00",AA,0,43,-18.0,-7.03,-4.01,-0.99,5.0,63.0
"2025-01-29 00:00:00",UA,10,806,-18.0,-7.03,-4.01,1.99,24.78,334.0
"2025-01-29 00:00:00",WN,18,1683,-15.0,-5.99,-2.97,4.01,21.98,243.0
"2025-01-29 00:00:00",UA,21,192,-18.0,-8.94,-5.99,0.0,12.06,206.0
"2025-01-29 00:00:00",UA,23,199,-16.0,-8.94,-4.01,2.97,19.89,129.0
"2025-01-29 00:00:00",AA,22,460,-20.0,-7.03,-4.01,1.99,26.84,431.0
"2025-01-29 00:00:00",UA,18,917,-23.0,-7.03,-2.97,5.0,30.88,234.0
"2025-01-29 00:00:00",WN,19,931,-15.0,-5.99,-2.97,5.0,23.81,220.0
"2025-01-29 00:00:00",DL,19,879,-25.0,-7.92,-4.01,4.01,25.79,959.0
"2025-01-29 00:00:00",WN,11,1761,-14.0,-5.0,-2.97,1.99,13.07,274.0
"2025-01-29 00:00:00",UA,12,910,-23.0,-7.03,-4.01,1.99,24.78,539.0
"2025-01-29 00:00:00",DL,18,1001,-25.0,-7.92,-4.01,5.0,27.94,1078.0
"2025-01-29 00:00:00",WN,16,1467,-15.0,-5.99,-1.99,4.01,21.98,350.0
"2025-01-29 00:00:00",AA,12,903,-16.0,-5.99,-2.97,2.97,27.94,216.0
"2025-01-29 00:00:00",DL,12,1150,-22.0,-7.92,-4.01,0.99,21.12,478.0
"2025-01-29 00:00:00",UA,0,21,-11.0,-7.03,-4.01,-0.99,4.01,58.0
"2025-01-29 00:00:00",DL,9,860,-17.0,-7.03,-4.01,0.0,13.07,635.0
"2025-01-29 00:00:00",DL,10,1032,-26.0,-7.92,-5.0,-0.99,13.87,706.0
"2025-01-29 00:00:00",AA,10,918,-17.0,-5.99,-2.97,0.99,15.96,338.0
"2025-01-29 00:00:00",DL,7,1529,-19.0,-7.03,-4.01,-0.99,8.94,998.0
"2025-01-29 00:00:00",UA,8,1225,-18.0,-7.92,-5.0,-0.99,7.92,464.0
"2025-01-29 00:00:00",DL,8,1192,-22.0,-7.03,-5.0,-0.99,13.07,675.0
