"2025-02-12 00:00:00",UA,5,200,-14.0,-7.03,-4.01,-0.99,5.99,748.0
"2025-02-12 00:00:00",AA,13,942,-13.0,-2.97,0.99,22.88,59.75,1192.0
"2025-02-12 00:00:00",AA,18,1049,-18.0,-2.97,4.01,34.82,87.37,2174.0
"2025-02-12 00:00:00",UA,22,218,-14.0,-5.0,0.0,10.91,40.86,599.0
"2025-02-12 00:00:00",DL,1,14,-14.0,-10.91,-5.0,-2.97,24.78,288.0
"2025-02-12 00:00:00",AA,23,185,-20.0,-4.01,0.0,17.99,34.82,786.0
"2025-02-12 00:00:00",UA,19,855,-19.0,-1.99,10.07,41.68,96.55,858.0
"2025-02-12 00:00:00",WN,20,1529,-14.0,-0.99,15.03,46.07,106.71,309.0
"2025-02-12 00:00:00",UA,1,7,-11.0,-7.03,7.03,7.92,43.38,46.0
"2025-02-12 00:00:00",WN,13,1556,-14.0,-1.99,5.0,26.84,63.44,547.0
"2025-02-12 00:00:00",WN,15,1620,-13.0,-0.99,10.07,34.13,85.64,670.0
"2025-02-12 00:00:00",AA,17,1049,-19.0,-2.97,5.0,34.82,87.37,2511.0
"2025-02-12 00:00:00",UA,15,591,-20.0,-4.01,4.01,30.88,102.52,387.0
"2025-02-12 00:00:00",DL,14,883,-18.0,-1.99,8.94,37.72,96.55,1196.0
"2025-02-12 00:00:00",UA,14,875,-17.0,-5.0,0.99,27.94,87.37,388.0
"2025-02-12 00:00:00",DL,5,464,-16.0,-7.03,-2.97,0.99,21.98,714.0
"2025-02-12 00:00:00",UA,9,943,-17.0,-4.01,0.0,10.07,43.38,370.0
"2025-02-12 00:00:00",UA,11,867,-15.0,-2.97,1.99,19.89,70.11,680.0
"2025-02-12 00:00:00",AA,11,1099,-13.0,-4.01,0.0,17.99,56.27,620.0
"2025-02-12 00:00:00",AA,7,1309,-19.0,-5.99,-2.97,0.99,23.81,1899.0
"2025-02-12 00:00:00",WN,8,1828,-13.0,-4.01,-0.99,7.03,29.08,433.0
"2025-02-12 00:00:00",AA,8,1331,-15.0,-5.0,-2.97,5.99,40.86,1690.0
