"2025-02-26 00:00:00",AA,5,657,-18.0,-7.92,-5.99,-2.97,2.97,1670.0
"2025-02-26 00:00:00",DL,15,1247,-18.0,-5.99,-2.97,4.01,23.81,601.0
"2025-02-26 00:00:00",AA,19,944,-18.0,-5.99,-0.99,16.95,59.75,855.0
"2025-02-26 00:00:00",DL,21,577,-20.0,-5.99,-2.97,5.0,25.79,1118.0
"2025-02-26 00:00:00",UA,2,7,-12.0,-8.94,-7.92,-7.92,77.49,82.0
"2025-02-26 00:00:00",DL,23,160,-19.0,-7.03,-4.01,0.0,8.94,102.0
"2025-02-26 00:00:00",AA,20,798,-21.0,-5.0,-0.99,15.03,49.9,532.0
"2025-02-26 00:00:00",WN,21,704,-15.0,-5.99,-1.99,7.92,22.88,222.0
"2025-02-26 00:00:00",AA,21,580,-13.0,-5.0,-1.99,8.94,47.95,754.0
"2025-02-26 00:00:00",DL,16,906,-23.0,-5.99,-2.97,4.01,29.08,397.0
"2025-02-26 00:00:00",WN,17,1559,-15.0,-4.01,0.0,10.91,34.82,290.0
"2025-02-26 00:00:00",UA,16,960,-19.0,-7.03,-2.97,1.99,21.12,802.0
"2025-02-26 00:00:00",AA,6,1249,-16.0,-7.92,-5.0,-1.99,8.94,2883.0
"2025-02-26 00:00:00",DL,11,1307,-18.0,-7.03,-4.01,0.0,10.07,540.0
"2025-02-26 00:00:00",UA,13,980,-21.0,-7.03,-4.01,0.0,13.07,529.0
"2025-02-26 00:00:00",DL,13,994,-19.0,-7.03,-4.01,0.0,19.11,458.0
"2025-02-26 00:00:00",DL,6,1267,-19.0,-8.94,-5.0,-1.99,5.0,607.0
"2025-02-26 00:00:00",WN,9,1513,-17.0,-5.0,-1.99,0.99,12.06,430.0
"2025-02-26 00:00:00",AA,9,906,-15.0,-5.99,-2.97,0.99,17.99,1439.0
