"2025-04-16 00:00:00",WN,18,1831,-17.0,-4.01,0.99,16.95,49.9,342.0
"2025-04-16 00:00:00",UA,23,244,-18.0,-7.92,-4.01,2.97,19.11,542.0
"2025-04-16 00:00:00",UA,21,375,-24.0,-5.99,-1.99,13.07,52.99,237.0
"2025-04-16 00:00:00",AA,0,58,-16.0,-7.03,-4.01,0.0,15.96,60.0
"2025-04-16 00:00:00",AA,22,752,-21.0,-5.99,-1.99,7.92,34.82,713.0
"2025-04-16 00:00:00",UA,10,891,-17.0,-7.03,-4.01,0.99,32.14,297.0
"2025-04-16 00:00:00",DL,19,1074,-25.0,-7.03,-1.99,8.94,36.24,817.0
"2025-04-16 00:00:00",DL,18,1179,-21.0,-7.03,-2.97,7.03,32.79,799.0
"2025-04-16 00:00:00",WN,19,1642,-17.0,-4.01,0.99,21.12,63.44,313.0
"2025-04-16 00:00:00",WN,16,1604,-15.0,-4.01,0.99,13.87,43.38,332.0
"2025-04-16 00:00:00",WN,11,1593,-15.0,-4.01,-0.99,7.03,25.79,518.0
"2025-04-16 00:00:00",UA,18,931,-20.0,-5.0,-0.99,15.03,71.53,943.0
"2025-04-16 00:00:00",UA,12,823,-15.0,-5.99,-2.97,4.01,44.26,1242.0
"2025-04-16 00:00:00",DL,12,1263,-26.0,-7.03,-4.01,0.99,21.12,1122.0
"2025-04-16 00:00:00",AA,12,1015,-13.0,-5.0,-1.99,8.94,36.24,1104.0
"2025-04-16 00:00:00",UA,0,53,-22.0,-7.03,-5.0,5.0,26.84,125.0
"2025-04-16 00:00:00",DL,10,1079,-23.0,-7.92,-5.0,0.0,13.87,507.0
"2025-04-16 00:00:00",DL,9,970,-24.0,-7.03,-4.01,-0.99,10.91,766.0
"2025-04-16 00:00:00",AA,10,1081,-18.0,-5.0,-1.99,10.07,44.26,573.0
"2025-04-16 00:00:00",UA,8,1119,-17.0,-7.92,-5.0,-1.99,12.06,880.0
"2025-04-16 00:00:00",DL,7,1672,-20.0,-7.03,-5.0,-0.99,5.99,819.0
"2025-04-16 00:00:00",DL,8,1342,-17.0,-7.03,-4.01,-0.99,10.07,452.0
"2025-04-23 00:00:00",WN,11,1593,-13.0,-2.97,0.0,10.07,32.79,364.0
"2025-04-23 00:00:00",UA,23,238,-14.0,-7.03,-2.97,7.92,32.79,932.0
"2025-04-23 00:00:00",DL,18,1182,-21.0,-5.99,-1.99,8.94,36.97,1021.0
"2025-04-23 00:00:00",WN,18,1829,-16.0,-2.97,4.01,23.81,58.56,243.0
"2025-04-23 00:00:00",UA,0,53,-16.0,-7.03,-4.01,7.03,29.08,133.0
"2025-04-23 00:00:00",AA,22,746,-18.0,-5.0,-1.99,10.91,37.72,1080.0
"2025-04-23 00:00:00",DL,19,1070,-25.0,-7.03,-1.99,10.07,36.24,694.0
"2025-04-23 00:00:00",WN,19,1649,-15.0,-2.97,5.99,30.27,68.72,284.0
"2025-04-23 00:00:00",UA,21,370,-15.0,-5.0,0.0,17.99,67.36,718.0
"2025-04-23 00:00:00",DL,12,1274,-18.0,-7.03,-4.01,0.99,13.87,529.0
"2025-04-23 00:00:00",UA,18,926,-20.0,-5.0,-0.99,17.99,60.95,996.0
"2025-04-23 00:00:00",AA,12,1002,-19.0,-5.0,-0.99,13.87,66.03,652.0
"2025-04-23 00:00:00",WN,16,1601,-13.0,-1.99,5.0,21.12,47.95,372.0
"2025-04-23 00:00:00",UA,12,833,-16.0,-5.99,-2.97,1.99,27.94,592.0
"2025-04-23 00:00:00",UA,8,1113,-16.0,-7.03,-5.0,-0.99,12.06,212.0
"2025-04-23 00:00:00",AA,10,1072,-17.0,-5.0,-1.99,7.92,52.99,713.0
"2025-04-23 00:00:00",AA,0,59,-12.0,-5.99,-2.97,5.0,19.89,77.0
"2025-04-23 00:00:00",DL,10,1092,-18.0,-7.03,-5.0,0.0,10.91,849.0
"2025-04-23 00:00:00",UA,10,885,-19.0,-7.03,-2.97,0.99,21.12,564.0
"2025-04-23 00:00:00",DL,9,976,-17.0,-7.03,-4.01,0.0,13.07,696.0
"2025-04-23 00:00:00",DL,7,1677,-20.0,-7.92,-5.0,-0.99,5.99,421.0
"2025-04-23 00:00:00",DL,8,1357,-15.0,-7.03,-5.0,-0.99,7.92,480.0
"2025-04-30 00:00:00",DL,12,181,-16.0,-7.03,-4.01,0.99,12.06,800.0
"2025-04-30 00:00:00",AA,12,97,-14.0,-4.01,-0.99,25.79,179.49,2595.0
"2025-04-30 00:00:00",WN,19,238,-12.0,-1.99,7.03,32.14,100.49,267.0
"2025-04-30 00:00:00",WN,18,241,-15.0,-0.99,8.94,32.79,98.5,267.0
"2025-04-30 00:00:00",WN,16,215,-9.0,-1.99,5.99,27.94,89.13,442.0
"2025-04-30 00:00:00",DL,18,169,-17.0,-5.99,-1.99,10.91,55.15,244.0
"2025-04-30 00:00:00",UA,0,7,-10.0,-7.03,-4.01,-0.99,1.99,10.0
"2025-04-30 00:00:00",UA,10,130,-17.0,-5.99,-4.01,5.99,57.4,273.0
"2025-04-30 00:00:00",AA,10,124,-12.0,-5.99,-1.99,13.07,206.46,827.0
"2025-04-30 00:00:00",DL,8,192,-19.0,-7.92,-5.0,-2.97,0.0,370.0
"2025-04-30 00:00:00",DL,7,234,-16.0,-7.92,-5.99,-2.97,4.01,198.0
"2025-04-30 00:00:00",AA,0,7,-4.0,-2.97,-0.99,0.0,0.99,3.0
"2025-04-30 00:00:00",AA,22,102,-12.0,-2.97,4.01,17.99,67.36,506.0
"2025-04-30 00:00:00",UA,23,37,-15.0,-5.99,-4.01,24.78,89.13,314.0
"2025-04-30 00:00:00",WN,11,212,-11.0,-2.97,0.99,12.06,36.97,640.0
"2025-04-30 00:00:00",UA,12,120,-13.0,-5.99,-2.97,0.99,15.03,454.0
"2025-04-30 00:00:00",DL,9,137,-14.0,-7.92,-5.0,-0.99,5.0,150.0
"2025-04-30 00:00:00",UA,8,156,-14.0,-7.92,-5.99,-2.97,5.99,351.0
"2025-04-30 00:00:00",UA,18,131,-14.0,-5.0,-0.99,7.92,47.0,373.0
"2025-04-30 00:00:00",DL,19,129,-17.0,-7.03,-1.99,5.99,30.88,212.0
"2025-04-30 00:00:00",DL,10,159,-17.0,-7.03,-5.0,-0.99,10.07,287.0
"2025-04-30 00:00:00",UA,21,54,-11.0,-5.0,1.99,29.08,94.64,500.0
