"2025-01-22 00:00:00",UA,5,166,-13.0,-7.92,-5.99,-2.97,1.99,129.0
"2025-01-22 00:00:00",WN,13,1634,-15.0,-5.0,-1.99,4.01,19.89,296.0
"2025-01-22 00:00:00",AA,18,1025,-24.0,-5.99,-2.97,7.03,40.86,940.0
"2025-01-22 00:00:00",UA,22,165,-21.0,-8.94,-5.99,-1.99,10.07,332.0
"2025-01-22 00:00:00",DL,1,14,-15.0,-8.94,-5.99,1.99,49.9,82.0
"2025-01-22 00:00:00",AA,23,152,-17.0,-7.03,-1.99,2.97,19.11,68.0
"2025-01-22 00:00:00",UA,19,685,-24.0,-7.03,-2.97,4.01,16.95,253.0
"2025-01-22 00:00:00",WN,20,1044,-15.0,-5.99,-2.97,4.01,17.99,215.0
"2025-01-22 00:00:00",UA,1,7,-15.0,-13.87,-2.97,0.99,13.87,17.0
"2025-01-22 00:00:00",AA,13,899,-15.0,-5.99,-2.97,5.99,32.14,1019.0
"2025-01-22 00:00:00",UA,15,606,-20.0,-7.92,-4.01,0.99,19.11,322.0
"2025-01-22 00:00:00",AA,17,1063,-20.0,-7.03,-2.97,5.99,36.24,874.0
"2025-01-22 00:00:00",WN,15,1546,-15.0,-5.0,-1.99,5.0,22.88,332.0
"2025-01-22 00:00:00",DL,14,873,-18.0,-5.99,-2.97,7.92,41.68,482.0
"2025-01-22 00:00:00",UA,14,785,-20.0,-7.03,-4.01,2.97,24.78,281.0
"2025-01-22 00:00:00",DL,5,452,-22.0,-8.94,-5.99,-1.99,8.94,446.0
"2025-01-22 00:00:00",UA,9,1007,-23.0,-7.03,-2.97,2.97,26.84,775.0
"2025-01-22 00:00:00",AA,11,1042,-18.0,-5.99,-2.97,1.99,23.81,1782.0
"2025-01-22 00:00:00",UA,11,795,-18.0,-5.99,-2.97,2.97,19.11,483.0
"2025-01-22 00:00:00",AA,7,1255,-17.0,-7.03,-5.0,-1.99,7.03,990.0
"2025-01-22 00:00:00",WN,8,1686,-14.0,-5.0,-2.97,0.0,7.92,271.0
"2025-01-22 00:00:00",AA,8,1303,-18.0,-5.99,-4.01,0.0,19.11,2214.0
