"2025-03-12 00:00:00",UA,5,287,-15.0,-7.92,-5.0,-0.99,7.92,195.0
"2025-03-12 00:00:00",WN,13,1661,-13.0,-2.97,1.99,17.99,52.99,637.0
"2025-03-12 00:00:00",AA,18,1128,-19.0,-4.01,1.99,29.08,72.97,2206.0
"2025-03-12 00:00:00",AA,23,200,-18.0,-5.0,-0.99,13.87,41.68,548.0
"2025-03-12 00:00:00",UA,1,8,-10.0,-5.99,5.0,22.88,40.05,56.0
"2025-03-12 00:00:00",DL,1,13,-14.0,-10.07,-5.99,-1.99,0.0,27.0
"2025-03-12 00:00:00",UA,19,896,-21.0,-5.0,1.99,26.84,64.72,950.0
"2025-03-12 00:00:00",UA,22,236,-18.0,-5.99,-1.99,15.96,66.03,214.0
"2025-03-12 00:00:00",WN,20,1637,-14.0,-1.99,7.92,36.97,85.64,434.0
"2025-03-12 00:00:00",AA,13,991,-18.0,-5.0,-0.99,15.96,68.72,1214.0
"2025-03-12 00:00:00",WN,15,1500,-14.0,-1.99,7.03,26.84,62.18,534.0
"2025-03-12 00:00:00",AA,17,1044,-16.0,-5.0,0.0,27.94,82.28,1504.0
"2025-03-12 00:00:00",UA,15,622,-24.0,-5.0,-0.99,19.89,64.72,378.0
"2025-03-12 00:00:00",DL,14,1018,-19.0,-5.0,-0.99,16.95,56.27,447.0
"2025-03-12 00:00:00",UA,14,864,-14.0,-5.0,-0.99,22.88,85.64,524.0
"2025-03-12 00:00:00",DL,5,459,-17.0,-7.92,-5.0,-0.99,7.92,531.0
"2025-03-12 00:00:00",UA,9,902,-19.0,-5.99,-2.97,1.99,29.08,571.0
"2025-03-12 00:00:00",UA,11,847,-20.0,-5.0,-1.99,10.07,47.0,473.0
"2025-03-12 00:00:00",AA,11,1116,-15.0,-5.0,-0.99,12.06,52.99,1305.0
"2025-03-12 00:00:00",AA,7,1502,-18.0,-7.03,-4.01,0.0,15.03,1417.0
"2025-03-12 00:00:00",WN,8,1782,-14.0,-4.01,-1.99,2.97,16.95,434.0
"2025-03-12 00:00:00",AA,8,1339,-17.0,-5.0,-2.97,1.99,27.94,1478.0
