"2025-01-15 00:00:00",UA,17,960,-22.0,-5.99,-1.99,5.99,29.08,368.0
"2025-01-15 00:00:00",WN,12,1400,-13.0,-4.01,-0.99,7.03,24.78,267.0
"2025-01-15 00:00:00",AA,16,950,-19.0,-5.0,-1.99,5.0,29.08,799.0
"2025-01-15 00:00:00",DL,20,488,-17.0,-5.0,0.0,21.12,64.72,677.0
"2025-01-15 00:00:00",DL,22,538,-19.0,-5.99,-1.99,5.0,47.0,1061.0
"2025-01-15 00:00:00",UA,20,512,-20.0,-5.0,-0.99,13.07,32.14,703.0
"2025-01-15 00:00:00",DL,17,1092,-30.0,-7.03,-2.97,8.94,40.05,1036.0
"2025-01-15 00:00:00",WN,22,9,-8.0,-7.03,-4.01,-1.99,0.99,57.0
"2025-01-15 00:00:00",AA,14,992,-17.0,-5.0,-1.99,5.99,34.82,496.0
"2025-01-15 00:00:00",AA,15,791,-15.0,-5.0,-1.99,7.92,34.82,555.0
"2025-01-15 00:00:00",WN,14,1531,-15.0,-4.01,0.0,8.94,27.94,317.0
"2025-01-15 00:00:00",WN,5,434,-11.0,-5.0,-2.97,0.0,5.99,274.0
"2025-01-15 00:00:00",WN,7,1344,-14.0,-5.0,-2.97,0.0,5.99,481.0
"2025-01-15 00:00:00",WN,10,1492,-18.0,-4.01,-0.99,4.01,16.95,255.0
"2025-01-15 00:00:00",DL,0,13,-28.0,-10.07,-7.92,-0.99,0.0,30.0
"2025-01-15 00:00:00",UA,6,738,-18.0,-7.92,-5.0,-0.99,7.03,602.0
"2025-01-15 00:00:00",UA,7,1089,-17.0,-7.03,-4.01,-0.99,7.03,754.0
"2025-01-15 00:00:00",WN,6,1695,-15.0,-5.0,-2.97,-0.99,4.01,291.0
