"2025-01-01 00:00:00",AA,0,98,-11.0,-5.0,-0.99,8.94,30.88,122.0
"2025-01-01 00:00:00",UA,0,56,-10.0,-4.01,0.99,13.87,40.05,125.0
"2025-01-01 00:00:00",DL,8,1129,-19.0,-5.0,-1.99,2.97,23.81,772.0
"2025-01-01 00:00:00",DL,10,945,-22.0,-5.99,-1.99,7.03,34.13,310.0
"2025-01-01 00:00:00",UA,18,959,-20.0,-2.97,4.01,25.79,71.53,1145.0
"2025-01-01 00:00:00",WN,18,1638,-14.0,-0.99,10.07,32.14,63.44,366.0
"2025-01-01 00:00:00",UA,10,754,-17.0,-4.01,0.0,13.87,47.0,301.0
"2025-01-01 00:00:00",WN,19,1370,-17.0,-1.99,10.07,34.13,67.36,326.0
"2025-01-01 00:00:00",DL,19,839,-22.0,-5.0,1.99,21.98,58.56,906.0
"2025-01-01 00:00:00",UA,8,1183,-15.0,-5.0,-1.99,7.03,39.25,640.0
"2025-01-01 00:00:00",WN,11,1577,-11.0,-1.99,1.99,13.87,46.07,351.0
"2025-01-01 00:00:00",UA,21,363,-13.0,-2.97,5.99,30.88,64.72,729.0
"2025-01-01 00:00:00",AA,22,559,-15.0,-4.01,1.99,19.89,64.72,953.0
"2025-01-01 00:00:00",DL,12,1043,-21.0,-5.0,-0.99,13.07,43.38,1113.0
"2025-01-01 00:00:00",UA,23,298,-12.0,-5.0,0.0,13.87,46.07,1124.0
"2025-01-01 00:00:00",DL,7,1489,-26.0,-5.99,-2.97,1.99,19.89,911.0
"2025-01-01 00:00:00",DL,9,842,-16.0,-5.0,-0.99,5.99,27.94,598.0
"2025-01-01 00:00:00",UA,12,781,-16.0,-4.01,-0.99,12.06,40.86,1154.0
"2025-01-01 00:00:00",AA,12,940,-15.0,-4.01,0.99,21.98,75.95,1470.0
"2025-01-01 00:00:00",AA,10,939,-26.0,-5.0,-1.99,13.87,58.56,1559.0
"2025-01-01 00:00:00",WN,16,1549,-12.0,-0.99,10.07,27.94,62.18,489.0
"2025-01-01 00:00:00",DL,18,977,-20.0,-5.0,0.0,16.95,55.15,947.0
