"2025-01-29 00:00:00",UA,17,991,-20.0,-7.03,-2.97,0.99,23.81,949.0
"2025-01-29 00:00:00",WN,12,1319,-15.0,-5.0,-1.99,1.99,15.96,184.0
"2025-01-29 00:00:00",AA,16,967,-20.0,-5.99,-2.97,2.97,21.12,1468.0
"2025-01-29 00:00:00",UA,20,559,-17.0,-5.99,-1.99,7.03,30.27,545.0
"2025-01-29 00:00:00",DL,22,599,-22.0,-7.03,-4.01,0.0,15.03,471.0
"2025-01-29 00:00:00",DL,20,558,-21.0,-7.03,-4.01,1.99,23.81,722.0
"2025-01-29 00:00:00",DL,17,1158,-22.0,-8.94,-5.0,0.99,23.81,1047.0
"2025-01-29 00:00:00",WN,22,3,-9.0,-8.94,-5.99,-5.99,-5.99,-5.0
"2025-01-29 00:00:00",AA,14,1011,-26.0,-5.99,-2.97,0.99,23.81,1165.0
"2025-01-29 00:00:00",AA,15,805,-16.0,-5.99,-2.97,4.01,34.13,397.0
"2025-01-29 00:00:00",WN,14,1553,-15.0,-5.0,-1.99,2.97,17.99,327.0
"2025-01-29 00:00:00",DL,0,7,-15.0,-10.91,-10.07,-8.94,-8.94,-7.0
"2025-01-29 00:00:00",UA,7,1145,-18.0,-7.92,-5.99,-2.97,5.99,434.0
"2025-01-29 00:00:00",WN,10,1440,-14.0,-5.0,-2.97,0.99,13.07,196.0
"2025-01-29 00:00:00",WN,7,1350,-15.0,-5.99,-4.01,-1.99,2.97,210.0
"2025-01-29 00:00:00",WN,5,296,-12.0,-5.0,-4.01,-0.99,2.97,111.0
"2025-01-29 00:00:00",WN,6,1596,-14.0,-5.99,-4.01,-1.99,0.99,293.0
"2025-01-29 00:00:00",UA,6,772,-17.0,-8.94,-5.99,-2.97,4.01,714.0
