"2025-01-22 00:00:00",DL,7,1536,-20.0,-7.03,-4.01,0.0,17.99,677.0
"2025-01-22 00:00:00",AA,12,907,-17.0,-5.99,-1.99,5.99,29.08,1489.0
"2025-01-22 00:00:00",WN,19,942,-14.0,-5.99,-2.97,5.0,22.88,259.0
"2025-01-22 00:00:00",AA,22,461,-20.0,-7.03,-4.01,4.01,24.78,472.0
"2025-01-22 00:00:00",UA,0,19,-13.0,-7.03,-1.99,4.01,16.95,43.0
"2025-01-22 00:00:00",UA,23,198,-19.0,-8.94,-5.0,-1.99,13.87,702.0
"2025-01-22 00:00:00",DL,19,942,-28.0,-7.03,-2.97,13.07,49.9,1107.0
"2025-01-22 00:00:00",UA,21,197,-21.0,-8.94,-5.0,-0.99,10.91,111.0
"2025-01-22 00:00:00",AA,0,44,-14.0,-7.03,-4.01,-0.99,5.0,242.0
"2025-01-22 00:00:00",DL,12,1138,-21.0,-5.99,-2.97,8.94,54.06,396.0
"2025-01-22 00:00:00",UA,18,909,-20.0,-7.03,-4.01,4.01,24.78,273.0
"2025-01-22 00:00:00",DL,18,1016,-29.0,-7.92,-2.97,7.92,46.07,892.0
"2025-01-22 00:00:00",WN,18,1670,-18.0,-5.99,-2.97,4.01,21.12,232.0
"2025-01-22 00:00:00",UA,12,890,-17.0,-7.03,-2.97,1.99,24.78,396.0
"2025-01-22 00:00:00",WN,16,1460,-14.0,-5.99,-1.99,5.0,25.79,341.0
"2025-01-22 00:00:00",DL,8,1162,-19.0,-5.99,-4.01,0.99,32.79,620.0
"2025-01-22 00:00:00",DL,10,1006,-25.0,-7.03,-2.97,8.94,49.9,504.0
"2025-01-22 00:00:00",WN,11,1733,-15.0,-5.0,-1.99,2.97,15.03,254.0
"2025-01-22 00:00:00",UA,10,798,-16.0,-7.03,-4.01,0.99,19.89,327.0
"2025-01-22 00:00:00",UA,8,1217,-18.0,-7.03,-5.0,-0.99,10.91,617.0
"2025-01-22 00:00:00",AA,10,918,-16.0,-5.99,-2.97,1.99,25.79,3298.0
"2025-01-22 00:00:00",DL,9,844,-16.0,-5.99,-2.97,2.97,25.79,281.0
