"2025-03-19 00:00:00",DL,0,40,-24.0,-7.92,-4.01,0.0,23.81,60.0
"2025-03-19 00:00:00",WN,14,1582,-15.0,-2.97,0.0,8.94,24.78,349.0
"2025-03-19 00:00:00",DL,17,1244,-26.0,-7.03,-1.99,10.07,43.38,1073.0
"2025-03-19 00:00:00",DL,22,678,-22.0,-5.0,-1.99,5.99,26.84,601.0
"2025-03-19 00:00:00",WN,23,63,-8.0,-2.97,0.0,5.0,13.07,68.0
"2025-03-19 00:00:00",WN,22,702,-16.0,-5.0,0.0,13.07,39.25,183.0
"2025-03-19 00:00:00",UA,17,930,-20.0,-5.0,-1.99,5.99,40.86,343.0
"2025-03-19 00:00:00",UA,20,657,-18.0,-5.0,0.0,19.11,66.03,531.0
"2025-03-19 00:00:00",DL,20,760,-25.0,-5.99,-1.99,13.07,45.15,844.0
"2025-03-19 00:00:00",AA,14,984,-14.0,-5.0,-0.99,13.87,62.18,498.0
"2025-03-19 00:00:00",AA,16,989,-24.0,-4.01,0.0,21.12,70.11,1439.0
"2025-03-19 00:00:00",AA,15,995,-20.0,-5.0,-0.99,19.89,58.56,996.0
"2025-03-19 00:00:00",WN,5,1185,-15.0,-5.0,-2.97,-0.99,1.99,282.0
"2025-03-19 00:00:00",WN,7,1662,-13.0,-5.0,-2.97,0.0,5.0,377.0
"2025-03-19 00:00:00",WN,12,1540,-14.0,-4.01,-0.99,5.99,21.12,372.0
"2025-03-19 00:00:00",WN,10,1625,-12.0,-5.0,-1.99,2.97,13.87,375.0
"2025-03-19 00:00:00",UA,6,977,-17.0,-7.92,-5.99,-2.97,2.97,608.0
"2025-03-19 00:00:00",UA,7,1371,-18.0,-7.92,-5.0,-1.99,5.99,909.0
"2025-03-19 00:00:00",WN,6,2103,-14.0,-5.0,-2.97,-0.99,1.99,351.0
