"2025-02-12 00:00:00",UA,16,938,-16.0,-2.97,4.01,30.88,113.31,904.0
"2025-02-12 00:00:00",DL,13,977,-17.0,-2.97,5.99,36.24,92.77,716.0
"2025-02-12 00:00:00",WN,17,1576,-15.0,-0.99,10.91,36.24,87.37,337.0
"2025-02-12 00:00:00",DL,21,554,-16.0,-2.97,5.99,34.13,87.37,921.0
"2025-02-12 00:00:00",DL,23,153,-12.0,-2.97,2.97,24.78,51.94,929.0
"2025-02-12 00:00:00",WN,21,814,-15.0,0.0,19.89,49.9,102.52,315.0
"2025-02-12 00:00:00",AA,19,956,-13.0,-2.97,5.99,39.25,94.64,1166.0
"2025-02-12 00:00:00",AA,21,584,-18.0,-2.97,5.0,27.94,77.49,1272.0
"2025-02-12 00:00:00",AA,20,774,-14.0,-2.97,10.07,39.25,92.77,2273.0
"2025-02-12 00:00:00",UA,13,955,-17.0,-4.01,1.99,21.12,71.53,567.0
"2025-02-12 00:00:00",DL,16,877,-17.0,-1.99,8.94,44.26,94.64,1120.0
"2025-02-12 00:00:00",DL,15,1191,-20.0,-1.99,10.07,41.68,94.64,1094.0
"2025-02-12 00:00:00",UA,2,7,-10.0,-5.99,-5.0,7.03,48.91,74.0
"2025-02-12 00:00:00",WN,9,1493,-15.0,-4.01,0.0,8.94,30.88,427.0
"2025-02-12 00:00:00",DL,11,1254,-18.0,-2.97,5.0,32.14,77.49,483.0
"2025-02-12 00:00:00",AA,9,893,-14.0,-5.0,-1.99,7.03,40.05,655.0
"2025-02-12 00:00:00",AA,5,642,-15.0,-5.99,-4.01,0.0,16.95,1500.0
"2025-02-12 00:00:00",DL,6,1257,-16.0,-5.99,-2.97,2.97,30.88,925.0
"2025-02-12 00:00:00",AA,6,1231,-15.0,-5.99,-2.97,0.0,17.99,1857.0
