"2025-01-29 00:00:00",UA,5,168,-17.0,-8.94,-5.99,-1.99,8.94,377.0
"2025-01-29 00:00:00",WN,13,1644,-15.0,-5.0,-1.99,2.97,16.95,325.0
"2025-01-29 00:00:00",AA,18,1023,-26.0,-5.99,-2.97,4.01,23.81,1126.0
"2025-01-29 00:00:00",AA,23,154,-19.0,-7.92,-4.01,0.0,7.92,126.0
"2025-01-29 00:00:00",UA,1,7,-14.0,-12.06,-7.92,-5.99,4.01,7.0
"2025-01-29 00:00:00",DL,1,14,-14.0,-10.07,-7.03,0.0,70.11,76.0
"2025-01-29 00:00:00",UA,19,683,-20.0,-7.03,-2.97,2.97,22.88,633.0
"2025-01-29 00:00:00",UA,22,166,-19.0,-7.92,-5.0,0.0,16.95,82.0
"2025-01-29 00:00:00",WN,20,1036,-15.0,-5.99,-2.97,2.97,21.12,161.0
"2025-01-29 00:00:00",AA,13,901,-16.0,-5.99,-4.01,1.99,26.84,1346.0
"2025-01-29 00:00:00",WN,15,1553,-15.0,-5.0,-1.99,4.01,19.89,349.0
"2025-01-29 00:00:00",AA,17,1069,-19.0,-7.03,-2.97,2.97,32.79,838.0
"2025-01-29 00:00:00",UA,15,610,-19.0,-7.92,-4.01,1.99,25.79,393.0
"2025-01-29 00:00:00",DL,14,882,-21.0,-7.03,-2.97,1.99,19.89,229.0
"2025-01-29 00:00:00",UA,14,802,-21.0,-7.92,-4.01,0.99,19.89,532.0
"2025-01-29 00:00:00",DL,5,465,-21.0,-8.94,-5.99,-1.99,5.0,1052.0
"2025-01-29 00:00:00",UA,9,1025,-19.0,-7.03,-4.01,0.99,15.96,401.0
"2025-01-29 00:00:00",UA,11,816,-19.0,-5.99,-2.97,1.99,16.95,447.0
"2025-01-29 00:00:00",AA,11,1042,-18.0,-5.99,-2.97,1.99,22.88,1311.0
"2025-01-29 00:00:00",AA,7,1249,-20.0,-7.92,-5.0,-1.99,5.99,1368.0
"2025-01-29 00:00:00",WN,8,1722,-14.0,-5.99,-2.97,-0.99,7.92,329.0
"2025-01-29 00:00:00",AA,8,1288,-16.0,-7.03,-4.01,-0.99,10.07,1731.0
