"2025-02-26 00:00:00",AA,0,71,-14.0,-7.92,-5.0,-1.99,5.0,85.0
"2025-02-26 00:00:00",UA,10,867,-17.0,-7.03,-4.01,-0.99,8.94,263.0
"2025-02-26 00:00:00",UA,18,990,-28.0,-7.03,-4.01,1.99,23.81,671.0
"2025-02-26 00:00:00",UA,21,268,-19.0,-7.92,-4.01,0.99,13.87,177.0
"2025-02-26 00:00:00",UA,23,223,-16.0,-8.94,-5.0,-1.99,5.99,109.0
"2025-02-26 00:00:00",AA,22,557,-13.0,-5.0,-1.99,8.94,36.24,1217.0
"2025-02-26 00:00:00",WN,18,1596,-13.0,-5.0,-0.99,8.94,32.14,280.0
"2025-02-26 00:00:00",DL,19,990,-27.0,-7.92,-2.97,4.01,25.79,261.0
"2025-02-26 00:00:00",WN,19,1460,-18.0,-5.0,-0.99,10.91,34.13,244.0
"2025-02-26 00:00:00",WN,11,1593,-14.0,-5.0,-1.99,2.97,15.96,394.0
"2025-02-26 00:00:00",UA,12,829,-15.0,-7.03,-4.01,0.0,15.03,481.0
"2025-02-26 00:00:00",DL,18,1036,-30.0,-7.03,-2.97,5.99,36.24,1021.0
"2025-02-26 00:00:00",WN,16,1494,-15.0,-4.01,0.0,10.07,32.79,356.0
"2025-02-26 00:00:00",DL,12,1212,-21.0,-7.03,-4.01,0.0,16.95,504.0
"2025-02-26 00:00:00",AA,12,920,-16.0,-5.0,-1.99,5.99,36.24,1447.0
"2025-02-26 00:00:00",UA,0,20,-14.0,-8.94,-5.99,-2.97,-1.99,2.0
"2025-02-26 00:00:00",DL,9,865,-19.0,-7.03,-4.01,-0.99,10.07,849.0
"2025-02-26 00:00:00",DL,10,1062,-21.0,-7.03,-5.0,-0.99,13.07,817.0
"2025-02-26 00:00:00",AA,10,950,-15.0,-5.99,-2.97,1.99,23.81,1299.0
"2025-02-26 00:00:00",DL,7,1596,-18.0,-7.03,-5.0,-0.99,5.99,629.0
"2025-02-26 00:00:00",UA,8,1295,-19.0,-7.92,-5.0,-1.99,5.99,1094.0
"2025-02-26 00:00:00",DL,8,1203,-26.0,-7.03,-5.0,-0.99,7.92,599.0
