"2025-01-01 00:00:00",UA,5,304,-18.0,-7.03,-4.01,0.0,10.91,777.0
"2025-01-01 00:00:00",DL,5,426,-18.0,-7.92,-4.01,0.99,13.07,358.0
"2025-01-01 00:00:00",AA,8,1216,-14.0,-5.99,-2.97,4.01,32.79,1386.0
"2025-01-01 00:00:00",UA,1,7,-16.0,-15.03,4.01,5.99,29.08,57.0
"2025-01-01 00:00:00",WN,15,1535,-12.0,-0.99,10.07,30.27,60.95,424.0
"2025-01-01 00:00:00",AA,17,968,-20.0,-5.0,0.0,24.78,72.97,762.0
"2025-01-01 00:00:00",AA,11,1035,-15.0,-4.01,-0.99,13.07,52.99,582.0
"2025-01-01 00:00:00",AA,18,1029,-22.0,-2.97,2.97,27.94,74.45,910.0
"2025-01-01 00:00:00",UA,19,713,-19.0,-2.97,5.0,27.94,67.36,914.0
"2025-01-01 00:00:00",WN,8,1576,-13.0,-4.01,-0.99,7.03,22.88,345.0
"2025-01-01 00:00:00",UA,11,810,-15.0,-4.01,0.99,22.88,63.44,450.0
"2025-01-01 00:00:00",WN,20,1501,-15.0,0.0,13.07,36.97,72.97,341.0
"2025-01-01 00:00:00",UA,22,310,-15.0,-2.97,1.99,17.99,64.72,1048.0
"2025-01-01 00:00:00",AA,13,960,-18.0,-4.01,0.0,19.11,72.97,1293.0
"2025-01-01 00:00:00",AA,23,241,-13.0,-5.0,-0.99,10.07,40.86,808.0
"2025-01-01 00:00:00",AA,7,1204,-14.0,-5.99,-2.97,0.99,25.79,1771.0
"2025-01-01 00:00:00",UA,9,861,-14.0,-4.01,0.99,15.03,56.27,438.0
"2025-01-01 00:00:00",WN,13,1527,-12.0,-1.99,5.0,21.12,52.99,403.0
"2025-01-01 00:00:00",DL,14,903,-17.0,-5.0,-0.99,15.03,48.91,1109.0
"2025-01-01 00:00:00",DL,1,14,-9.0,-5.99,-2.97,0.99,19.89,36.0
"2025-01-01 00:00:00",UA,14,828,-15.0,-4.01,0.99,23.81,89.13,604.0
"2025-01-01 00:00:00",UA,15,534,-16.0,-2.97,2.97,21.98,63.44,414.0
