"2025-03-05 00:00:00",DL,5,468,-19.0,-7.92,-5.0,-1.99,5.0,740.0
"2025-03-05 00:00:00",AA,13,995,-20.0,-5.0,-1.99,10.07,45.15,1110.0
"2025-03-05 00:00:00",AA,18,1159,-19.0,-5.0,0.0,19.89,63.44,660.0
"2025-03-05 00:00:00",AA,23,201,-22.0,-7.92,-4.01,2.97,26.84,143.0
"2025-03-05 00:00:00",DL,1,12,-12.0,-10.07,-5.99,0.0,0.0,58.0
"2025-03-05 00:00:00",UA,1,10,-21.0,-7.92,-7.03,0.99,34.13,105.0
"2025-03-05 00:00:00",UA,19,887,-21.0,-7.03,-2.97,7.03,27.94,240.0
"2025-03-05 00:00:00",UA,22,242,-17.0,-7.03,-4.01,0.99,15.96,136.0
"2025-03-05 00:00:00",WN,20,1662,-20.0,-5.0,0.0,16.95,46.07,238.0
"2025-03-05 00:00:00",WN,13,1653,-14.0,-2.97,0.0,13.07,36.24,567.0
"2025-03-05 00:00:00",WN,15,1525,-14.0,-4.01,0.99,15.96,40.05,312.0
"2025-03-05 00:00:00",AA,17,1059,-20.0,-5.0,-0.99,15.96,63.44,1715.0
"2025-03-05 00:00:00",UA,15,632,-18.0,-5.99,-2.97,5.99,26.84,305.0
"2025-03-05 00:00:00",DL,14,968,-18.0,-5.99,-1.99,7.92,36.97,538.0
"2025-03-05 00:00:00",UA,14,882,-17.0,-5.99,-4.01,2.97,22.88,1160.0
"2025-03-05 00:00:00",UA,5,269,-14.0,-7.92,-5.99,-2.97,5.99,455.0
"2025-03-05 00:00:00",UA,9,897,-18.0,-7.03,-4.01,-0.99,10.07,162.0
"2025-03-05 00:00:00",UA,11,850,-17.0,-5.99,-2.97,0.99,19.11,236.0
"2025-03-05 00:00:00",AA,11,1137,-17.0,-5.0,-1.99,7.03,26.84,1749.0
"2025-03-05 00:00:00",AA,7,1439,-20.0,-7.03,-4.01,-0.99,15.03,1596.0
"2025-03-05 00:00:00",WN,8,1729,-12.0,-5.0,-1.99,0.99,12.06,293.0
"2025-03-05 00:00:00",AA,8,1350,-15.0,-5.99,-2.97,0.99,26.84,1650.0
