"2025-01-29 00:00:00",AA,5,613,-17.0,-7.92,-5.99,-1.99,10.07,1684.0
"2025-01-29 00:00:00",DL,15,1198,-20.0,-5.99,-2.97,4.01,26.84,1091.0
"2025-01-29 00:00:00",AA,20,646,-23.0,-5.99,-2.97,4.01,30.27,210.0
"2025-01-29 00:00:00",DL,23,156,-20.0,-7.03,-2.97,4.01,17.99,897.0
"2025-01-29 00:00:00",AA,1,2,7.0,7.03,7.03,7.03,7.03,13.0
"2025-01-29 00:00:00",UA,2,7,-14.0,-8.94,-7.92,2.97,4.01,8.0
"2025-01-29 00:00:00",AA,21,536,-18.0,-5.99,-2.97,7.03,36.24,468.0
"2025-01-29 00:00:00",DL,21,533,-17.0,-7.03,-4.01,1.99,19.11,755.0
"2025-01-29 00:00:00",WN,21,224,-16.0,-5.0,-1.99,8.94,36.24,129.0
"2025-01-29 00:00:00",DL,16,852,-26.0,-7.03,-2.97,5.99,26.84,366.0
"2025-01-29 00:00:00",WN,17,1394,-15.0,-5.99,-1.99,5.0,21.12,252.0
"2025-01-29 00:00:00",AA,19,820,-23.0,-7.03,-2.97,7.03,40.05,270.0
"2025-01-29 00:00:00",UA,16,834,-18.0,-7.03,-4.01,0.99,21.98,477.0
"2025-01-29 00:00:00",AA,6,1185,-16.0,-7.92,-5.0,-1.99,5.0,939.0
"2025-01-29 00:00:00",DL,11,1271,-21.0,-7.03,-4.01,0.99,21.98,524.0
"2025-01-29 00:00:00",UA,13,898,-19.0,-7.03,-2.97,5.0,34.13,312.0
"2025-01-29 00:00:00",DL,13,984,-21.0,-7.03,-4.01,2.97,26.84,360.0
"2025-01-29 00:00:00",DL,6,1245,-26.0,-8.94,-5.99,-1.99,5.99,971.0
"2025-01-29 00:00:00",WN,9,1607,-14.0,-5.0,-2.97,0.0,7.92,333.0
"2025-01-29 00:00:00",AA,9,899,-17.0,-5.99,-4.01,0.0,15.96,1906.0
