"2025-02-26 00:00:00",DL,1,14,-11.0,-7.03,-5.0,-4.01,-1.99,2.0
"2025-02-26 00:00:00",UA,11,878,-18.0,-5.99,-4.01,0.0,10.91,287.0
"2025-02-26 00:00:00",AA,17,1038,-18.0,-5.0,-1.99,12.06,49.9,1082.0
"2025-02-26 00:00:00",UA,22,216,-16.0,-7.03,-5.0,-0.99,8.94,94.0
"2025-02-26 00:00:00",UA,1,6,-12.0,-5.99,-1.99,0.99,4.01,12.0
"2025-02-26 00:00:00",AA,23,184,-19.0,-7.92,-2.97,2.97,15.03,79.0
"2025-02-26 00:00:00",AA,18,1041,-20.0,-5.0,-0.99,13.87,54.06,1172.0
"2025-02-26 00:00:00",WN,20,1447,-17.0,-5.99,-1.99,7.92,30.88,209.0
"2025-02-26 00:00:00",UA,19,881,-28.0,-5.99,-2.97,5.0,25.79,736.0
"2025-02-26 00:00:00",AA,13,953,-15.0,-5.0,-2.97,4.01,34.13,1184.0
"2025-02-26 00:00:00",UA,14,881,-18.0,-7.03,-4.01,0.99,21.98,329.0
"2025-02-26 00:00:00",WN,15,1613,-17.0,-4.01,0.0,10.07,30.27,299.0
"2025-02-26 00:00:00",UA,15,606,-17.0,-7.03,-2.97,2.97,22.88,397.0
"2025-02-26 00:00:00",WN,13,1576,-14.0,-4.01,-0.99,5.99,24.78,325.0
"2025-02-26 00:00:00",DL,14,912,-21.0,-7.03,-4.01,0.99,21.12,658.0
"2025-02-26 00:00:00",UA,5,212,-13.0,-7.92,-5.99,-1.99,1.99,444.0
"2025-02-26 00:00:00",WN,8,1807,-14.0,-5.0,-2.97,0.0,7.03,366.0
"2025-02-26 00:00:00",AA,11,1113,-17.0,-5.0,-2.97,1.99,29.08,1332.0
"2025-02-26 00:00:00",UA,9,941,-16.0,-7.03,-4.01,0.0,15.96,1084.0
"2025-02-26 00:00:00",DL,5,473,-19.0,-8.94,-5.99,-2.97,1.99,612.0
"2025-02-26 00:00:00",AA,8,1344,-14.0,-5.99,-4.01,0.0,15.03,350.0
"2025-02-26 00:00:00",AA,7,1331,-23.0,-7.03,-5.0,-1.99,8.94,1820.0
