"2025-01-15 00:00:00",UA,2,7,-14.0,-10.07,-2.97,-2.97,-0.99,23.0
"2025-01-15 00:00:00",WN,9,1552,-15.0,-5.0,-1.99,2.97,15.03,276.0
"2025-01-15 00:00:00",AA,6,1173,-18.0,-7.03,-4.01,-0.99,7.03,1873.0
"2025-01-15 00:00:00",DL,11,1217,-19.0,-5.0,-1.99,7.92,34.13,496.0
"2025-01-15 00:00:00",AA,21,540,-17.0,-4.01,-0.99,13.87,40.05,751.0
"2025-01-15 00:00:00",WN,21,474,-16.0,-4.01,1.99,19.89,49.9,196.0
"2025-01-15 00:00:00",DL,6,1212,-21.0,-7.03,-4.01,0.0,13.07,492.0
"2025-01-15 00:00:00",DL,21,507,-23.0,-5.99,-1.99,8.94,41.68,888.0
"2025-01-15 00:00:00",DL,23,154,-16.0,-5.99,-1.99,4.01,17.99,158.0
"2025-01-15 00:00:00",AA,9,896,-14.0,-5.0,-2.97,0.99,19.11,2063.0
"2025-01-15 00:00:00",DL,15,1140,-23.0,-5.0,-0.99,12.06,49.9,1188.0
"2025-01-15 00:00:00",AA,1,2,-6.0,-5.99,-5.99,-5.99,-5.99,-5.0
"2025-01-15 00:00:00",DL,16,783,-19.0,-5.99,-0.99,13.07,46.07,1061.0
"2025-01-15 00:00:00",AA,5,618,-15.0,-7.03,-4.01,-0.99,7.03,899.0
"2025-01-15 00:00:00",UA,13,877,-19.0,-5.99,-1.99,5.0,25.79,344.0
"2025-01-15 00:00:00",UA,16,788,-18.0,-5.99,-1.99,5.0,32.14,983.0
"2025-01-15 00:00:00",WN,17,1407,-15.0,-4.01,0.0,13.07,39.25,385.0
"2025-01-15 00:00:00",DL,13,945,-23.0,-5.99,-2.97,5.99,36.24,412.0
"2025-01-15 00:00:00",AA,19,784,-15.0,-5.0,-0.99,10.07,46.07,1613.0
"2025-01-15 00:00:00",AA,20,615,-28.0,-5.0,-0.99,15.03,40.86,972.0
