"2025-03-26 00:00:00",DL,0,40,-12.0,-8.94,-5.0,-0.99,4.01,36.0
"2025-03-26 00:00:00",AA,14,983,-18.0,-4.01,0.0,17.99,67.36,1136.0
"2025-03-26 00:00:00",DL,17,1222,-29.0,-5.99,-0.99,16.95,64.72,922.0
"2025-03-26 00:00:00",DL,22,661,-16.0,-5.0,-0.99,16.95,72.97,756.0
"2025-03-26 00:00:00",WN,23,60,-9.0,-2.97,1.99,7.92,17.99,78.0
"2025-03-26 00:00:00",WN,22,684,-17.0,-2.97,5.0,44.26,115.6,244.0
"2025-03-26 00:00:00",UA,17,921,-14.0,-5.0,0.99,19.11,87.37,428.0
"2025-03-26 00:00:00",UA,20,610,-17.0,-5.0,0.99,21.12,80.65,897.0
"2025-03-26 00:00:00",DL,20,741,-25.0,-5.0,0.0,30.88,98.5,620.0
"2025-03-26 00:00:00",WN,14,1563,-16.0,-2.97,1.99,15.96,49.9,647.0
"2025-03-26 00:00:00",AA,16,972,-20.0,-4.01,0.99,23.81,68.72,1789.0
"2025-03-26 00:00:00",AA,15,973,-20.0,-5.0,0.99,21.98,66.03,1085.0
"2025-03-26 00:00:00",WN,5,1178,-14.0,-5.0,-2.97,-0.99,4.01,294.0
"2025-03-26 00:00:00",WN,7,1662,-14.0,-5.0,-2.97,0.0,7.03,399.0
"2025-03-26 00:00:00",WN,12,1529,-15.0,-4.01,0.0,10.07,34.13,449.0
"2025-03-26 00:00:00",WN,10,1621,-15.0,-5.0,-1.99,4.01,21.12,414.0
"2025-03-26 00:00:00",UA,6,956,-18.0,-8.94,-5.99,-1.99,5.99,630.0
"2025-03-26 00:00:00",UA,7,1346,-15.0,-7.92,-5.0,-1.99,8.94,881.0
"2025-03-26 00:00:00",WN,6,2099,-13.0,-5.0,-4.01,-0.99,5.0,304.0
