"2025-02-05 00:00:00",WN,5,440,-11.0,-5.0,-2.97,0.0,5.0,321.0
"2025-02-05 00:00:00",AA,14,1015,-21.0,-5.99,-2.97,5.0,27.94,1143.0
"2025-02-05 00:00:00",UA,17,993,-18.0,-7.03,-2.97,5.99,40.05,789.0
"2025-02-05 00:00:00",DL,22,575,-17.0,-7.03,-2.97,0.99,13.87,790.0
"2025-02-05 00:00:00",WN,22,8,-9.0,-7.92,-5.0,-5.0,-4.01,21.0
"2025-02-05 00:00:00",DL,0,7,-20.0,-13.07,-8.94,-5.99,-5.99,-4.0
"2025-02-05 00:00:00",DL,20,534,-23.0,-7.03,-2.97,5.99,40.05,954.0
"2025-02-05 00:00:00",UA,20,562,-41.0,-5.99,-1.99,10.91,40.05,1144.0
"2025-02-05 00:00:00",AA,15,806,-16.0,-5.99,-2.97,4.01,30.27,469.0
"2025-02-05 00:00:00",DL,17,1143,-20.0,-7.92,-4.01,4.01,30.88,1092.0
"2025-02-05 00:00:00",AA,16,970,-25.0,-5.99,-2.97,4.01,30.88,489.0
"2025-02-05 00:00:00",UA,6,777,-18.0,-7.92,-5.99,-1.99,7.03,462.0
"2025-02-05 00:00:00",WN,10,1518,-14.0,-5.0,-1.99,2.97,15.96,181.0
"2025-02-05 00:00:00",WN,14,1565,-15.0,-5.0,-0.99,7.92,25.79,268.0
"2025-02-05 00:00:00",WN,12,1412,-15.0,-5.0,-1.99,5.0,19.11,234.0
"2025-02-05 00:00:00",WN,6,1753,-14.0,-5.99,-4.01,-1.99,2.97,364.0
"2025-02-05 00:00:00",WN,7,1406,-14.0,-5.99,-4.01,-0.99,4.01,359.0
"2025-02-05 00:00:00",UA,7,1133,-19.0,-7.92,-5.0,-1.99,5.99,484.0
