"2025-04-02 00:00:00",DL,7,1691,-21.0,-7.03,-4.01,0.99,23.81,1040.0
"2025-04-02 00:00:00",DL,12,1126,-19.0,-5.0,-0.99,15.96,56.27,677.0
"2025-04-02 00:00:00",DL,19,1019,-28.0,-5.0,4.01,45.15,108.86,907.0
"2025-04-02 00:00:00",UA,23,243,-19.0,-7.92,-4.01,1.99,21.98,103.0
"2025-04-02 00:00:00",WN,11,1585,-15.0,-2.97,0.99,13.07,40.86,471.0
"2025-04-02 00:00:00",UA,12,829,-15.0,-5.99,-2.97,5.99,37.72,722.0
"2025-04-02 00:00:00",WN,19,1641,-18.0,-4.01,4.01,32.79,80.65,354.0
"2025-04-02 00:00:00",AA,22,712,-19.0,-4.01,5.0,30.88,77.49,1427.0
"2025-04-02 00:00:00",UA,21,368,-18.0,-7.03,-2.97,10.91,54.06,190.0
"2025-04-02 00:00:00",DL,18,1091,-22.0,-5.0,4.01,36.97,89.13,438.0
"2025-04-02 00:00:00",UA,18,923,-20.0,-5.99,0.0,22.88,74.45,1093.0
"2025-04-02 00:00:00",WN,18,1664,-14.0,-2.97,7.03,32.14,77.49,390.0
"2025-04-02 00:00:00",AA,12,986,-20.0,-4.01,0.99,29.08,82.28,1242.0
"2025-04-02 00:00:00",WN,16,1609,-15.0,-1.99,5.99,30.88,75.95,325.0
"2025-04-02 00:00:00",UA,0,53,-14.0,-7.92,-4.01,-0.99,4.01,60.0
"2025-04-02 00:00:00",DL,8,1220,-20.0,-5.99,-4.01,0.99,17.99,653.0
"2025-04-02 00:00:00",DL,10,1052,-20.0,-5.99,-2.97,10.07,45.15,418.0
"2025-04-02 00:00:00",AA,0,58,-14.0,-7.03,-4.01,4.01,21.98,168.0
"2025-04-02 00:00:00",UA,10,885,-16.0,-5.99,-2.97,2.97,32.14,426.0
"2025-04-02 00:00:00",UA,8,1120,-18.0,-7.03,-4.01,-0.99,15.96,992.0
"2025-04-02 00:00:00",AA,10,1003,-21.0,-5.0,0.0,19.11,64.72,1326.0
"2025-04-02 00:00:00",DL,9,930,-16.0,-5.99,-1.99,5.99,32.79,813.0
