"2025-03-05 00:00:00",AA,0,82,-19.0,-7.92,-5.99,-2.97,0.0,468.0
"2025-03-05 00:00:00",UA,10,873,-23.0,-7.03,-4.01,0.0,19.11,291.0
"2025-03-05 00:00:00",WN,18,1649,-15.0,-4.01,0.99,16.95,44.26,241.0
"2025-03-05 00:00:00",UA,21,374,-19.0,-7.03,-4.01,5.99,32.79,285.0
"2025-03-05 00:00:00",UA,23,271,-24.0,-10.07,-7.03,-2.97,5.0,435.0
"2025-03-05 00:00:00",AA,22,679,-18.0,-5.99,-1.99,12.06,43.38,641.0
"2025-03-05 00:00:00",DL,18,1061,-32.0,-7.03,-1.99,13.87,48.91,790.0
"2025-03-05 00:00:00",DL,19,1010,-30.0,-7.03,-0.99,21.12,63.44,767.0
"2025-03-05 00:00:00",WN,19,1534,-20.0,-5.0,-0.99,15.03,39.25,285.0
"2025-03-05 00:00:00",WN,11,1608,-15.0,-4.01,-0.99,7.03,26.84,296.0
"2025-03-05 00:00:00",UA,12,861,-17.0,-7.03,-4.01,0.99,17.99,283.0
"2025-03-05 00:00:00",UA,18,1009,-21.0,-5.99,-2.97,7.03,39.25,292.0
"2025-03-05 00:00:00",WN,16,1562,-13.0,-4.01,0.99,16.95,45.15,303.0
"2025-03-05 00:00:00",AA,12,976,-17.0,-5.0,-0.99,10.91,47.0,561.0
"2025-03-05 00:00:00",DL,12,1183,-18.0,-7.03,-2.97,5.99,30.88,327.0
"2025-03-05 00:00:00",UA,0,49,-15.0,-7.92,-5.0,0.0,12.06,103.0
"2025-03-05 00:00:00",DL,9,889,-22.0,-5.99,-2.97,0.0,17.99,324.0
"2025-03-05 00:00:00",DL,10,1076,-20.0,-7.03,-4.01,2.97,22.88,278.0
"2025-03-05 00:00:00",AA,10,943,-13.0,-5.0,-1.99,5.0,27.94,645.0
"2025-03-05 00:00:00",DL,7,1629,-21.0,-7.03,-4.01,-0.99,10.07,656.0
"2025-03-05 00:00:00",UA,8,1209,-16.0,-7.92,-5.0,-1.99,7.92,254.0
"2025-03-05 00:00:00",DL,8,1223,-18.0,-7.03,-4.01,0.0,15.03,784.0
