2025-01-01 00:00:00,UA,1,136,-21.0,-7.03,-1.99,12.06,45.15,694.0
2025-01-01 00:00:00,AA,23,3226,-22.0,-5.99,-1.99,7.03,32.14,1041.0
2025-01-01 00:00:00,UA,22,3735,-35.0,-7.03,-2.97,5.0,25.79,1048.0
2025-01-01 00:00:00,WN,20,23611,-24.0,-5.0,0.99,19.89,54.06,434.0
2025-01-01 00:00:00,UA,19,14247,-28.0,-5.99,-0.99,13.87,54.06,950.0
2025-01-01 00:00:00,AA,18,18463,-34.0,-5.0,0.0,19.11,63.44,2331.0
2025-01-01 00:00:00,AA,17,18010,-25.0,-5.0,-0.99,17.99,62.18,2511.0
2025-01-01 00:00:00,WN,15,26638,-17.0,-4.01,0.99,15.96,43.38,670.0
2025-01-01 00:00:00,UA,15,10703,-26.0,-5.99,-1.99,8.94,47.0,1191.0
2025-01-01 00:00:00,UA,14,14590,-21.0,-5.99,-2.97,7.03,47.0,1160.0
2025-01-01 00:00:00,DL,14,16015,-25.0,-5.99,-1.99,10.07,44.26,1196.0
2025-01-01 00:00:00,AA,13,16378,-23.0,-5.0,-1.99,10.91,49.9,2112.0
2025-01-01 00:00:00,WN,13,28123,-19.0,-4.01,0.0,10.91,34.82,637.0
2025-01-01 00:00:00,UA,11,14423,-22.0,-5.99,-2.97,5.0,30.88,808.0
2025-01-01 00:00:00,AA,11,18697,-18.0,-5.0,-1.99,7.92,40.05,2127.0
2025-01-01 00:00:00,UA,9,16405,-23.0,-5.99,-2.97,2.97,23.81,1084.0
2025-01-01 00:00:00,WN,8,30158,-15.0,-5.0,-1.99,0.99,13.07,533.0
2025-01-01 00:00:00,AA,8,22767,-19.0,-5.99,-2.97,0.99,24.78,3288.0
2025-01-01 00:00:00,AA,7,23708,-25.0,-7.03,-4.01,-0.99,15.96,2466.0
2025-01-01 00:00:00,UA,5,4104,-19.0,-7.92,-5.99,-1.99,5.0,777.0
2025-01-01 00:00:00,DL,5,8016,-23.0,-7.92,-5.0,-0.99,7.92,1142.0
2025-01-01 00:00:00,DL,1,237,-26.0,-10.07,-7.03,-0.99,23.81,288.0
