"2025-02-24 00:00:00",UA,1,1,-10.0,-10.0,-10.0,-10.0,-10.0,-10.0
"2025-02-24 00:00:00",DL,1,2,-9.0,-8.94,-8.94,-8.94,-8.94,-6.0
"2025-02-24 00:00:00",AA,23,27,-13.0,-8.94,-5.0,-0.99,1.99,12.0
"2025-02-24 00:00:00",UA,11,126,-13.0,-7.03,-2.97,0.0,8.94,77.0
"2025-02-24 00:00:00",UA,22,33,-19.0,-7.92,-5.0,0.0,16.95,37.0
"2025-02-24 00:00:00",WN,20,180,-14.0,-7.03,-4.01,2.97,17.99,91.0
"2025-02-24 00:00:00",AA,7,209,-14.0,-5.99,-4.01,0.0,15.96,503.0
"2025-02-24 00:00:00",DL,5,69,-15.0,-7.92,-5.0,-0.99,5.99,256.0
"2025-02-24 00:00:00",UA,5,31,-13.0,-7.92,-5.0,-4.01,-1.99,170.0
"2025-02-24 00:00:00",UA,15,89,-15.0,-7.03,-4.01,1.99,24.78,380.0
"2025-02-24 00:00:00",AA,18,151,-12.0,-5.0,-1.99,7.03,49.9,305.0
"2025-02-24 00:00:00",WN,8,270,-14.0,-5.0,-1.99,0.0,7.92,74.0
"2025-02-24 00:00:00",UA,9,138,-14.0,-7.03,-2.97,0.0,15.96,167.0
"2025-02-24 00:00:00",UA,14,129,-14.0,-5.99,-4.01,0.0,10.07,209.0
"2025-02-24 00:00:00",AA,13,142,-13.0,-4.01,-0.99,8.94,36.24,192.0
"2025-02-24 00:00:00",WN,13,243,-10.0,-5.0,-0.99,5.0,19.89,232.0
"2025-02-24 00:00:00",DL,14,137,-15.0,-5.0,-1.99,8.94,24.78,522.0
"2025-02-24 00:00:00",WN,15,228,-11.0,-4.01,-0.99,8.94,26.84,233.0
"2025-02-24 00:00:00",AA,17,157,-14.0,-5.0,-1.99,7.92,24.78,358.0
"2025-02-24 00:00:00",UA,19,132,-18.0,-7.03,-4.01,0.99,10.07,80.0
"2025-02-24 00:00:00",AA,11,167,-11.0,-5.0,-1.99,7.03,21.12,186.0
"2025-02-24 00:00:00",AA,8,198,-11.0,-5.99,-2.97,-0.99,17.99,212.0
"2025-02-25 00:00:00",AA,17,142,-16.0,-7.03,-4.01,4.01,25.79,207.0
"2025-02-25 00:00:00",DL,1,2,-8.0,-7.92,-7.92,-7.92,-7.92,-7.0
"2025-02-25 00:00:00",UA,15,86,-17.0,-8.94,-5.0,0.0,13.07,283.0
"2025-02-25 00:00:00",AA,18,147,-19.0,-5.99,-2.97,1.99,40.86,2331.0
"2025-02-25 00:00:00",AA,13,139,-12.0,-5.99,-2.97,1.99,15.03,197.0
"2025-02-25 00:00:00",WN,20,167,-12.0,-5.99,-4.01,-0.99,7.92,48.0
"2025-02-25 00:00:00",WN,15,231,-13.0,-5.99,-2.97,0.0,21.12,101.0
"2025-02-25 00:00:00",WN,13,238,-14.0,-5.99,-4.01,0.0,10.07,98.0
"2025-02-25 00:00:00",UA,14,121,-13.0,-7.92,-5.0,-1.99,7.92,239.0
"2025-02-25 00:00:00",DL,14,121,-25.0,-7.03,-5.0,-0.99,7.03,44.0
"2025-02-25 00:00:00",AA,23,20,-15.0,-10.07,-7.03,-0.99,7.03,85.0
"2025-02-25 00:00:00",UA,11,128,-13.0,-7.03,-4.01,-0.99,5.0,309.0
"2025-02-25 00:00:00",UA,5,28,-12.0,-8.94,-5.99,-4.01,13.07,27.0
"2025-02-25 00:00:00",UA,19,117,-14.0,-7.03,-2.97,0.0,15.96,136.0
"2025-02-25 00:00:00",UA,1,1,3.0,3.0,3.0,3.0,3.0,3.0
"2025-02-25 00:00:00",UA,22,25,-17.0,-10.07,-7.03,-4.01,-2.97,0.0
"2025-02-25 00:00:00",DL,5,69,-18.0,-10.91,-7.92,-4.01,-0.99,98.0
"2025-02-25 00:00:00",UA,9,133,-17.0,-7.92,-5.99,-1.99,5.0,232.0
"2025-02-25 00:00:00",AA,11,161,-15.0,-5.99,-4.01,-0.99,7.03,204.0
"2025-02-25 00:00:00",AA,7,172,-19.0,-7.92,-5.99,-2.97,2.97,1380.0
"2025-02-25 00:00:00",WN,8,246,-12.0,-5.99,-4.01,-0.99,1.99,112.0
"2025-02-25 00:00:00",AA,8,198,-13.0,-7.92,-5.0,-1.99,5.0,605.0
"2025-02-26 00:00:00",UA,15,91,-14.0,-7.03,-4.01,0.0,22.88,120.0
"2025-02-26 00:00:00",DL,1,2,-10.0,-10.0,-10.0,-10.0,-10.0,2.0
"2025-02-26 00:00:00",UA,19,125,-16.0,-7.03,-4.01,0.0,10.07,165.0
"2025-02-26 00:00:00",WN,15,231,-13.0,-5.0,-2.97,2.97,13.07,88.0
"2025-02-26 00:00:00",AA,18,155,-12.0,-5.99,-2.97,0.0,5.99,86.0
"2025-02-26 00:00:00",AA,17,151,-14.0,-5.0,-2.97,1.99,22.88,1082.0
"2025-02-26 00:00:00",AA,8,194,-14.0,-7.03,-4.01,-0.99,10.07,225.0
"2025-02-26 00:00:00",WN,20,167,-13.0,-7.03,-4.01,0.0,8.94,107.0
"2025-02-26 00:00:00",DL,14,121,-20.0,-5.99,-4.01,-0.99,7.03,152.0
"2025-02-26 00:00:00",UA,9,138,-14.0,-7.03,-4.01,0.0,16.95,349.0
"2025-02-26 00:00:00",UA,14,123,-18.0,-7.92,-5.0,-0.99,10.07,156.0
"2025-02-26 00:00:00",AA,11,160,-15.0,-5.99,-2.97,0.99,15.96,152.0
"2025-02-26 00:00:00",WN,13,241,-13.0,-5.99,-1.99,1.99,16.95,119.0
"2025-02-26 00:00:00",UA,11,128,-18.0,-7.03,-4.01,-0.99,5.0,170.0
"2025-02-26 00:00:00",AA,13,141,-15.0,-5.0,-2.97,0.99,12.06,541.0
"2025-02-26 00:00:00",DL,5,69,-19.0,-8.94,-7.03,-4.01,-0.99,612.0
"2025-02-26 00:00:00",UA,5,27,-12.0,-8.94,-7.03,-1.99,-1.99,0.0
"2025-02-26 00:00:00",AA,7,174,-23.0,-7.92,-5.99,-2.97,0.0,177.0
"2025-02-26 00:00:00",UA,22,29,-13.0,-8.94,-5.99,-0.99,7.92,72.0
"2025-02-26 00:00:00",AA,23,24,-14.0,-7.92,-4.01,1.99,5.0,34.0
"2025-02-26 00:00:00",WN,8,246,-12.0,-5.0,-4.01,-0.99,2.97,218.0
"2025-02-26 00:00:00",UA,1,1,12.0,12.0,12.0,12.0,12.0,12.0
"2025-02-27 00:00:00",DL,1,2,-4.0,-4.0,-4.0,-4.0,-4.0,-2.0
"2025-02-27 00:00:00",UA,1,1,4.0,4.0,4.0,4.0,4.0,4.0
"2025-02-27 00:00:00",UA,5,31,-12.0,-8.94,-7.03,-4.01,7.03,39.0
"2025-02-27 00:00:00",DL,5,69,-13.0,-7.92,-5.99,-1.99,5.99,55.0
"2025-02-27 00:00:00",AA,7,208,-14.0,-7.03,-5.0,-1.99,0.99,557.0
"2025-02-27 00:00:00",AA,8,195,-13.0,-5.99,-4.01,-1.99,5.99,308.0
"2025-02-27 00:00:00",WN,8,272,-14.0,-5.0,-2.97,0.0,7.03,121.0
"2025-02-27 00:00:00",UA,9,140,-12.0,-5.99,-4.01,0.0,13.87,1084.0
"2025-02-27 00:00:00",AA,11,167,-13.0,-4.01,-0.99,10.07,55.15,402.0
"2025-02-27 00:00:00",WN,20,262,-13.0,-5.0,-0.99,12.06,32.14,209.0
"2025-02-27 00:00:00",UA,11,128,-17.0,-7.03,-4.01,0.0,13.07,122.0
"2025-02-27 00:00:00",AA,13,143,-12.0,-4.01,-0.99,13.87,67.36,1083.0
"2025-02-27 00:00:00",WN,13,224,-10.0,-4.01,0.0,10.91,34.13,127.0
"2025-02-27 00:00:00",DL,14,139,-17.0,-7.03,-4.01,2.97,30.27,117.0
"2025-02-27 00:00:00",UA,14,129,-14.0,-5.99,-2.97,2.97,24.78,147.0
"2025-02-27 00:00:00",UA,15,90,-13.0,-5.99,-1.99,1.99,22.88,70.0
"2025-02-27 00:00:00",WN,15,238,-11.0,-4.01,0.0,12.06,36.97,226.0
"2025-02-27 00:00:00",AA,17,164,-9.0,-4.01,0.0,19.11,46.07,232.0
"2025-02-27 00:00:00",AA,18,163,-15.0,-1.99,4.01,25.79,55.15,1172.0
"2025-02-27 00:00:00",UA,19,134,-28.0,-7.03,-2.97,0.0,17.99,200.0
"2025-02-27 00:00:00",UA,22,33,-14.0,-5.99,-4.01,0.0,8.94,63.0
"2025-02-27 00:00:00",AA,23,31,-10.0,-4.01,-0.99,7.03,25.79,59.0
"2025-02-28 00:00:00",AA,17,162,-12.0,-5.0,-2.97,10.91,45.15,273.0
"2025-02-28 00:00:00",AA,7,208,-13.0,-5.99,-4.01,-0.99,10.07,1820.0
"2025-02-28 00:00:00",UA,5,31,-11.0,-7.03,-5.99,-0.99,1.99,8.0
"2025-02-28 00:00:00",DL,1,2,-7.0,-7.0,-7.0,-7.0,-7.0,-4.0
"2025-02-28 00:00:00",AA,18,163,-16.0,-5.0,-0.99,8.94,56.27,367.0
"2025-02-28 00:00:00",UA,14,132,-12.0,-7.03,-5.0,0.0,10.91,148.0
"2025-02-28 00:00:00",WN,15,238,-15.0,-5.0,-1.99,5.99,21.12,245.0
"2025-02-28 00:00:00",UA,15,89,-17.0,-5.0,-2.97,2.97,15.96,124.0
"2025-02-28 00:00:00",WN,13,224,-10.0,-4.01,-0.99,4.01,13.87,146.0
"2025-02-28 00:00:00",AA,13,142,-13.0,-5.0,-2.97,4.01,19.89,298.0
"2025-02-28 00:00:00",DL,14,139,-19.0,-5.99,-2.97,1.99,21.12,150.0
"2025-02-28 00:00:00",AA,11,165,-10.0,-4.01,-2.97,1.99,30.27,1332.0
"2025-02-28 00:00:00",AA,8,199,-14.0,-5.99,-4.01,-0.99,8.94,350.0
"2025-02-28 00:00:00",UA,11,129,-13.0,-5.99,-4.01,-0.99,2.97,287.0
"2025-02-28 00:00:00",UA,9,134,-11.0,-5.99,-4.01,-0.99,10.91,116.0
"2025-02-28 00:00:00",WN,8,272,-10.0,-4.01,-1.99,0.0,5.99,244.0
"2025-02-28 00:00:00",UA,1,1,-12.0,-12.0,-12.0,-12.0,-12.0,-12.0
"2025-02-28 00:00:00",DL,5,69,-14.0,-7.92,-5.99,-2.97,0.0,75.0
"2025-02-28 00:00:00",UA,19,135,-17.0,-7.03,-2.97,2.97,13.87,112.0
"2025-02-28 00:00:00",WN,20,264,-15.0,-5.99,-4.01,1.99,19.11,141.0
"2025-02-28 00:00:00",UA,22,33,-14.0,-7.03,-4.01,-0.99,5.99,94.0
"2025-02-28 00:00:00",AA,23,30,-13.0,-5.99,-1.99,2.97,15.03,65.0
"2025-03-01 00:00:00",WN,20,149,-17.0,-7.03,-2.97,2.97,16.95,88.0
"2025-03-01 00:00:00",AA,23,21,-10.0,-5.99,-2.97,5.0,22.88,38.0
"2025-03-01 00:00:00",UA,19,107,-12.0,-4.01,-0.99,4.01,21.12,167.0
"2025-03-01 00:00:00",UA,1,1,-2.0,-2.0,-2.0,-2.0,-2.0,-2.0
"2025-03-01 00:00:00",AA,13,117,-13.0,-5.0,-2.97,0.99,30.27,185.0
"2025-03-01 00:00:00",WN,15,218,-13.0,-4.01,0.0,10.07,22.88,116.0
"2025-03-01 00:00:00",DL,1,2,-6.0,-5.99,-5.99,-5.99,-5.99,-5.0
"2025-03-01 00:00:00",UA,5,35,-12.0,-8.94,-5.99,-0.99,7.03,46.0
"2025-03-01 00:00:00",UA,22,31,-11.0,-5.0,-1.99,2.97,10.91,25.0
"2025-03-01 00:00:00",DL,5,59,-17.0,-8.94,-5.99,-2.97,1.99,369.0
"2025-03-01 00:00:00",AA,7,169,-15.0,-7.03,-4.01,-1.99,4.01,190.0
"2025-03-01 00:00:00",AA,8,179,-12.0,-5.99,-4.01,-0.99,7.03,138.0
"2025-03-01 00:00:00",WN,8,239,-14.0,-5.0,-2.97,0.0,5.99,135.0
"2025-03-01 00:00:00",UA,9,124,-13.0,-5.99,-2.97,0.0,7.92,279.0
"2025-03-01 00:00:00",AA,11,144,-14.0,-5.99,-4.01,0.0,7.03,60.0
"2025-03-01 00:00:00",UA,11,112,-17.0,-5.0,-2.97,1.99,21.12,212.0
"2025-03-01 00:00:00",WN,13,198,-12.0,-5.0,-1.99,4.01,16.95,141.0
"2025-03-01 00:00:00",DL,14,119,-21.0,-5.99,-2.97,2.97,17.99,432.0
"2025-03-01 00:00:00",UA,14,120,-14.0,-5.99,-0.99,5.99,36.97,329.0
"2025-03-01 00:00:00",UA,15,76,-11.0,-5.0,0.0,7.92,36.24,351.0
"2025-03-01 00:00:00",AA,17,135,-14.0,-5.99,-2.97,5.99,32.14,315.0
"2025-03-01 00:00:00",AA,18,133,-17.0,-5.99,-0.99,10.91,39.25,344.0
