"2025-03-02 00:00:00",AA,0,9,-10.0,-5.0,-4.01,-1.99,1.99,22.0
"2025-03-02 00:00:00",DL,7,234,-15.0,-7.92,-5.0,-1.99,7.92,166.0
"2025-03-02 00:00:00",UA,0,4,-6.0,-5.99,-5.99,-4.01,-4.01,2.0
"2025-03-02 00:00:00",UA,8,180,-14.0,-7.03,-4.01,0.0,12.06,119.0
"2025-03-02 00:00:00",AA,10,143,-15.0,-5.99,-4.01,-0.99,13.87,104.0
"2025-03-02 00:00:00",DL,9,127,-18.0,-7.03,-4.01,-0.99,7.03,181.0
"2025-03-02 00:00:00",AA,22,99,-11.0,-5.0,0.0,26.84,56.27,179.0
"2025-03-02 00:00:00",UA,23,36,-16.0,-8.94,-5.0,-1.99,7.92,39.0
"2025-03-02 00:00:00",WN,19,239,-11.0,-2.97,1.99,15.03,32.14,128.0
"2025-03-02 00:00:00",DL,19,169,-18.0,-7.03,-1.99,7.92,36.24,133.0
"2025-03-02 00:00:00",UA,21,48,-12.0,-7.92,-2.97,7.03,15.03,105.0
"2025-03-02 00:00:00",DL,10,156,-18.0,-7.92,-5.0,-0.99,16.95,817.0
"2025-03-02 00:00:00",DL,12,182,-18.0,-7.03,-4.01,4.01,17.99,504.0
"2025-03-02 00:00:00",UA,18,152,-15.0,-5.99,-2.97,0.99,15.96,119.0
"2025-03-02 00:00:00",WN,18,206,-12.0,-1.99,2.97,17.99,43.38,200.0
"2025-03-02 00:00:00",DL,18,158,-17.0,-5.99,-1.99,8.94,47.0,863.0
"2025-03-02 00:00:00",UA,12,115,-12.0,-5.99,-2.97,5.99,25.79,90.0
"2025-03-02 00:00:00",WN,16,223,-12.0,-2.97,0.99,12.06,25.79,144.0
"2025-03-02 00:00:00",AA,12,138,-11.0,-5.0,-1.99,5.0,29.08,241.0
"2025-03-02 00:00:00",DL,8,179,-21.0,-7.92,-4.01,-0.99,10.07,238.0
"2025-03-02 00:00:00",UA,10,126,-12.0,-5.99,-4.01,-0.99,4.01,246.0
"2025-03-02 00:00:00",WN,11,222,-14.0,-5.0,-1.99,0.0,8.94,268.0
"2025-03-03 00:00:00",DL,8,173,-15.0,-7.03,-4.01,-0.99,5.99,275.0
"2025-03-03 00:00:00",DL,7,235,-15.0,-7.03,-4.01,-0.99,5.99,207.0
"2025-03-03 00:00:00",UA,21,42,-14.0,-8.94,-5.0,-1.99,12.06,38.0
"2025-03-03 00:00:00",UA,23,34,-16.0,-10.91,-7.03,-2.97,10.91,56.0
"2025-03-03 00:00:00",WN,19,266,-14.0,-5.99,-0.99,16.95,64.72,244.0
"2025-03-03 00:00:00",WN,16,224,-15.0,-4.01,0.99,19.11,98.5,281.0
"2025-03-03 00:00:00",UA,12,124,-13.0,-7.03,-4.01,0.0,8.94,182.0
"2025-03-03 00:00:00",DL,18,157,-25.0,-10.07,-5.0,-0.99,16.95,226.0
"2025-03-03 00:00:00",UA,18,154,-21.0,-7.03,-5.0,0.0,16.95,226.0
"2025-03-03 00:00:00",WN,11,208,-11.0,-2.97,0.0,15.03,159.19,394.0
"2025-03-03 00:00:00",AA,0,12,-12.0,-7.92,-7.03,0.0,10.91,21.0
"2025-03-03 00:00:00",DL,9,126,-15.0,-7.92,-4.01,-0.99,12.06,79.0
"2025-03-03 00:00:00",AA,12,138,-14.0,-5.0,-1.99,2.97,15.96,240.0
"2025-03-03 00:00:00",UA,8,193,-16.0,-7.92,-5.0,-0.99,5.99,290.0
"2025-03-03 00:00:00",AA,10,141,-15.0,-5.99,-2.97,5.0,21.12,261.0
"2025-03-03 00:00:00",DL,10,157,-17.0,-5.99,-4.01,0.99,15.03,196.0
"2025-03-03 00:00:00",UA,10,128,-15.0,-7.92,-5.0,-1.99,5.0,219.0
"2025-03-03 00:00:00",DL,19,166,-24.0,-10.07,-5.0,-0.99,7.03,193.0
"2025-03-03 00:00:00",UA,0,3,-9.0,-8.94,-2.97,-2.97,-2.97,-2.0
"2025-03-03 00:00:00",WN,18,227,-12.0,-5.0,0.0,15.96,62.18,232.0
"2025-03-03 00:00:00",DL,12,178,-18.0,-7.03,-4.01,-0.99,13.07,245.0
"2025-03-03 00:00:00",AA,22,71,-13.0,-5.99,-2.97,4.01,22.88,380.0
"2025-03-04 00:00:00",DL,8,175,-15.0,-7.03,-5.0,-2.97,0.99,135.0
"2025-03-04 00:00:00",UA,10,123,-16.0,-8.94,-5.0,-0.99,7.03,178.0
"2025-03-04 00:00:00",WN,11,244,-13.0,-5.0,-0.99,7.03,16.95,363.0
"2025-03-04 00:00:00",DL,12,167,-16.0,-7.92,-4.01,0.0,25.79,332.0
"2025-03-04 00:00:00",WN,16,206,-15.0,-4.01,0.0,16.95,44.26,356.0
"2025-03-04 00:00:00",DL,7,230,-18.0,-7.92,-5.99,-1.99,0.99,629.0
"2025-03-04 00:00:00",WN,18,259,-10.0,-4.01,0.99,13.87,47.0,280.0
"2025-03-04 00:00:00",WN,19,122,-14.0,-5.0,-0.99,15.03,59.75,213.0
"2025-03-04 00:00:00",UA,21,30,-19.0,-10.07,-5.99,-0.99,5.0,177.0
"2025-03-04 00:00:00",UA,8,185,-15.0,-7.92,-5.99,-2.97,2.97,230.0
"2025-03-04 00:00:00",AA,22,61,-12.0,-5.99,-1.99,10.91,44.26,698.0
"2025-03-04 00:00:00",DL,9,117,-19.0,-7.92,-5.0,0.0,19.89,849.0
"2025-03-04 00:00:00",AA,10,116,-15.0,-5.99,-1.99,13.07,47.0,318.0
"2025-03-04 00:00:00",UA,23,25,-14.0,-10.07,-7.03,-5.0,13.07,109.0
"2025-03-04 00:00:00",DL,10,150,-21.0,-7.92,-5.0,-0.99,12.06,200.0
"2025-03-04 00:00:00",AA,0,9,-11.0,-10.07,-7.92,-5.0,-2.97,5.0
"2025-03-04 00:00:00",UA,0,3,-10.0,-10.0,-7.92,-7.92,-7.92,-5.0
"2025-03-04 00:00:00",DL,19,114,-23.0,-7.03,-1.99,13.07,60.95,173.0
"2025-03-04 00:00:00",UA,18,129,-14.0,-5.0,-1.99,5.0,56.27,671.0
"2025-03-04 00:00:00",UA,12,121,-13.0,-7.92,-5.0,-0.99,26.84,477.0
"2025-03-04 00:00:00",AA,12,108,-16.0,-5.0,0.99,52.99,301.91,1238.0
"2025-03-04 00:00:00",DL,18,143,-21.0,-7.03,-1.99,10.07,89.13,1021.0
"2025-03-05 00:00:00",AA,10,132,-13.0,-4.01,0.0,12.06,34.82,477.0
"2025-03-05 00:00:00",UA,23,37,-15.0,-10.07,-7.92,-2.97,4.01,30.0
"2025-03-05 00:00:00",DL,10,153,-15.0,-5.99,-2.97,12.06,68.72,278.0
"2025-03-05 00:00:00",DL,7,225,-21.0,-7.03,-4.01,0.0,32.14,555.0
"2025-03-05 00:00:00",AA,0,9,-5.0,-4.01,-2.97,1.99,23.81,31.0
"2025-03-05 00:00:00",DL,19,121,-15.0,-1.99,16.95,64.72,106.71,233.0
"2025-03-05 00:00:00",UA,21,36,-14.0,-7.03,-1.99,12.06,51.94,285.0
"2025-03-05 00:00:00",AA,22,66,-18.0,-5.99,-1.99,5.0,15.03,140.0
"2025-03-05 00:00:00",UA,18,142,-16.0,-5.0,0.0,21.12,56.27,171.0
"2025-03-05 00:00:00",WN,19,119,-14.0,-5.0,-0.99,21.98,57.4,156.0
"2025-03-05 00:00:00",UA,0,2,-6.0,-5.99,-5.99,-5.99,-5.99,-3.0
"2025-03-05 00:00:00",WN,18,259,-13.0,-0.99,7.03,21.12,50.91,222.0
"2025-03-05 00:00:00",DL,18,144,-16.0,-4.01,10.07,40.86,89.13,199.0
"2025-03-05 00:00:00",WN,16,203,-11.0,-4.01,2.97,22.88,63.44,303.0
"2025-03-05 00:00:00",WN,11,252,-15.0,-4.01,-0.99,7.03,27.94,296.0
"2025-03-05 00:00:00",AA,12,124,-15.0,-5.0,0.99,15.96,46.07,226.0
"2025-03-05 00:00:00",UA,12,123,-14.0,-7.92,-4.01,0.0,17.99,283.0
"2025-03-05 00:00:00",DL,12,172,-14.0,-5.0,-0.99,30.27,111.06,288.0
"2025-03-05 00:00:00",UA,10,121,-23.0,-7.03,-2.97,1.99,30.27,161.0
"2025-03-05 00:00:00",DL,8,176,-17.0,-7.03,-4.01,0.99,57.4,784.0
"2025-03-05 00:00:00",DL,9,122,-14.0,-5.99,-1.99,5.99,75.95,324.0
"2025-03-05 00:00:00",UA,8,184,-16.0,-7.92,-5.0,-1.99,10.91,254.0
"2025-03-06 00:00:00",WN,18,234,-14.0,-1.99,4.01,23.81,47.95,211.0
"2025-03-06 00:00:00",DL,9,125,-17.0,-5.99,-2.97,1.99,10.91,225.0
"2025-03-06 00:00:00",DL,12,182,-16.0,-5.99,-1.99,7.92,27.94,75.0
"2025-03-06 00:00:00",UA,21,62,-12.0,-7.03,-1.99,5.99,36.97,120.0
"2025-03-06 00:00:00",AA,22,101,-15.0,-5.0,0.0,10.07,55.15,588.0
"2025-03-06 00:00:00",UA,23,40,-20.0,-8.94,-7.03,-0.99,15.03,100.0
"2025-03-06 00:00:00",WN,19,216,-13.0,-2.97,2.97,21.12,43.38,266.0
"2025-03-06 00:00:00",UA,18,153,-14.0,-5.99,-2.97,2.97,17.99,219.0
"2025-03-06 00:00:00",WN,11,233,-14.0,-4.01,-0.99,7.03,24.78,125.0
"2025-03-06 00:00:00",DL,10,156,-16.0,-5.99,-1.99,5.0,15.03,141.0
"2025-03-06 00:00:00",AA,12,147,-13.0,-5.99,-0.99,7.03,32.14,373.0
"2025-03-06 00:00:00",UA,12,130,-16.0,-7.92,-5.0,0.0,10.07,175.0
"2025-03-06 00:00:00",DL,18,157,-18.0,-5.99,-1.99,5.99,23.81,167.0
"2025-03-06 00:00:00",WN,16,224,-12.0,-1.99,4.01,19.89,40.05,138.0
"2025-03-06 00:00:00",UA,10,127,-17.0,-7.03,-4.01,4.01,26.84,252.0
"2025-03-06 00:00:00",UA,8,178,-16.0,-7.03,-4.01,-0.99,5.99,190.0
"2025-03-06 00:00:00",DL,19,166,-30.0,-5.99,-1.99,12.06,34.13,142.0
"2025-03-06 00:00:00",AA,10,133,-12.0,-5.99,-1.99,1.99,19.11,640.0
"2025-03-06 00:00:00",UA,0,5,-12.0,-10.91,-7.03,-7.03,-7.03,-2.0
"2025-03-06 00:00:00",DL,7,234,-16.0,-7.03,-4.01,0.0,15.03,656.0
"2025-03-06 00:00:00",DL,8,176,-18.0,-7.03,-2.97,0.0,24.78,182.0
"2025-03-06 00:00:00",AA,0,11,-9.0,-5.99,-4.01,-1.99,13.87,468.0
"2025-03-07 00:00:00",WN,19,224,-15.0,-2.97,8.94,36.24,71.53,285.0
"2025-03-07 00:00:00",DL,19,166,-21.0,-7.03,-2.97,7.92,50.91,161.0
"2025-03-07 00:00:00",UA,21,64,-14.0,-5.0,-0.99,17.99,36.97,101.0
"2025-03-07 00:00:00",AA,22,101,-13.0,-5.0,0.0,17.99,46.07,641.0
"2025-03-07 00:00:00",UA,23,44,-21.0,-8.94,-7.03,-2.97,4.01,81.0
"2025-03-07 00:00:00",WN,11,232,-10.0,-2.97,0.0,13.87,37.72,274.0
"2025-03-07 00:00:00",DL,7,234,-18.0,-5.99,-4.01,-0.99,7.03,116.0
"2025-03-07 00:00:00",DL,8,176,-13.0,-7.03,-4.01,0.0,7.92,192.0
"2025-03-07 00:00:00",UA,0,10,-7.0,-5.0,-4.01,0.0,17.99,103.0
"2025-03-07 00:00:00",AA,0,15,-12.0,-7.92,-5.99,-5.0,-2.97,46.0
"2025-03-07 00:00:00",AA,12,148,-17.0,-4.01,0.0,15.96,52.99,215.0
"2025-03-07 00:00:00",DL,12,178,-18.0,-7.03,-4.01,2.97,25.79,146.0
"2025-03-07 00:00:00",UA,12,128,-17.0,-7.03,-4.01,2.97,17.99,77.0
"2025-03-07 00:00:00",DL,18,158,-20.0,-5.99,-1.99,15.03,56.27,790.0
"2025-03-07 00:00:00",UA,8,178,-14.0,-7.03,-5.0,-0.99,19.89,219.0
"2025-03-07 00:00:00",WN,16,229,-10.0,-1.99,7.92,34.13,87.37,302.0
"2025-03-07 00:00:00",UA,10,128,-12.0,-5.99,-4.01,0.99,23.81,216.0
"2025-03-07 00:00:00",DL,9,125,-17.0,-5.99,-2.97,-0.99,7.92,45.0
"2025-03-07 00:00:00",AA,10,135,-12.0,-5.0,-1.99,4.01,17.99,289.0
"2025-03-07 00:00:00",DL,10,160,-15.0,-7.03,-4.01,0.99,24.78,226.0
"2025-03-07 00:00:00",WN,18,241,-14.0,-1.99,7.03,30.27,71.53,205.0
"2025-03-07 00:00:00",UA,18,154,-21.0,-5.0,0.0,15.03,54.06,184.0
"2025-03-08 00:00:00",AA,0,15,-19.0,-8.94,-7.03,-4.01,-0.99,7.0
"2025-03-08 00:00:00",UA,0,9,-9.0,-5.99,-5.99,5.99,7.03,14.0
"2025-03-08 00:00:00",DL,7,209,-16.0,-7.03,-5.0,-1.99,0.99,60.0
"2025-03-08 00:00:00",DL,8,151,-16.0,-7.03,-5.0,-1.99,4.01,267.0
"2025-03-08 00:00:00",UA,8,158,-13.0,-7.92,-5.0,-0.99,7.03,78.0
"2025-03-08 00:00:00",DL,9,119,-22.0,-7.03,-4.01,-0.99,5.99,249.0
"2025-03-08 00:00:00",DL,10,128,-17.0,-7.92,-5.0,-0.99,8.94,74.0
"2025-03-08 00:00:00",UA,10,118,-13.0,-7.03,-4.01,-0.99,7.03,201.0
"2025-03-08 00:00:00",WN,16,201,-13.0,-4.01,0.0,10.07,34.13,253.0
"2025-03-08 00:00:00",DL,12,154,-17.0,-7.03,-4.01,-0.99,5.99,327.0
"2025-03-08 00:00:00",DL,18,112,-18.0,-7.03,-2.97,4.01,36.97,160.0
"2025-03-08 00:00:00",UA,12,104,-13.0,-7.03,-2.97,5.0,30.27,143.0
"2025-03-08 00:00:00",AA,10,124,-11.0,-4.01,-0.99,10.91,39.25,198.0
"2025-03-08 00:00:00",UA,18,125,-20.0,-5.99,-1.99,5.0,44.26,117.0
"2025-03-08 00:00:00",AA,22,103,-15.0,-2.97,4.01,25.79,47.0,136.0
"2025-03-08 00:00:00",UA,23,33,-14.0,-8.94,-5.0,-1.99,7.03,65.0
"2025-03-08 00:00:00",DL,19,94,-16.0,-7.03,-4.01,4.01,24.78,277.0
"2025-03-08 00:00:00",UA,21,48,-17.0,-8.94,-4.01,15.03,44.26,112.0
"2025-03-08 00:00:00",WN,11,213,-10.0,-4.01,0.0,5.99,16.95,140.0
"2025-03-08 00:00:00",WN,18,221,-14.0,-5.99,-0.99,8.94,30.88,241.0
"2025-03-08 00:00:00",WN,19,234,-14.0,-5.99,-1.99,7.92,25.79,221.0
"2025-03-08 00:00:00",AA,12,124,-14.0,-5.0,-0.99,26.84,59.75,561.0
