"2025-01-01 00:00:00",DL,1,2,-9.0,-8.94,-8.94,-8.94,-8.94,-1.0
"2025-01-01 00:00:00",UA,5,41,-11.0,-7.03,-5.0,-0.99,1.99,480.0
"2025-01-01 00:00:00",AA,7,128,-13.0,-7.03,-4.01,-0.99,5.99,301.0
"2025-01-01 00:00:00",UA,1,1,-3.0,-3.0,-3.0,-3.0,-3.0,-3.0
"2025-01-01 00:00:00",WN,15,215,-10.0,-2.97,0.99,10.07,25.79,93.0
"2025-01-01 00:00:00",AA,17,139,-10.0,-5.0,-1.99,5.99,36.97,187.0
"2025-01-01 00:00:00",AA,11,148,-15.0,-5.0,-2.97,1.99,17.99,432.0
"2025-01-01 00:00:00",AA,18,145,-22.0,-5.0,-0.99,8.94,36.97,228.0
"2025-01-01 00:00:00",UA,19,100,-12.0,-4.01,0.0,8.94,23.81,669.0
"2025-01-01 00:00:00",AA,8,179,-14.0,-7.03,-4.01,-0.99,5.99,127.0
"2025-01-01 00:00:00",UA,11,116,-12.0,-5.0,0.0,8.94,24.78,178.0
"2025-01-01 00:00:00",WN,20,172,-11.0,-2.97,0.99,10.07,21.12,130.0
"2025-01-01 00:00:00",UA,22,48,-15.0,-7.03,-4.01,0.0,7.92,109.0
"2025-01-01 00:00:00",WN,13,237,-10.0,-2.97,0.0,10.91,22.88,170.0
"2025-01-01 00:00:00",AA,23,34,-13.0,-5.0,-4.01,0.0,7.03,55.0
"2025-01-01 00:00:00",DL,5,55,-16.0,-7.03,-2.97,-0.99,4.01,30.0
"2025-01-01 00:00:00",WN,8,225,-13.0,-5.0,-1.99,0.0,12.06,107.0
"2025-01-01 00:00:00",AA,13,137,-13.0,-5.99,-2.97,1.99,16.95,156.0
"2025-01-01 00:00:00",DL,14,123,-17.0,-5.0,-1.99,5.0,26.84,214.0
"2025-01-01 00:00:00",UA,9,120,-13.0,-5.0,0.0,10.07,32.79,153.0
"2025-01-01 00:00:00",UA,14,122,-14.0,-5.0,-0.99,7.03,45.15,230.0
"2025-01-01 00:00:00",UA,15,76,-11.0,-5.0,-0.99,5.99,15.96,414.0
"2025-01-02 00:00:00",UA,22,50,-11.0,-4.01,-0.99,7.92,24.78,1048.0
"2025-01-02 00:00:00",WN,13,217,-12.0,-1.99,0.99,10.07,34.13,209.0
"2025-01-02 00:00:00",AA,13,151,-14.0,-5.0,-1.99,5.99,49.9,1293.0
"2025-01-02 00:00:00",DL,14,140,-17.0,-7.03,-1.99,7.03,32.79,443.0
"2025-01-02 00:00:00",UA,14,120,-14.0,-5.99,-2.97,2.97,23.81,291.0
"2025-01-02 00:00:00",DL,1,2,-5.0,-5.0,-5.0,-5.0,-5.0,19.0
"2025-01-02 00:00:00",UA,15,76,-8.0,-4.01,-0.99,7.92,30.88,255.0
"2025-01-02 00:00:00",WN,15,247,-10.0,-1.99,4.01,16.95,40.86,289.0
"2025-01-02 00:00:00",AA,17,151,-14.0,-5.99,-1.99,7.03,34.13,309.0
"2025-01-02 00:00:00",AA,18,164,-16.0,-5.0,-0.99,8.94,46.07,373.0
"2025-01-02 00:00:00",UA,19,101,-11.0,-4.01,-0.99,7.92,27.94,136.0
"2025-01-02 00:00:00",WN,20,266,-14.0,-4.01,2.97,16.95,36.24,210.0
"2025-01-02 00:00:00",AA,23,40,-10.0,-5.0,-0.99,5.0,36.24,467.0
"2025-01-02 00:00:00",UA,1,1,-16.0,-16.0,-16.0,-16.0,-16.0,-16.0
"2025-01-02 00:00:00",UA,5,45,-12.0,-7.92,-5.0,0.0,5.99,405.0
"2025-01-02 00:00:00",DL,5,59,-15.0,-7.03,-5.0,-1.99,7.03,54.0
"2025-01-02 00:00:00",AA,7,190,-13.0,-7.03,-4.01,-0.99,13.87,486.0
"2025-01-02 00:00:00",AA,8,182,-12.0,-5.99,-4.01,0.0,22.88,390.0
"2025-01-02 00:00:00",WN,8,253,-10.0,-5.0,-1.99,0.0,12.06,200.0
"2025-01-02 00:00:00",UA,9,126,-14.0,-5.99,-0.99,5.99,21.12,275.0
"2025-01-02 00:00:00",AA,11,159,-12.0,-5.99,-2.97,1.99,16.95,251.0
"2025-01-02 00:00:00",UA,11,117,-10.0,-5.0,-2.97,0.99,19.11,182.0
"2025-01-03 00:00:00",UA,14,121,-10.0,-4.01,5.99,23.81,79.05,393.0
"2025-01-03 00:00:00",WN,20,284,-11.0,2.97,15.96,40.86,82.28,191.0
"2025-01-03 00:00:00",AA,18,153,-19.0,-4.01,0.99,21.12,49.9,622.0
"2025-01-03 00:00:00",UA,19,108,-10.0,-1.99,5.99,23.81,63.44,118.0
"2025-01-03 00:00:00",UA,9,122,-11.0,-2.97,0.99,19.89,83.94,199.0
"2025-01-03 00:00:00",AA,17,141,-19.0,-5.0,-1.99,15.96,40.86,233.0
"2025-01-03 00:00:00",UA,15,74,-16.0,-5.0,0.0,24.78,67.36,294.0
"2025-01-03 00:00:00",WN,15,225,-12.0,0.99,12.06,30.88,63.44,272.0
"2025-01-03 00:00:00",AA,11,156,-11.0,-5.0,-1.99,5.99,34.13,582.0
"2025-01-03 00:00:00",DL,14,140,-15.0,-5.99,-1.99,12.06,57.4,1109.0
"2025-01-03 00:00:00",WN,13,233,-10.0,-1.99,7.92,32.14,74.45,403.0
"2025-01-03 00:00:00",AA,13,142,-11.0,-5.0,-0.99,10.07,45.15,194.0
"2025-01-03 00:00:00",UA,11,119,-11.0,-4.01,4.01,29.08,74.45,389.0
"2025-01-03 00:00:00",AA,23,32,-8.0,-5.0,0.0,13.07,40.86,102.0
"2025-01-03 00:00:00",UA,1,1,-15.0,-15.0,-15.0,-15.0,-15.0,-15.0
"2025-01-03 00:00:00",WN,8,258,-13.0,-2.97,0.0,10.91,43.38,345.0
"2025-01-03 00:00:00",AA,7,196,-13.0,-5.99,-2.97,0.0,13.07,741.0
"2025-01-03 00:00:00",UA,22,49,-8.0,-1.99,7.92,25.79,55.15,68.0
"2025-01-03 00:00:00",AA,8,180,-13.0,-5.99,-4.01,0.0,15.96,498.0
"2025-01-03 00:00:00",DL,5,62,-17.0,-7.92,-5.0,0.0,8.94,306.0
"2025-01-03 00:00:00",DL,1,2,-6.0,-5.99,-5.99,-5.99,-5.99,36.0
"2025-01-03 00:00:00",UA,5,47,-10.0,-5.99,-4.01,-0.99,1.99,13.0
"2025-01-04 00:00:00",AA,18,145,-15.0,-1.99,5.99,23.81,55.15,698.0
"2025-01-04 00:00:00",DL,5,62,-18.0,-7.03,-5.0,1.99,13.87,184.0
"2025-01-04 00:00:00",DL,14,133,-16.0,-4.01,4.01,30.27,75.95,295.0
"2025-01-04 00:00:00",UA,9,113,-11.0,-4.01,0.99,13.07,34.82,248.0
"2025-01-04 00:00:00",UA,14,116,-13.0,-2.97,8.94,36.24,89.13,348.0
"2025-01-04 00:00:00",UA,15,73,-9.0,-1.99,7.92,32.79,74.45,181.0
"2025-01-04 00:00:00",AA,11,133,-11.0,-4.01,0.0,10.91,36.97,347.0
"2025-01-04 00:00:00",WN,15,221,-10.0,2.97,15.96,37.72,68.72,424.0
"2025-01-04 00:00:00",DL,1,2,-9.0,-8.94,-8.94,-8.94,-8.94,20.0
"2025-01-04 00:00:00",WN,20,235,-12.0,4.01,21.12,51.94,87.37,341.0
"2025-01-04 00:00:00",AA,23,38,-10.0,-4.01,0.0,10.07,21.12,74.0
"2025-01-04 00:00:00",AA,17,131,-17.0,-4.01,2.97,26.84,64.72,320.0
"2025-01-04 00:00:00",UA,22,51,-7.0,-0.99,5.99,27.94,71.53,981.0
"2025-01-04 00:00:00",UA,19,99,-19.0,4.01,19.89,52.99,83.94,146.0
"2025-01-04 00:00:00",UA,1,1,57.0,57.0,57.0,57.0,57.0,57.0
"2025-01-04 00:00:00",AA,8,162,-13.0,-5.0,-2.97,0.99,17.99,126.0
"2025-01-04 00:00:00",AA,13,130,-13.0,-2.97,0.99,13.07,41.68,322.0
"2025-01-04 00:00:00",UA,11,112,-14.0,-2.97,4.01,22.88,49.9,205.0
"2025-01-04 00:00:00",AA,7,167,-12.0,-5.0,-1.99,0.99,15.96,128.0
"2025-01-04 00:00:00",WN,13,205,-10.0,0.0,5.99,19.89,51.94,242.0
"2025-01-04 00:00:00",WN,8,182,-10.0,-4.01,-0.99,7.03,19.11,83.0
"2025-01-04 00:00:00",UA,5,50,-18.0,-5.0,-1.99,4.01,23.81,416.0
