"2025-01-05 00:00:00",UA,5,46,-9.0,-7.03,-4.01,-0.99,2.97,26.0
"2025-01-05 00:00:00",UA,1,1,4.0,4.0,4.0,4.0,4.0,4.0
"2025-01-05 00:00:00",AA,7,192,-11.0,-5.0,-2.97,1.99,34.82,474.0
"2025-01-05 00:00:00",WN,8,237,-10.0,-4.01,-0.99,10.07,22.88,243.0
"2025-01-05 00:00:00",WN,15,224,-9.0,2.97,16.95,34.82,62.18,234.0
"2025-01-05 00:00:00",AA,17,132,-10.0,-2.97,7.03,74.45,165.69,316.0
"2025-01-05 00:00:00",AA,11,153,-10.0,-2.97,5.0,48.91,90.93,262.0
"2025-01-05 00:00:00",AA,18,139,-17.0,-0.99,17.99,66.03,135.65,910.0
"2025-01-05 00:00:00",UA,19,105,-13.0,-1.99,7.92,47.95,104.6,914.0
"2025-01-05 00:00:00",UA,9,116,-11.0,-4.01,1.99,13.87,39.25,207.0
"2025-01-05 00:00:00",UA,11,117,-15.0,-1.99,7.92,29.08,51.94,450.0
"2025-01-05 00:00:00",WN,20,251,-15.0,5.99,22.88,46.07,85.64,260.0
"2025-01-05 00:00:00",UA,22,47,-8.0,-4.01,1.99,15.96,106.71,313.0
"2025-01-05 00:00:00",WN,13,197,-9.0,0.0,7.03,21.12,40.05,255.0
"2025-01-05 00:00:00",AA,23,41,-8.0,-2.97,7.03,37.72,113.31,673.0
"2025-01-05 00:00:00",DL,1,2,-5.0,-5.0,-5.0,-5.0,-5.0,1.0
"2025-01-05 00:00:00",DL,5,60,-13.0,-8.94,-1.99,4.01,30.88,353.0
"2025-01-05 00:00:00",AA,13,144,-16.0,-1.99,7.92,58.56,122.75,1078.0
"2025-01-05 00:00:00",UA,14,117,-15.0,-0.99,5.99,43.38,100.49,604.0
"2025-01-05 00:00:00",AA,8,179,-12.0,-4.01,-0.99,13.07,80.65,1386.0
"2025-01-05 00:00:00",DL,14,134,-12.0,-1.99,5.0,30.27,58.56,354.0
"2025-01-05 00:00:00",UA,15,77,-15.0,-0.99,4.01,25.79,45.15,244.0
"2025-01-06 00:00:00",DL,14,124,-14.0,-4.01,0.0,24.78,52.99,373.0
"2025-01-06 00:00:00",UA,9,123,-14.0,-1.99,5.99,24.78,106.71,438.0
"2025-01-06 00:00:00",UA,15,79,-10.0,-0.99,13.07,44.26,138.4,292.0
"2025-01-06 00:00:00",UA,19,108,-13.0,-1.99,15.96,60.95,111.06,303.0
"2025-01-06 00:00:00",WN,20,143,-10.0,7.03,24.78,55.15,96.55,252.0
"2025-01-06 00:00:00",UA,1,1,29.0,29.0,29.0,29.0,29.0,29.0
"2025-01-06 00:00:00",WN,15,188,-12.0,-0.99,15.03,48.91,100.49,303.0
"2025-01-06 00:00:00",AA,18,146,-13.0,2.97,23.81,66.03,111.06,301.0
"2025-01-06 00:00:00",AA,17,128,-20.0,-0.99,22.88,63.44,113.31,762.0
"2025-01-06 00:00:00",AA,11,143,-14.0,-1.99,12.06,43.38,102.52,318.0
"2025-01-06 00:00:00",AA,13,133,-18.0,-0.99,17.99,58.56,117.93,1113.0
"2025-01-06 00:00:00",UA,14,118,-14.0,-0.99,10.07,67.36,115.6,507.0
"2025-01-06 00:00:00",UA,22,44,-11.0,-0.99,12.06,56.27,135.65,206.0
"2025-01-06 00:00:00",UA,11,116,-14.0,-1.99,2.97,41.68,122.75,330.0
"2025-01-06 00:00:00",AA,23,38,-10.0,-5.0,0.0,7.92,30.27,808.0
"2025-01-06 00:00:00",WN,13,212,-11.0,-0.99,8.94,47.0,117.93,302.0
"2025-01-06 00:00:00",AA,7,175,-12.0,-2.97,0.0,13.87,70.11,384.0
"2025-01-06 00:00:00",WN,8,202,-9.0,-4.01,-0.99,5.0,22.88,235.0
"2025-01-06 00:00:00",AA,8,162,-13.0,-4.01,1.99,21.98,52.99,657.0
"2025-01-06 00:00:00",DL,1,2,-2.0,-1.99,-1.99,-1.99,-1.99,33.0
"2025-01-06 00:00:00",DL,5,63,-14.0,-7.03,-0.99,5.0,16.95,358.0
"2025-01-06 00:00:00",UA,5,46,-11.0,-7.03,-4.01,0.99,16.95,340.0
"2025-01-07 00:00:00",UA,1,1,6.0,6.0,6.0,6.0,6.0,6.0
"2025-01-07 00:00:00",AA,7,156,-14.0,-5.99,-2.97,0.0,13.87,1771.0
"2025-01-07 00:00:00",WN,13,226,-9.0,-1.99,7.92,29.08,51.94,168.0
"2025-01-07 00:00:00",WN,15,215,-9.0,-0.99,12.06,32.14,58.56,169.0
"2025-01-07 00:00:00",DL,1,2,-9.0,-8.94,-8.94,-8.94,-8.94,-3.0
"2025-01-07 00:00:00",AA,17,146,-16.0,-5.99,-2.97,8.94,29.08,140.0
"2025-01-07 00:00:00",DL,14,109,-14.0,-5.99,-2.97,1.99,19.89,353.0
"2025-01-07 00:00:00",AA,18,137,-14.0,-5.0,-0.99,10.07,25.79,328.0
"2025-01-07 00:00:00",UA,19,92,-15.0,-4.01,0.99,10.91,32.14,123.0
"2025-01-07 00:00:00",AA,8,172,-12.0,-5.0,-1.99,7.03,34.13,728.0
"2025-01-07 00:00:00",AA,11,143,-12.0,-5.0,-1.99,4.01,45.15,95.0
"2025-01-07 00:00:00",WN,20,150,-12.0,1.99,13.87,34.82,54.06,91.0
"2025-01-07 00:00:00",UA,22,21,-13.0,-2.97,-0.99,8.94,37.72,107.0
"2025-01-07 00:00:00",WN,8,219,-10.0,-2.97,0.0,8.94,34.82,159.0
"2025-01-07 00:00:00",AA,23,18,-10.0,-7.92,-1.99,4.01,15.96,62.0
"2025-01-07 00:00:00",UA,15,79,-14.0,-2.97,4.01,13.87,58.56,153.0
"2025-01-07 00:00:00",UA,9,141,-13.0,-2.97,1.99,16.95,47.95,198.0
"2025-01-07 00:00:00",UA,5,29,-11.0,-5.99,-1.99,0.99,19.11,777.0
"2025-01-07 00:00:00",DL,5,65,-14.0,-8.94,-4.01,-0.99,15.03,265.0
"2025-01-07 00:00:00",UA,14,114,-15.0,-5.0,-0.99,16.95,64.72,327.0
"2025-01-07 00:00:00",UA,11,113,-15.0,-4.01,5.0,34.82,79.05,298.0
"2025-01-07 00:00:00",AA,13,123,-11.0,-4.01,-0.99,7.03,27.94,406.0
"2025-01-08 00:00:00",UA,11,116,-13.0,-5.0,-1.99,4.01,25.79,372.0
"2025-01-08 00:00:00",AA,17,137,-16.0,-5.0,0.0,12.06,34.82,784.0
"2025-01-08 00:00:00",AA,13,125,-13.0,-5.99,-2.97,4.01,24.78,1072.0
"2025-01-08 00:00:00",WN,13,238,-13.0,-5.0,-1.99,5.0,21.12,272.0
"2025-01-08 00:00:00",UA,1,1,12.0,12.0,12.0,12.0,12.0,12.0
"2025-01-08 00:00:00",UA,14,115,-21.0,-7.03,-4.01,0.0,13.87,158.0
"2025-01-08 00:00:00",WN,15,230,-12.0,-5.0,-1.99,5.99,22.88,176.0
"2025-01-08 00:00:00",UA,15,83,-14.0,-5.99,-1.99,1.99,22.88,95.0
"2025-01-08 00:00:00",UA,22,26,-9.0,-5.0,-4.01,0.0,10.91,95.0
"2025-01-08 00:00:00",AA,18,133,-14.0,-4.01,0.0,15.03,32.14,198.0
"2025-01-08 00:00:00",AA,23,20,-13.0,-8.94,-5.99,0.0,1.99,96.0
"2025-01-08 00:00:00",UA,19,100,-18.0,-7.03,-1.99,7.03,27.94,94.0
"2025-01-08 00:00:00",WN,20,167,-13.0,-4.01,-0.99,8.94,19.11,94.0
"2025-01-08 00:00:00",DL,1,2,1.0,1.0,1.0,1.0,1.0,4.0
"2025-01-08 00:00:00",UA,5,24,-11.0,-7.92,-5.99,0.99,0.99,146.0
"2025-01-08 00:00:00",DL,5,65,-14.0,-8.94,-5.0,-1.99,10.07,209.0
"2025-01-08 00:00:00",AA,7,164,-15.0,-7.92,-4.01,0.0,15.03,556.0
"2025-01-08 00:00:00",AA,8,187,-19.0,-5.99,-2.97,0.99,22.88,393.0
"2025-01-08 00:00:00",DL,14,113,-14.0,-7.03,-4.01,1.99,15.03,86.0
"2025-01-08 00:00:00",WN,8,240,-13.0,-5.0,-2.97,0.99,10.07,105.0
"2025-01-08 00:00:00",UA,9,140,-16.0,-5.0,-1.99,2.97,16.95,302.0
"2025-01-08 00:00:00",AA,11,145,-13.0,-5.0,-1.99,1.99,39.25,182.0
"2025-01-09 00:00:00",AA,17,107,-12.0,-2.97,0.99,17.99,87.37,962.0
"2025-01-09 00:00:00",UA,5,25,-15.0,-7.92,-5.99,-1.99,-0.99,55.0
"2025-01-09 00:00:00",UA,1,1,12.0,12.0,12.0,12.0,12.0,12.0
"2025-01-09 00:00:00",AA,13,105,-12.0,-5.0,-0.99,7.92,56.27,436.0
"2025-01-09 00:00:00",WN,13,210,-15.0,-4.01,0.0,17.99,41.68,484.0
"2025-01-09 00:00:00",UA,14,115,-14.0,-5.0,-0.99,16.95,51.94,163.0
"2025-01-09 00:00:00",UA,15,90,-25.0,-5.99,0.0,15.03,58.56,138.0
"2025-01-09 00:00:00",WN,15,213,-16.0,-2.97,4.01,30.27,87.37,323.0
"2025-01-09 00:00:00",AA,18,114,-15.0,-5.99,-0.99,12.06,63.44,248.0
"2025-01-09 00:00:00",AA,23,21,-8.0,-2.97,0.0,13.87,30.27,83.0
"2025-01-09 00:00:00",DL,5,65,-12.0,-7.92,-5.0,-1.99,5.0,631.0
"2025-01-09 00:00:00",WN,20,142,-13.0,0.0,10.91,23.81,50.91,156.0
"2025-01-09 00:00:00",UA,19,98,-17.0,-2.97,2.97,30.27,82.28,175.0
"2025-01-09 00:00:00",UA,22,25,-10.0,-2.97,0.0,13.87,34.13,178.0
"2025-01-09 00:00:00",DL,1,2,-11.0,-10.91,-10.91,-10.91,-10.91,-8.0
"2025-01-09 00:00:00",AA,11,120,-13.0,-5.0,-0.99,15.03,47.0,1490.0
"2025-01-09 00:00:00",AA,8,143,-18.0,-7.03,-4.01,0.0,15.96,823.0
"2025-01-09 00:00:00",WN,8,224,-10.0,-5.0,-2.97,0.0,15.03,187.0
"2025-01-09 00:00:00",AA,7,168,-17.0,-7.92,-5.0,-0.99,7.03,504.0
"2025-01-09 00:00:00",UA,9,149,-13.0,-5.99,0.0,13.07,40.86,181.0
"2025-01-09 00:00:00",DL,14,122,-15.0,-5.0,-1.99,5.0,21.98,257.0
"2025-01-09 00:00:00",UA,11,114,-14.0,-4.01,2.97,23.81,55.15,211.0
"2025-01-10 00:00:00",DL,1,2,-12.0,-12.0,-12.0,-12.0,-12.0,-4.0
"2025-01-10 00:00:00",AA,18,87,-9.0,0.99,23.81,47.95,96.55,208.0
"2025-01-10 00:00:00",UA,1,1,101.0,101.0,101.0,101.0,101.0,101.0
"2025-01-10 00:00:00",DL,5,49,-13.0,-7.03,-2.97,1.99,50.91,489.0
"2025-01-10 00:00:00",AA,13,91,-12.0,-1.99,13.07,58.56,117.93,1224.0
"2025-01-10 00:00:00",DL,14,70,-15.0,-2.97,7.03,67.36,308.01,477.0
"2025-01-10 00:00:00",WN,15,209,-12.0,-4.01,0.0,10.91,30.27,132.0
"2025-01-10 00:00:00",UA,15,89,-26.0,-5.99,-0.99,16.95,47.0,149.0
"2025-01-10 00:00:00",AA,17,124,-8.0,0.0,22.88,63.44,111.06,992.0
"2025-01-10 00:00:00",AA,23,16,-8.0,-5.0,-0.99,7.92,46.07,93.0
"2025-01-10 00:00:00",UA,19,101,-14.0,-5.99,0.0,17.99,70.11,154.0
"2025-01-10 00:00:00",UA,22,26,-11.0,-7.03,-2.97,0.99,27.94,130.0
"2025-01-10 00:00:00",WN,20,147,-10.0,-4.01,0.0,12.06,27.94,124.0
"2025-01-10 00:00:00",UA,5,23,-11.0,-7.03,-5.99,-1.99,10.91,181.0
"2025-01-10 00:00:00",UA,11,112,-15.0,-5.0,-1.99,4.01,30.27,138.0
"2025-01-10 00:00:00",UA,14,112,-16.0,-5.0,-0.99,13.87,68.72,176.0
"2025-01-10 00:00:00",WN,8,212,-10.0,-5.0,-1.99,0.99,10.91,201.0
"2025-01-10 00:00:00",AA,7,152,-13.0,-5.0,-2.97,7.03,47.0,860.0
"2025-01-10 00:00:00",AA,8,144,-12.0,-5.99,-1.99,10.91,40.05,1300.0
"2025-01-10 00:00:00",AA,11,130,-15.0,-2.97,13.07,39.25,106.71,275.0
"2025-01-10 00:00:00",UA,9,153,-12.0,-5.0,-1.99,5.99,48.91,236.0
"2025-01-10 00:00:00",WN,13,227,-13.0,-5.0,-0.99,8.94,29.08,121.0
"2025-01-11 00:00:00",DL,5,36,-15.0,-7.03,-0.99,32.79,262.47,609.0
"2025-01-11 00:00:00",AA,23,20,-10.0,-5.99,-2.97,-0.99,4.01,46.0
"2025-01-11 00:00:00",UA,11,108,-12.0,-4.01,-0.99,7.92,21.98,291.0
"2025-01-11 00:00:00",AA,13,112,-8.0,-1.99,5.0,34.13,80.65,348.0
"2025-01-11 00:00:00",WN,13,201,-13.0,-4.01,0.0,8.94,25.79,151.0
"2025-01-11 00:00:00",UA,14,107,-11.0,-5.0,-1.99,10.07,34.82,222.0
"2025-01-11 00:00:00",UA,15,76,-12.0,-5.0,-1.99,13.07,67.36,329.0
"2025-01-11 00:00:00",WN,15,181,-14.0,-5.0,-0.99,8.94,24.78,89.0
"2025-01-11 00:00:00",AA,17,140,-16.0,-5.0,0.0,15.96,55.15,185.0
"2025-01-11 00:00:00",WN,20,36,-9.0,0.99,8.94,16.95,30.27,44.0
"2025-01-11 00:00:00",UA,5,24,-19.0,-7.03,-2.97,0.0,10.07,99.0
"2025-01-11 00:00:00",UA,22,23,-12.0,-4.01,-1.99,0.99,5.99,30.0
"2025-01-11 00:00:00",AA,18,138,-22.0,-2.97,4.01,21.98,60.95,269.0
"2025-01-11 00:00:00",DL,1,2,-9.0,-8.94,-8.94,-8.94,-8.94,-1.0
"2025-01-11 00:00:00",UA,19,79,-12.0,-7.03,1.99,13.07,25.79,199.0
"2025-01-11 00:00:00",AA,7,136,-10.0,-5.0,-1.99,2.97,80.65,945.0
"2025-01-11 00:00:00",AA,8,155,-9.0,-4.01,-0.99,15.96,80.65,444.0
"2025-01-11 00:00:00",DL,14,110,-14.0,10.91,48.91,125.22,198.37,973.0
"2025-01-11 00:00:00",WN,8,231,-13.0,-5.0,-2.97,0.99,10.07,162.0
"2025-01-11 00:00:00",AA,11,124,-11.0,-1.99,7.92,40.86,74.45,402.0
"2025-01-11 00:00:00",UA,1,1,-4.0,-4.0,-4.0,-4.0,-4.0,-4.0
"2025-01-11 00:00:00",UA,9,132,-16.0,-5.99,-0.99,7.03,32.79,409.0
"2025-01-12 00:00:00",DL,14,120,-11.0,0.0,19.11,55.15,80.65,349.0
"2025-01-12 00:00:00",UA,1,1,-1.0,-1.0,-1.0,-1.0,-1.0,-1.0
"2025-01-12 00:00:00",UA,15,91,-20.0,-4.01,-0.99,7.92,32.79,87.0
"2025-01-12 00:00:00",UA,19,106,-14.0,-5.0,0.0,7.92,26.84,151.0
"2025-01-12 00:00:00",DL,5,65,-10.0,-5.99,-0.99,10.07,138.4,1134.0
"2025-01-12 00:00:00",WN,20,180,-17.0,-5.99,-1.99,8.94,25.79,92.0
"2025-01-12 00:00:00",WN,15,229,-11.0,-2.97,1.99,13.07,32.79,88.0
"2025-01-12 00:00:00",AA,18,166,-34.0,-4.01,-0.99,13.87,50.91,206.0
"2025-01-12 00:00:00",AA,17,159,-21.0,-5.0,-1.99,10.91,46.07,221.0
"2025-01-12 00:00:00",UA,9,145,-13.0,-5.0,-0.99,5.99,21.12,205.0
"2025-01-12 00:00:00",WN,13,245,-19.0,-4.01,0.99,10.91,26.84,156.0
"2025-01-12 00:00:00",UA,14,114,-18.0,-5.99,-1.99,5.99,36.97,230.0
"2025-01-12 00:00:00",UA,22,25,-14.0,-7.03,-5.0,2.97,7.92,18.0
"2025-01-12 00:00:00",AA,11,156,-10.0,-4.01,-0.99,16.95,58.56,179.0
"2025-01-12 00:00:00",AA,23,27,-12.0,-7.92,-5.99,-0.99,22.88,111.0
"2025-01-12 00:00:00",AA,13,141,-14.0,-5.0,-0.99,8.94,46.07,281.0
"2025-01-12 00:00:00",AA,7,178,-13.0,-5.99,-2.97,0.99,15.96,637.0
"2025-01-12 00:00:00",WN,8,271,-13.0,-5.0,-2.97,0.0,5.99,100.0
"2025-01-12 00:00:00",UA,5,25,-9.0,-7.03,-4.01,-1.99,-0.99,364.0
"2025-01-12 00:00:00",UA,11,116,-13.0,-5.0,-1.99,7.92,29.08,181.0
"2025-01-12 00:00:00",AA,8,191,-14.0,-5.99,-2.97,1.99,29.08,174.0
"2025-01-12 00:00:00",DL,1,2,-7.0,-7.0,-7.0,-7.0,-7.0,92.0
