"2025-02-04 00:00:00",WN,8,244,-11.0,-5.99,-4.01,-1.99,2.97,138.0
"2025-02-04 00:00:00",AA,8,191,-14.0,-7.92,-5.99,-1.99,4.01,1379.0
"2025-02-04 00:00:00",WN,15,231,-14.0,-5.99,-4.01,0.0,7.92,349.0
"2025-02-04 00:00:00",AA,11,146,-18.0,-7.03,-4.01,0.0,15.96,294.0
"2025-02-04 00:00:00",UA,15,81,-17.0,-8.94,-5.99,0.0,15.03,80.0
"2025-02-04 00:00:00",AA,18,138,-22.0,-7.92,-5.0,-0.99,8.94,292.0
"2025-02-04 00:00:00",AA,17,146,-19.0,-8.94,-5.99,-1.99,12.06,733.0
"2025-02-04 00:00:00",UA,11,116,-15.0,-7.03,-2.97,1.99,13.87,447.0
"2025-02-04 00:00:00",UA,14,112,-21.0,-8.94,-5.99,-1.99,15.03,532.0
"2025-02-04 00:00:00",AA,7,161,-20.0,-8.94,-7.03,-2.97,0.99,205.0
"2025-02-04 00:00:00",AA,13,124,-14.0,-7.92,-5.99,-2.97,1.99,101.0
"2025-02-04 00:00:00",DL,14,116,-19.0,-8.94,-5.0,-1.99,5.0,73.0
"2025-02-04 00:00:00",WN,13,242,-12.0,-5.99,-2.97,0.0,13.07,126.0
"2025-02-04 00:00:00",UA,1,1,-6.0,-6.0,-6.0,-6.0,-6.0,-6.0
"2025-02-04 00:00:00",UA,19,92,-20.0,-7.92,-4.01,0.99,15.03,633.0
"2025-02-04 00:00:00",WN,20,166,-15.0,-7.03,-5.0,-0.99,5.99,109.0
"2025-02-04 00:00:00",UA,9,140,-13.0,-7.92,-5.0,-0.99,12.06,97.0
"2025-02-04 00:00:00",UA,22,20,-17.0,-8.94,-5.99,0.0,26.84,63.0
"2025-02-04 00:00:00",AA,23,19,-16.0,-10.07,-7.92,-4.01,-0.99,0.0
"2025-02-04 00:00:00",DL,5,68,-19.0,-10.07,-7.03,-2.97,5.0,730.0
"2025-02-04 00:00:00",DL,1,2,-14.0,-13.87,-13.87,-13.87,-13.87,0.0
"2025-02-04 00:00:00",UA,5,21,-17.0,-10.07,-7.03,-1.99,10.07,13.0
"2025-02-05 00:00:00",AA,23,15,-12.0,-10.07,-5.99,-0.99,2.97,78.0
"2025-02-05 00:00:00",UA,1,1,-14.0,-14.0,-14.0,-14.0,-14.0,-14.0
"2025-02-05 00:00:00",UA,5,24,-12.0,-7.92,-5.0,-0.99,21.98,605.0
"2025-02-05 00:00:00",DL,5,68,-17.0,-10.07,-7.03,-2.97,1.99,162.0
"2025-02-05 00:00:00",AA,7,162,-18.0,-8.94,-5.99,-2.97,0.99,1536.0
"2025-02-05 00:00:00",AA,8,190,-15.0,-7.92,-5.99,-2.97,2.97,190.0
"2025-02-05 00:00:00",UA,22,26,-18.0,-10.07,-7.03,-1.99,0.99,7.0
"2025-02-05 00:00:00",WN,8,246,-11.0,-5.99,-4.01,-1.99,0.99,62.0
"2025-02-05 00:00:00",UA,9,139,-23.0,-8.94,-5.0,-0.99,15.96,418.0
"2025-02-05 00:00:00",AA,11,144,-16.0,-7.03,-4.01,0.0,24.78,2088.0
"2025-02-05 00:00:00",UA,11,116,-14.0,-7.92,-4.01,1.99,23.81,208.0
"2025-02-05 00:00:00",WN,13,242,-12.0,-5.0,-2.97,1.99,13.87,109.0
"2025-02-05 00:00:00",AA,13,123,-14.0,-5.99,-2.97,0.99,10.07,1101.0
"2025-02-05 00:00:00",DL,14,118,-18.0,-7.92,-5.0,0.0,7.03,77.0
"2025-02-05 00:00:00",UA,14,116,-16.0,-7.92,-5.0,0.0,32.79,483.0
"2025-02-05 00:00:00",UA,15,83,-13.0,-7.03,-4.01,2.97,25.79,194.0
"2025-02-05 00:00:00",WN,15,231,-12.0,-5.99,-1.99,5.99,26.84,301.0
"2025-02-05 00:00:00",DL,1,2,-7.0,-7.0,-7.0,-7.0,-7.0,130.0
"2025-02-05 00:00:00",AA,17,152,-18.0,-7.03,-5.0,-1.99,5.99,147.0
"2025-02-05 00:00:00",AA,18,136,-18.0,-7.92,-5.0,-0.99,13.07,840.0
"2025-02-05 00:00:00",UA,19,100,-17.0,-7.03,-0.99,8.94,22.88,97.0
"2025-02-05 00:00:00",WN,20,165,-14.0,-5.99,-1.99,5.99,19.89,71.0
"2025-02-06 00:00:00",UA,5,24,-14.0,-8.94,-5.99,-0.99,10.91,191.0
"2025-02-06 00:00:00",AA,23,28,-8.0,-5.0,-1.99,23.81,29.08,849.0
"2025-02-06 00:00:00",WN,13,244,-10.0,-4.01,-0.99,8.94,24.78,170.0
"2025-02-06 00:00:00",UA,19,103,-16.0,-0.99,13.07,47.0,87.37,269.0
"2025-02-06 00:00:00",UA,1,1,-16.0,-16.0,-16.0,-16.0,-16.0,-16.0
"2025-02-06 00:00:00",AA,17,157,-14.0,-5.99,-0.99,16.95,67.36,320.0
"2025-02-06 00:00:00",UA,15,94,-20.0,-4.01,0.99,47.0,104.6,325.0
"2025-02-06 00:00:00",WN,15,227,-10.0,-5.0,0.0,10.91,36.97,214.0
"2025-02-06 00:00:00",DL,14,132,-21.0,-4.01,0.0,19.89,40.86,337.0
"2025-02-06 00:00:00",UA,14,118,-19.0,-5.0,-0.99,27.94,106.71,300.0
"2025-02-06 00:00:00",UA,11,120,-15.0,-4.01,1.99,25.79,66.03,142.0
"2025-02-06 00:00:00",AA,8,181,-14.0,-5.99,-2.97,2.97,32.79,253.0
"2025-02-06 00:00:00",AA,13,139,-13.0,-5.0,0.0,15.03,70.11,332.0
"2025-02-06 00:00:00",AA,11,154,-11.0,-5.0,-1.99,12.06,36.97,654.0
"2025-02-06 00:00:00",WN,8,260,-11.0,-5.0,-1.99,4.01,21.12,142.0
"2025-02-06 00:00:00",UA,9,153,-13.0,-5.0,-0.99,13.07,64.72,293.0
"2025-02-06 00:00:00",DL,5,68,-14.0,-7.92,-5.0,-0.99,5.0,568.0
"2025-02-06 00:00:00",AA,18,171,-14.0,-5.0,-1.99,7.03,47.95,813.0
"2025-02-06 00:00:00",AA,7,196,-14.0,-7.03,-5.0,-0.99,13.87,259.0
"2025-02-06 00:00:00",DL,1,2,1.0,1.0,1.0,1.0,1.0,42.0
"2025-02-06 00:00:00",WN,20,179,-15.0,-5.0,-1.99,7.92,37.72,260.0
"2025-02-06 00:00:00",UA,22,25,-13.0,-5.0,10.07,24.78,85.64,201.0
"2025-02-07 00:00:00",AA,7,211,-13.0,-7.03,-4.01,-1.99,7.03,564.0
"2025-02-07 00:00:00",UA,22,25,-13.0,-7.92,-5.0,-1.99,12.06,50.0
"2025-02-07 00:00:00",AA,18,149,-19.0,-5.99,-4.01,0.99,15.03,118.0
"2025-02-07 00:00:00",WN,13,247,-11.0,-4.01,-0.99,5.99,29.08,125.0
"2025-02-07 00:00:00",WN,20,179,-13.0,-7.03,-2.97,8.94,22.88,133.0
"2025-02-07 00:00:00",UA,19,102,-13.0,-7.03,-4.01,1.99,8.94,154.0
"2025-02-07 00:00:00",UA,15,94,-15.0,-7.03,-4.01,0.0,10.91,101.0
"2025-02-07 00:00:00",AA,13,137,-14.0,-5.0,-1.99,5.0,23.81,326.0
"2025-02-07 00:00:00",DL,14,134,-19.0,-5.99,-4.01,2.97,24.78,213.0
"2025-02-07 00:00:00",WN,15,230,-11.0,-4.01,0.0,13.87,34.13,89.0
"2025-02-07 00:00:00",UA,14,118,-15.0,-7.92,-4.01,-0.99,12.06,132.0
"2025-02-07 00:00:00",AA,17,156,-14.0,-5.99,-4.01,0.99,19.89,166.0
"2025-02-07 00:00:00",UA,1,1,0.0,0.0,0.0,0.0,0.0,0.0
"2025-02-07 00:00:00",WN,8,266,-12.0,-5.0,-2.97,0.0,13.07,262.0
"2025-02-07 00:00:00",UA,9,153,-14.0,-7.03,-4.01,-0.99,1.99,236.0
"2025-02-07 00:00:00",UA,11,119,-12.0,-7.03,-4.01,0.0,13.07,152.0
"2025-02-07 00:00:00",AA,11,157,-11.0,-5.0,-2.97,1.99,17.99,277.0
"2025-02-07 00:00:00",AA,8,194,-14.0,-5.99,-4.01,0.0,19.11,299.0
"2025-02-07 00:00:00",DL,1,2,-7.0,-7.0,-7.0,-7.0,-7.0,-6.0
"2025-02-07 00:00:00",AA,23,22,-11.0,-5.99,-4.01,-0.99,0.99,972.0
"2025-02-07 00:00:00",UA,5,24,-13.0,-7.03,-5.99,-2.97,-0.99,52.0
"2025-02-07 00:00:00",DL,5,68,-14.0,-7.92,-5.0,0.0,7.03,543.0
"2025-02-08 00:00:00",AA,17,130,-18.0,-7.92,-5.0,1.99,32.79,158.0
"2025-02-08 00:00:00",AA,23,18,-12.0,-5.0,-2.97,0.0,4.01,32.0
"2025-02-08 00:00:00",AA,18,122,-27.0,-5.99,-4.01,0.99,12.06,860.0
"2025-02-08 00:00:00",UA,19,81,-17.0,-8.94,0.0,10.07,19.11,61.0
"2025-02-08 00:00:00",WN,20,35,-12.0,-2.97,0.0,5.99,15.03,80.0
"2025-02-08 00:00:00",UA,22,22,-12.0,-7.03,-5.99,0.0,15.03,104.0
"2025-02-08 00:00:00",AA,11,136,-13.0,-5.99,-2.97,0.99,17.99,171.0
"2025-02-08 00:00:00",UA,14,108,-15.0,-7.03,-2.97,4.01,13.07,157.0
"2025-02-08 00:00:00",UA,15,76,-15.0,-7.03,-2.97,7.03,27.94,870.0
"2025-02-08 00:00:00",WN,15,189,-15.0,-5.0,-0.99,7.92,21.98,182.0
"2025-02-08 00:00:00",DL,14,116,-20.0,-7.92,-2.97,5.0,32.79,105.0
"2025-02-08 00:00:00",UA,11,108,-13.0,-5.0,-0.99,4.01,19.11,244.0
"2025-02-08 00:00:00",AA,13,117,-13.0,-5.99,-2.97,5.0,26.84,207.0
"2025-02-08 00:00:00",WN,13,203,-13.0,-5.0,-1.99,4.01,15.03,163.0
"2025-02-08 00:00:00",UA,1,1,-2.0,-2.0,-2.0,-2.0,-2.0,-2.0
"2025-02-08 00:00:00",AA,8,181,-15.0,-7.03,-5.0,-1.99,7.03,251.0
"2025-02-08 00:00:00",DL,1,2,3.0,3.0,3.0,3.0,3.0,9.0
"2025-02-08 00:00:00",WN,8,237,-15.0,-5.0,-2.97,-0.99,5.0,57.0
"2025-02-08 00:00:00",UA,9,133,-12.0,-5.99,-4.01,-0.99,7.03,94.0
"2025-02-08 00:00:00",AA,7,157,-13.0,-7.92,-5.0,-0.99,10.91,133.0
"2025-02-08 00:00:00",UA,5,24,-11.0,-8.94,-5.99,-1.99,0.0,26.0
"2025-02-08 00:00:00",DL,5,59,-16.0,-7.92,-7.03,-1.99,13.87,169.0
"2025-02-09 00:00:00",AA,18,164,-19.0,-5.99,-2.97,5.99,34.13,290.0
"2025-02-09 00:00:00",UA,5,23,-10.0,-7.92,-5.99,-2.97,0.99,69.0
"2025-02-09 00:00:00",DL,5,60,-21.0,-7.92,-5.0,4.01,22.88,466.0
"2025-02-09 00:00:00",AA,7,163,-15.0,-7.03,-4.01,-0.99,7.03,189.0
"2025-02-09 00:00:00",UA,9,147,-12.0,-5.99,-1.99,4.01,19.89,263.0
"2025-02-09 00:00:00",AA,8,185,-14.0,-7.03,-2.97,0.99,16.95,175.0
"2025-02-09 00:00:00",UA,11,116,-10.0,-5.0,0.0,8.94,40.05,164.0
"2025-02-09 00:00:00",WN,13,243,-14.0,-4.01,-0.99,5.0,24.78,109.0
"2025-02-09 00:00:00",UA,19,107,-15.0,-5.99,-0.99,7.92,30.27,165.0
"2025-02-09 00:00:00",UA,1,1,3.0,3.0,3.0,3.0,3.0,3.0
"2025-02-09 00:00:00",AA,23,28,-11.0,-7.03,-2.97,2.97,15.96,76.0
"2025-02-09 00:00:00",WN,20,159,-12.0,-5.0,-1.99,4.01,13.87,76.0
"2025-02-09 00:00:00",UA,22,25,-13.0,-7.92,-5.0,-0.99,1.99,24.0
"2025-02-09 00:00:00",WN,8,249,-14.0,-5.0,-2.97,-0.99,7.03,144.0
"2025-02-09 00:00:00",AA,17,159,-14.0,-5.99,-1.99,13.87,60.95,257.0
"2025-02-09 00:00:00",AA,11,155,-13.0,-5.0,-1.99,7.92,27.94,571.0
"2025-02-09 00:00:00",UA,15,91,-13.0,-5.99,-1.99,5.0,26.84,169.0
"2025-02-09 00:00:00",WN,15,233,-14.0,-5.0,-1.99,2.97,13.87,85.0
"2025-02-09 00:00:00",DL,1,2,-16.0,-15.96,-15.96,-15.96,-15.96,-7.0
"2025-02-09 00:00:00",UA,14,113,-11.0,-5.99,-1.99,5.99,39.25,295.0
"2025-02-09 00:00:00",AA,13,139,-20.0,-5.0,-0.99,10.07,49.9,227.0
"2025-02-09 00:00:00",DL,14,113,-19.0,-5.99,-1.99,5.0,21.98,182.0
"2025-02-10 00:00:00",WN,20,181,-13.0,-5.99,0.0,10.91,48.91,214.0
"2025-02-10 00:00:00",UA,5,28,-10.0,-7.92,-7.03,-2.97,0.0,61.0
"2025-02-10 00:00:00",WN,8,270,-15.0,-5.0,-2.97,0.99,15.96,127.0
"2025-02-10 00:00:00",AA,8,198,-12.0,-5.0,-2.97,0.0,19.11,428.0
"2025-02-10 00:00:00",UA,9,153,-12.0,-5.99,-1.99,4.01,13.07,117.0
"2025-02-10 00:00:00",UA,22,23,-17.0,-7.03,-4.01,2.97,8.94,63.0
"2025-02-10 00:00:00",AA,23,22,-12.0,-8.94,-5.99,-0.99,5.99,58.0
"2025-02-10 00:00:00",AA,13,138,-11.0,-4.01,0.0,13.87,52.99,448.0
"2025-02-10 00:00:00",UA,14,118,-13.0,-5.99,-1.99,2.97,30.88,73.0
"2025-02-10 00:00:00",DL,14,135,-14.0,-5.99,-2.97,1.99,21.12,204.0
"2025-02-10 00:00:00",UA,19,105,-13.0,-7.03,-2.97,5.0,22.88,112.0
"2025-02-10 00:00:00",WN,15,229,-12.0,-2.97,4.01,19.11,50.91,245.0
"2025-02-10 00:00:00",UA,15,97,-18.0,-7.92,-4.01,1.99,17.99,87.0
"2025-02-10 00:00:00",AA,18,147,-20.0,-5.99,-1.99,15.96,43.38,625.0
"2025-02-10 00:00:00",AA,17,155,-16.0,-5.0,-0.99,7.03,54.06,380.0
"2025-02-10 00:00:00",WN,13,247,-10.0,-2.97,0.99,10.07,25.79,123.0
"2025-02-10 00:00:00",DL,1,2,-4.0,-4.0,-4.0,-4.0,-4.0,-2.0
"2025-02-10 00:00:00",AA,11,158,-11.0,-5.0,-1.99,12.06,41.68,165.0
"2025-02-10 00:00:00",AA,7,208,-12.0,-5.99,-4.01,0.0,19.11,2352.0
"2025-02-10 00:00:00",UA,11,120,-12.0,-5.99,-1.99,0.99,19.11,576.0
"2025-02-10 00:00:00",DL,5,68,-17.0,-8.94,-5.0,-0.99,13.07,86.0
