"2025-02-11 00:00:00",DL,0,1,-10.0,-10.0,-10.0,-10.0,-10.0,-10.0
"2025-02-11 00:00:00",AA,14,131,-15.0,-7.03,-2.97,0.99,10.91,209.0
"2025-02-11 00:00:00",WN,6,222,-12.0,-5.99,-4.01,-1.99,0.99,364.0
"2025-02-11 00:00:00",AA,15,117,-13.0,-5.99,-2.97,2.97,19.11,165.0
"2025-02-11 00:00:00",UA,7,147,-19.0,-8.94,-5.99,-2.97,0.99,117.0
"2025-02-11 00:00:00",WN,10,201,-10.0,-5.0,-0.99,7.03,21.12,181.0
"2025-02-11 00:00:00",WN,12,181,-12.0,-5.0,-1.99,5.99,19.89,137.0
"2025-02-11 00:00:00",WN,7,186,-11.0,-5.99,-4.01,-1.99,0.0,255.0
"2025-02-11 00:00:00",WN,14,218,-15.0,-5.0,-0.99,13.07,40.05,218.0
"2025-02-11 00:00:00",WN,5,30,-11.0,-7.03,-2.97,-0.99,1.99,8.0
"2025-02-11 00:00:00",DL,17,168,-20.0,-7.03,-2.97,4.01,32.14,1092.0
"2025-02-11 00:00:00",UA,20,74,-20.0,-2.97,4.01,21.98,46.07,107.0
"2025-02-11 00:00:00",DL,22,85,-14.0,-7.03,-2.97,1.99,13.07,99.0
"2025-02-11 00:00:00",UA,6,109,-18.0,-8.94,-7.03,-4.01,0.99,126.0
"2025-02-11 00:00:00",UA,17,137,-15.0,-5.0,0.0,34.82,74.45,789.0
"2025-02-11 00:00:00",DL,20,65,-14.0,-5.0,-1.99,4.01,19.89,841.0
"2025-02-11 00:00:00",AA,16,126,-25.0,-7.03,-4.01,-0.99,7.03,162.0
"2025-02-12 00:00:00",WN,10,197,-11.0,-5.0,-0.99,15.03,26.84,123.0
"2025-02-12 00:00:00",WN,5,30,-8.0,-4.01,-1.99,-0.99,2.97,137.0
"2025-02-12 00:00:00",WN,7,184,-13.0,-5.99,-2.97,-0.99,5.99,119.0
"2025-02-12 00:00:00",UA,6,110,-13.0,-7.03,-4.01,-0.99,19.89,203.0
"2025-02-12 00:00:00",WN,12,178,-9.0,-2.97,1.99,16.95,39.25,195.0
"2025-02-12 00:00:00",DL,0,1,-11.0,-11.0,-11.0,-11.0,-11.0,-11.0
"2025-02-12 00:00:00",AA,14,139,-13.0,-4.01,-0.99,12.06,62.18,375.0
"2025-02-12 00:00:00",WN,14,210,-10.0,-2.97,5.0,15.03,36.97,179.0
"2025-02-12 00:00:00",AA,15,115,-12.0,-5.0,-1.99,7.92,41.68,177.0
"2025-02-12 00:00:00",AA,16,131,-15.0,-5.0,0.0,13.87,47.95,221.0
"2025-02-12 00:00:00",DL,17,164,-13.0,-5.0,2.97,37.72,83.94,338.0
"2025-02-12 00:00:00",UA,7,150,-14.0,-7.03,-4.01,-0.99,13.07,322.0
"2025-02-12 00:00:00",UA,17,147,-12.0,-1.99,4.01,21.98,102.52,321.0
"2025-02-12 00:00:00",DL,20,68,-19.0,-4.01,0.99,36.24,108.86,823.0
"2025-02-12 00:00:00",UA,20,78,-12.0,-5.0,0.0,23.81,144.04,277.0
"2025-02-12 00:00:00",DL,22,86,-13.0,-4.01,1.99,19.89,51.94,775.0
"2025-02-12 00:00:00",WN,6,217,-11.0,-5.0,-2.97,0.0,5.0,127.0
"2025-02-13 00:00:00",DL,17,172,-14.0,-1.99,15.96,51.94,113.31,963.0
"2025-02-13 00:00:00",UA,17,145,-18.0,-0.99,7.92,30.88,85.64,400.0
"2025-02-13 00:00:00",UA,20,82,-9.0,-0.99,13.07,41.68,82.28,360.0
"2025-02-13 00:00:00",DL,20,101,-7.0,0.0,17.99,51.94,92.77,195.0
"2025-02-13 00:00:00",DL,22,92,-6.0,-0.99,10.07,41.68,87.37,594.0
"2025-02-13 00:00:00",WN,22,137,-14.0,4.01,22.88,56.27,130.34,205.0
"2025-02-13 00:00:00",WN,23,3,-3.0,-2.97,8.94,8.94,8.94,103.0
"2025-02-13 00:00:00",DL,0,2,-6.0,-5.99,-5.99,-5.99,-5.99,-5.0
"2025-02-13 00:00:00",WN,5,184,-11.0,-5.0,-2.97,0.0,7.03,349.0
"2025-02-13 00:00:00",UA,6,130,-18.0,-7.03,-4.01,-0.99,8.94,552.0
"2025-02-13 00:00:00",WN,6,300,-15.0,-5.0,-1.99,0.99,8.94,528.0
"2025-02-13 00:00:00",UA,7,191,-13.0,-7.03,-4.01,-1.99,8.94,392.0
"2025-02-13 00:00:00",WN,7,195,-10.0,-5.0,-1.99,0.99,19.11,124.0
"2025-02-13 00:00:00",WN,10,231,-9.0,-2.97,2.97,21.12,50.91,214.0
"2025-02-13 00:00:00",WN,12,233,-12.0,-0.99,8.94,36.97,106.71,259.0
"2025-02-13 00:00:00",WN,14,225,-10.0,0.99,13.07,40.05,152.95,460.0
"2025-02-13 00:00:00",AA,14,154,-10.0,-1.99,5.0,29.08,80.65,493.0
"2025-02-13 00:00:00",AA,15,128,-11.0,0.0,10.91,40.05,94.64,234.0
"2025-02-13 00:00:00",AA,16,149,-10.0,0.0,12.06,40.86,77.49,1102.0
"2025-02-14 00:00:00",WN,7,198,-12.0,-5.0,-1.99,0.99,7.03,128.0
"2025-02-14 00:00:00",DL,22,91,-15.0,-0.99,7.92,32.79,67.36,606.0
"2025-02-14 00:00:00",WN,14,229,-10.0,-0.99,5.99,23.81,50.91,183.0
"2025-02-14 00:00:00",DL,0,4,-1.0,-0.99,36.24,55.15,55.15,108.0
"2025-02-14 00:00:00",WN,5,183,-9.0,-4.01,-1.99,0.99,10.07,110.0
"2025-02-14 00:00:00",WN,6,299,-12.0,-5.0,-1.99,0.99,12.06,129.0
"2025-02-14 00:00:00",UA,7,199,-13.0,-5.99,-2.97,-0.99,10.91,296.0
"2025-02-14 00:00:00",UA,6,128,-12.0,-7.03,-4.01,0.0,10.91,309.0
"2025-02-14 00:00:00",WN,12,236,-12.0,-1.99,2.97,13.87,29.08,155.0
"2025-02-14 00:00:00",WN,10,233,-11.0,-4.01,-0.99,7.03,19.11,192.0
"2025-02-14 00:00:00",UA,20,81,-15.0,-1.99,5.99,26.84,122.75,278.0
"2025-02-14 00:00:00",AA,15,129,-13.0,-4.01,0.99,30.88,66.03,350.0
"2025-02-14 00:00:00",DL,17,173,-17.0,-4.01,5.99,37.72,74.45,320.0
"2025-02-14 00:00:00",WN,23,3,-6.0,-5.99,2.97,2.97,2.97,22.0
"2025-02-14 00:00:00",WN,22,140,-13.0,-1.99,10.07,39.25,74.45,201.0
"2025-02-14 00:00:00",AA,14,155,-11.0,-4.01,0.0,13.07,39.25,264.0
"2025-02-14 00:00:00",DL,20,102,-9.0,-0.99,12.06,40.05,80.65,180.0
"2025-02-14 00:00:00",UA,17,144,-16.0,-5.0,-0.99,8.94,39.25,128.0
"2025-02-14 00:00:00",AA,16,151,-13.0,-2.97,0.99,21.12,52.99,218.0
"2025-02-15 00:00:00",WN,10,232,-10.0,-2.97,1.99,15.03,29.08,200.0
"2025-02-15 00:00:00",UA,17,125,-14.0,-2.97,2.97,22.88,132.97,796.0
"2025-02-15 00:00:00",WN,6,283,-10.0,-5.0,-1.99,2.97,10.91,115.0
"2025-02-15 00:00:00",DL,22,66,-17.0,0.0,13.07,59.75,120.31,780.0
"2025-02-15 00:00:00",DL,20,65,-19.0,-0.99,22.88,60.95,89.13,814.0
"2025-02-15 00:00:00",WN,22,5,-5.0,-2.97,-1.99,5.0,5.0,48.0
"2025-02-15 00:00:00",WN,7,207,-11.0,-5.0,-1.99,1.99,10.91,150.0
"2025-02-15 00:00:00",UA,7,182,-13.0,-7.03,-4.01,0.0,17.99,227.0
"2025-02-15 00:00:00",UA,20,62,-10.0,0.0,13.07,62.18,100.49,195.0
"2025-02-15 00:00:00",WN,23,2,-5.0,-5.0,-5.0,-5.0,-5.0,-1.0
"2025-02-15 00:00:00",WN,12,198,-15.0,-1.99,5.99,21.98,40.86,428.0
"2025-02-15 00:00:00",AA,14,141,-13.0,-4.01,0.99,25.79,79.05,462.0
"2025-02-15 00:00:00",DL,17,147,-18.0,-5.0,4.01,48.91,89.13,1222.0
"2025-02-15 00:00:00",AA,15,109,-16.0,-4.01,0.0,15.96,52.99,1023.0
"2025-02-15 00:00:00",AA,16,142,-11.0,-2.97,2.97,21.12,57.4,754.0
"2025-02-15 00:00:00",WN,5,131,-9.0,-4.01,-1.99,0.99,15.03,204.0
"2025-02-15 00:00:00",WN,14,221,-12.0,-1.99,5.0,23.81,60.95,448.0
"2025-02-15 00:00:00",UA,6,125,-19.0,-7.03,-4.01,-0.99,7.92,195.0
"2025-02-15 00:00:00",DL,0,4,-8.0,-7.92,-1.99,5.99,5.99,10.0
"2025-02-16 00:00:00",WN,14,223,-10.0,-0.99,8.94,46.07,108.86,475.0
"2025-02-16 00:00:00",WN,6,291,-13.0,-5.0,-2.97,0.0,19.11,597.0
"2025-02-16 00:00:00",UA,6,126,-17.0,-5.99,-2.97,1.99,30.27,557.0
"2025-02-16 00:00:00",UA,20,76,-11.0,7.92,37.72,85.64,152.95,338.0
"2025-02-16 00:00:00",AA,14,144,-12.0,-2.97,10.07,57.4,120.31,990.0
"2025-02-16 00:00:00",DL,0,1,69.0,69.0,69.0,69.0,69.0,69.0
"2025-02-16 00:00:00",DL,20,61,-9.0,-0.99,34.82,83.94,202.38,693.0
"2025-02-16 00:00:00",DL,22,70,-13.0,0.0,10.91,34.82,92.77,718.0
"2025-02-16 00:00:00",WN,22,140,-13.0,2.97,24.78,72.97,111.06,242.0
"2025-02-16 00:00:00",UA,17,139,-16.0,0.99,19.11,80.65,186.82,402.0
"2025-02-16 00:00:00",AA,15,119,-9.0,-1.99,8.94,50.91,125.22,359.0
"2025-02-16 00:00:00",AA,16,143,-12.0,-1.99,15.03,64.72,149.92,1148.0
"2025-02-16 00:00:00",DL,17,148,-13.0,-2.97,13.07,89.13,162.41,1031.0
"2025-02-16 00:00:00",WN,23,3,-8.0,-7.92,-7.92,-7.92,-7.92,13.0
"2025-02-16 00:00:00",WN,10,219,-13.0,-4.01,0.0,15.03,74.45,280.0
"2025-02-16 00:00:00",WN,12,221,-12.0,-2.97,1.99,29.08,125.22,463.0
"2025-02-16 00:00:00",WN,7,192,-13.0,-5.0,-2.97,0.99,30.88,179.0
"2025-02-16 00:00:00",WN,5,182,-11.0,-5.0,-4.01,0.0,13.87,297.0
"2025-02-16 00:00:00",UA,7,194,-16.0,-5.99,-2.97,2.97,62.18,992.0
"2025-02-17 00:00:00",WN,7,199,-12.0,-4.01,-1.99,4.01,29.08,216.0
"2025-02-17 00:00:00",WN,12,233,-11.0,-1.99,5.99,21.98,47.0,349.0
"2025-02-17 00:00:00",WN,5,182,-14.0,-5.0,-1.99,0.0,8.94,384.0
"2025-02-17 00:00:00",UA,6,122,-14.0,-5.0,-2.97,0.99,15.96,303.0
"2025-02-17 00:00:00",DL,0,2,-4.0,-4.0,-4.0,-4.0,-4.0,6.0
"2025-02-17 00:00:00",WN,10,234,-10.0,-2.97,0.0,13.87,36.24,313.0
"2025-02-17 00:00:00",WN,6,303,-11.0,-5.0,-1.99,0.99,17.99,510.0
"2025-02-17 00:00:00",UA,7,197,-14.0,-5.0,-2.97,0.0,19.11,448.0
"2025-02-17 00:00:00",AA,14,156,-9.0,-2.97,1.99,34.13,87.37,282.0
"2025-02-17 00:00:00",DL,22,93,-10.0,-1.99,10.91,43.38,71.53,618.0
"2025-02-17 00:00:00",WN,23,3,-5.0,-5.0,15.96,15.96,15.96,29.0
"2025-02-17 00:00:00",DL,20,101,-11.0,0.99,30.27,77.49,117.93,618.0
"2025-02-17 00:00:00",UA,20,81,-9.0,2.97,13.87,49.9,82.28,152.0
"2025-02-17 00:00:00",WN,22,138,-10.0,10.91,27.94,55.15,98.5,211.0
"2025-02-17 00:00:00",WN,14,230,-12.0,0.0,10.91,30.27,77.49,370.0
"2025-02-17 00:00:00",DL,17,170,-14.0,-1.99,7.92,47.95,127.75,282.0
"2025-02-17 00:00:00",AA,15,130,-9.0,-2.97,7.03,36.24,67.36,247.0
"2025-02-17 00:00:00",AA,16,148,-8.0,-1.99,5.99,32.14,80.65,339.0
"2025-02-17 00:00:00",UA,17,145,-20.0,0.0,10.07,40.05,85.64,184.0
