"2025-03-14 00:00:00",DL,19,166,-19.0,-5.0,-1.99,15.03,46.07,181.0
"2025-03-14 00:00:00",UA,21,61,-9.0,-2.97,4.01,13.87,36.24,76.0
"2025-03-14 00:00:00",AA,22,102,-11.0,-5.0,-0.99,8.94,32.14,122.0
"2025-03-14 00:00:00",UA,23,46,-20.0,-5.99,-0.99,8.94,21.12,79.0
"2025-03-14 00:00:00",WN,11,238,-12.0,-2.97,0.0,7.92,22.88,264.0
"2025-03-14 00:00:00",DL,12,168,-16.0,-7.03,-2.97,0.99,37.72,408.0
"2025-03-14 00:00:00",UA,12,128,-14.0,-5.99,-2.97,4.01,30.27,156.0
"2025-03-14 00:00:00",UA,8,170,-15.0,-7.03,-4.01,0.0,23.81,123.0
"2025-03-14 00:00:00",DL,9,133,-16.0,-5.99,-2.97,0.99,15.03,68.0
"2025-03-14 00:00:00",DL,8,182,-14.0,-5.99,-4.01,0.0,13.07,177.0
"2025-03-14 00:00:00",AA,0,10,-8.0,-5.99,-1.99,0.99,13.07,20.0
"2025-03-14 00:00:00",AA,12,119,-16.0,-4.01,-0.99,8.94,57.4,349.0
"2025-03-14 00:00:00",UA,10,128,-18.0,-7.03,-4.01,7.92,60.95,591.0
"2025-03-14 00:00:00",DL,10,161,-17.0,-5.99,-4.01,1.99,21.12,183.0
"2025-03-14 00:00:00",WN,16,233,-12.0,-1.99,5.0,24.78,63.44,153.0
"2025-03-14 00:00:00",AA,10,128,-14.0,-4.01,-0.99,5.99,23.81,285.0
"2025-03-14 00:00:00",UA,0,8,-8.0,-7.92,-5.99,-1.99,7.03,138.0
"2025-03-14 00:00:00",DL,7,245,-15.0,-5.99,-2.97,0.0,7.03,165.0
"2025-03-14 00:00:00",DL,18,168,-16.0,-5.99,-0.99,7.92,46.07,187.0
"2025-03-14 00:00:00",UA,18,153,-14.0,-4.01,0.0,15.03,59.75,214.0
"2025-03-14 00:00:00",WN,18,247,-12.0,-1.99,7.92,30.88,70.11,186.0
"2025-03-14 00:00:00",WN,19,221,-14.0,-2.97,7.92,29.08,60.95,261.0
"2025-03-15 00:00:00",AA,0,10,-9.0,-7.03,-7.03,-4.01,0.0,2.0
"2025-03-15 00:00:00",DL,7,219,-17.0,-5.99,-1.99,2.97,24.78,222.0
"2025-03-15 00:00:00",DL,8,161,-15.0,-5.99,-1.99,7.03,34.13,221.0
"2025-03-15 00:00:00",UA,8,152,-17.0,-5.0,-0.99,19.89,49.9,471.0
"2025-03-15 00:00:00",DL,9,137,-13.0,-5.0,-0.99,12.06,25.79,338.0
"2025-03-15 00:00:00",AA,10,128,-13.0,-4.01,-0.99,10.07,26.84,230.0
"2025-03-15 00:00:00",DL,10,129,-14.0,-2.97,2.97,17.99,46.07,288.0
"2025-03-15 00:00:00",UA,10,117,-12.0,-1.99,10.07,48.91,87.37,250.0
"2025-03-15 00:00:00",UA,12,102,-12.0,-2.97,12.06,51.94,144.04,307.0
"2025-03-15 00:00:00",UA,18,124,-15.0,-2.97,22.88,67.36,172.45,353.0
"2025-03-15 00:00:00",WN,19,220,-11.0,0.0,15.03,46.07,106.71,306.0
"2025-03-15 00:00:00",DL,18,138,-12.0,-2.97,10.07,43.38,80.65,254.0
"2025-03-15 00:00:00",UA,0,7,-13.0,-7.92,-0.99,5.0,27.94,64.0
"2025-03-15 00:00:00",WN,11,225,-10.0,-1.99,5.0,21.98,47.0,381.0
"2025-03-15 00:00:00",AA,12,124,-20.0,-2.97,5.99,29.08,64.72,237.0
"2025-03-15 00:00:00",DL,19,87,-11.0,-2.97,2.97,23.81,70.11,145.0
"2025-03-15 00:00:00",DL,12,145,-14.0,-1.99,7.03,22.88,48.91,148.0
"2025-03-15 00:00:00",AA,22,100,-9.0,-0.99,13.07,36.24,80.65,395.0
"2025-03-15 00:00:00",UA,23,41,-15.0,-5.99,-2.97,4.01,23.81,154.0
"2025-03-15 00:00:00",UA,21,48,-10.0,-0.99,7.92,36.97,60.95,309.0
"2025-03-15 00:00:00",WN,18,226,-13.0,-1.99,10.91,37.72,87.37,386.0
"2025-03-15 00:00:00",WN,16,204,-10.0,-0.99,8.94,32.79,68.72,437.0
"2025-03-16 00:00:00",WN,16,213,-10.0,2.97,17.99,63.44,130.34,379.0
"2025-03-16 00:00:00",DL,12,164,-12.0,4.01,24.78,57.4,100.49,364.0
"2025-03-16 00:00:00",WN,18,210,-10.0,8.94,27.94,74.45,159.19,376.0
"2025-03-16 00:00:00",UA,18,146,-12.0,1.99,34.82,104.6,194.44,1047.0
"2025-03-16 00:00:00",AA,22,96,-10.0,0.0,16.95,59.75,113.31,636.0
"2025-03-16 00:00:00",AA,12,139,-15.0,-2.97,5.0,60.95,159.19,631.0
"2025-03-16 00:00:00",UA,12,116,-16.0,-1.99,13.87,70.11,194.44,647.0
"2025-03-16 00:00:00",UA,23,46,-8.0,2.97,15.96,40.05,92.77,148.0
"2025-03-16 00:00:00",DL,10,157,-14.0,-4.01,5.0,36.97,58.56,258.0
"2025-03-16 00:00:00",WN,19,228,-8.0,7.03,40.86,87.37,162.41,406.0
"2025-03-16 00:00:00",DL,7,241,-14.0,-5.99,-1.99,5.0,21.98,442.0
"2025-03-16 00:00:00",UA,10,125,-11.0,-5.0,1.99,34.13,80.65,550.0
"2025-03-16 00:00:00",WN,11,212,-11.0,-1.99,4.01,17.99,57.4,580.0
"2025-03-16 00:00:00",DL,19,153,-16.0,12.06,57.4,138.4,228.18,918.0
"2025-03-16 00:00:00",AA,10,140,-13.0,-2.97,0.99,24.78,62.18,337.0
"2025-03-16 00:00:00",UA,21,62,-8.0,10.07,24.78,89.13,141.19,475.0
"2025-03-16 00:00:00",DL,8,186,-14.0,-5.0,-0.99,12.06,51.94,265.0
"2025-03-16 00:00:00",UA,8,165,-15.0,-7.03,-4.01,7.92,56.27,360.0
"2025-03-16 00:00:00",DL,9,131,-16.0,-2.97,12.06,47.0,96.55,259.0
"2025-03-16 00:00:00",UA,0,6,-4.0,0.0,1.99,1.99,10.07,27.0
"2025-03-16 00:00:00",AA,0,9,-15.0,-7.92,-5.0,-2.97,-2.97,38.0
"2025-03-16 00:00:00",DL,18,158,-14.0,12.06,37.72,94.64,179.49,417.0
"2025-03-17 00:00:00",DL,10,160,-11.0,-4.01,0.0,10.07,39.25,325.0
"2025-03-17 00:00:00",DL,9,131,-15.0,-4.01,0.0,13.87,36.97,810.0
"2025-03-17 00:00:00",WN,11,234,-14.0,-0.99,5.0,23.81,60.95,300.0
"2025-03-17 00:00:00",WN,16,234,-7.0,4.01,19.11,41.68,67.36,248.0
"2025-03-17 00:00:00",DL,8,176,-13.0,-5.0,-1.99,7.03,30.88,400.0
"2025-03-17 00:00:00",UA,8,170,-13.0,-5.99,-2.97,0.99,26.84,480.0
"2025-03-17 00:00:00",UA,0,7,-9.0,12.06,23.81,34.13,44.26,93.0
"2025-03-17 00:00:00",AA,0,12,-8.0,-0.99,7.03,57.4,96.55,793.0
"2025-03-17 00:00:00",DL,7,233,-11.0,-5.0,-1.99,5.99,48.91,834.0
"2025-03-17 00:00:00",DL,12,164,-12.0,-5.0,0.0,17.99,57.4,319.0
"2025-03-17 00:00:00",UA,23,38,-18.0,-7.03,-5.0,4.01,21.12,121.0
"2025-03-17 00:00:00",DL,18,170,-14.0,-1.99,7.03,37.72,74.45,681.0
"2025-03-17 00:00:00",UA,21,57,-10.0,-4.01,0.99,13.87,34.82,98.0
"2025-03-17 00:00:00",AA,22,102,-15.0,-5.0,-0.99,15.96,32.14,664.0
"2025-03-17 00:00:00",AA,10,137,-10.0,-2.97,0.0,8.94,45.15,510.0
"2025-03-17 00:00:00",WN,18,247,-10.0,0.0,21.12,49.9,80.65,253.0
"2025-03-17 00:00:00",UA,12,130,-12.0,-5.0,-1.99,5.99,30.27,240.0
"2025-03-17 00:00:00",UA,18,152,-17.0,-5.0,-0.99,15.03,46.07,156.0
"2025-03-17 00:00:00",DL,19,163,-18.0,-4.01,5.0,40.86,63.44,297.0
"2025-03-17 00:00:00",WN,19,219,-17.0,0.99,15.96,43.38,68.72,174.0
"2025-03-17 00:00:00",AA,12,145,-13.0,-1.99,4.01,22.88,74.45,418.0
"2025-03-17 00:00:00",UA,10,128,-13.0,-5.0,-1.99,5.0,25.79,191.0
"2025-03-18 00:00:00",UA,12,125,-12.0,-7.03,-4.01,-0.99,7.03,388.0
"2025-03-18 00:00:00",WN,19,277,-15.0,-5.0,-0.99,10.91,36.24,269.0
"2025-03-18 00:00:00",DL,18,152,-22.0,-7.03,-2.97,7.03,40.05,153.0
"2025-03-18 00:00:00",DL,10,158,-14.0,-7.03,-2.97,0.99,32.14,156.0
"2025-03-18 00:00:00",UA,10,129,-14.0,-7.03,-4.01,0.99,21.98,450.0
"2025-03-18 00:00:00",AA,10,140,-13.0,-5.0,-0.99,10.07,25.79,259.0
"2025-03-18 00:00:00",DL,12,163,-16.0,-5.99,-2.97,1.99,15.03,62.0
"2025-03-18 00:00:00",WN,11,222,-14.0,-5.0,-0.99,2.97,15.96,483.0
"2025-03-18 00:00:00",AA,12,144,-12.0,-4.01,-0.99,12.06,36.97,239.0
"2025-03-18 00:00:00",DL,8,177,-14.0,-5.99,-4.01,-0.99,10.07,128.0
"2025-03-18 00:00:00",AA,22,102,-14.0,-5.99,-2.97,5.0,24.78,468.0
"2025-03-18 00:00:00",UA,8,169,-17.0,-7.92,-5.0,-2.97,5.0,341.0
"2025-03-18 00:00:00",DL,19,131,-18.0,-7.03,-1.99,4.01,13.87,135.0
"2025-03-18 00:00:00",DL,9,132,-17.0,-7.03,-4.01,-0.99,8.94,308.0
"2025-03-18 00:00:00",UA,23,34,-15.0,-7.03,-5.0,-1.99,2.97,36.0
"2025-03-18 00:00:00",DL,7,244,-15.0,-7.03,-4.01,-0.99,7.03,137.0
"2025-03-18 00:00:00",AA,0,10,-12.0,-5.0,-2.97,32.14,74.45,127.0
"2025-03-18 00:00:00",UA,0,6,-11.0,-4.01,-4.01,-1.99,-0.99,11.0
"2025-03-18 00:00:00",UA,21,42,-14.0,-7.92,-4.01,1.99,10.07,140.0
"2025-03-18 00:00:00",UA,18,134,-17.0,-7.03,-2.97,2.97,13.87,285.0
"2025-03-18 00:00:00",WN,18,216,-14.0,-5.0,0.0,10.91,36.24,267.0
"2025-03-18 00:00:00",WN,16,238,-12.0,-5.0,-0.99,5.0,32.79,282.0
"2025-03-19 00:00:00",WN,18,213,-10.0,-4.01,0.0,10.91,32.79,215.0
"2025-03-19 00:00:00",AA,22,102,-11.0,-5.0,0.0,29.08,57.4,699.0
"2025-03-19 00:00:00",AA,0,9,-12.0,-7.92,-4.01,-0.99,5.0,33.0
"2025-03-19 00:00:00",UA,0,4,-20.0,-19.89,-13.07,7.03,7.03,40.0
"2025-03-19 00:00:00",DL,7,243,-16.0,-7.03,-5.0,-1.99,4.01,778.0
"2025-03-19 00:00:00",UA,10,125,-22.0,-7.92,-5.0,-0.99,10.91,185.0
"2025-03-19 00:00:00",DL,18,153,-16.0,-5.99,-1.99,4.01,40.05,311.0
"2025-03-19 00:00:00",UA,18,145,-12.0,-5.0,0.99,32.14,127.75,302.0
"2025-03-19 00:00:00",UA,23,43,-12.0,-8.94,-1.99,8.94,54.06,475.0
"2025-03-19 00:00:00",UA,12,121,-22.0,-7.92,-5.99,-1.99,7.03,224.0
"2025-03-19 00:00:00",WN,16,231,-10.0,-4.01,0.0,7.92,25.79,175.0
"2025-03-19 00:00:00",WN,11,217,-13.0,-4.01,-1.99,2.97,15.96,128.0
"2025-03-19 00:00:00",DL,12,164,-18.0,-7.03,-4.01,-0.99,7.92,179.0
"2025-03-19 00:00:00",AA,12,137,-17.0,-5.0,-0.99,21.12,56.27,1217.0
"2025-03-19 00:00:00",DL,8,176,-15.0,-7.03,-5.0,-1.99,4.01,278.0
"2025-03-19 00:00:00",AA,10,138,-13.0,-5.99,-1.99,2.97,30.27,463.0
"2025-03-19 00:00:00",DL,10,158,-20.0,-5.99,-4.01,-0.99,7.92,175.0
"2025-03-19 00:00:00",UA,8,170,-17.0,-7.92,-5.99,-2.97,0.99,160.0
"2025-03-19 00:00:00",DL,9,132,-16.0,-7.03,-5.0,-1.99,1.99,205.0
"2025-03-19 00:00:00",WN,19,262,-21.0,-4.01,-0.99,8.94,30.27,229.0
"2025-03-19 00:00:00",UA,21,57,-12.0,-7.92,-4.01,21.98,85.64,184.0
"2025-03-19 00:00:00",DL,19,135,-20.0,-5.99,-2.97,7.92,32.14,157.0
"2025-03-20 00:00:00",AA,0,9,-6.0,-5.0,-2.97,5.0,21.12,65.0
"2025-03-20 00:00:00",DL,10,162,-14.0,-5.0,-1.99,2.97,19.11,159.0
"2025-03-20 00:00:00",AA,10,140,-10.0,-5.0,-1.99,13.07,41.68,309.0
"2025-03-20 00:00:00",UA,10,127,-14.0,-5.0,-0.99,10.07,36.24,334.0
"2025-03-20 00:00:00",WN,11,235,-12.0,-4.01,0.0,7.92,22.88,188.0
"2025-03-20 00:00:00",AA,12,144,-9.0,-4.01,0.0,19.11,66.03,239.0
"2025-03-20 00:00:00",DL,12,168,-15.0,-5.0,-1.99,5.99,36.24,319.0
"2025-03-20 00:00:00",UA,12,127,-13.0,-5.0,0.0,19.11,77.49,250.0
"2025-03-20 00:00:00",WN,16,233,-11.0,-1.99,1.99,10.91,29.08,226.0
"2025-03-20 00:00:00",WN,18,247,-10.0,-2.97,0.99,13.07,34.13,252.0
"2025-03-20 00:00:00",DL,18,172,-17.0,-5.0,0.0,21.12,57.4,313.0
"2025-03-20 00:00:00",UA,18,153,-13.0,-5.0,0.0,12.06,43.38,410.0
"2025-03-20 00:00:00",DL,19,167,-17.0,-2.97,2.97,21.98,74.45,299.0
"2025-03-20 00:00:00",WN,19,220,-11.0,-2.97,0.0,15.03,44.26,246.0
"2025-03-20 00:00:00",UA,21,63,-11.0,-4.01,-0.99,12.06,27.94,152.0
"2025-03-20 00:00:00",AA,22,102,-12.0,-4.01,-1.99,7.03,32.79,358.0
"2025-03-20 00:00:00",UA,23,45,-12.0,-4.01,0.0,10.07,15.96,48.0
"2025-03-20 00:00:00",UA,8,173,-14.0,-7.03,-4.01,1.99,36.24,195.0
"2025-03-20 00:00:00",DL,7,248,-13.0,-5.99,-2.97,2.97,19.89,267.0
"2025-03-20 00:00:00",UA,0,6,-13.0,-5.99,0.99,4.01,5.0,11.0
"2025-03-20 00:00:00",DL,8,181,-14.0,-5.99,-2.97,4.01,21.12,358.0
"2025-03-20 00:00:00",DL,9,134,-12.0,-5.99,-1.99,4.01,21.98,293.0
