"2025-01-01 00:00:00",AA,0,13,-11.0,-5.0,0.0,21.12,25.79,45.0
"2025-01-01 00:00:00",DL,7,190,-19.0,-5.99,-4.01,-0.99,15.96,339.0
"2025-01-01 00:00:00",UA,8,169,-14.0,-5.99,-2.97,0.99,12.06,71.0
"2025-01-01 00:00:00",DL,10,127,-16.0,-7.03,-4.01,0.0,15.96,214.0
"2025-01-01 00:00:00",WN,18,251,-13.0,-2.97,2.97,13.07,29.08,205.0
"2025-01-01 00:00:00",UA,18,146,-14.0,-5.99,-1.99,7.03,30.88,248.0
"2025-01-01 00:00:00",UA,10,109,-10.0,-4.01,-0.99,8.94,22.88,86.0
"2025-01-01 00:00:00",WN,19,217,-14.0,-4.01,0.0,13.07,36.24,108.0
"2025-01-01 00:00:00",DL,19,76,-10.0,-5.0,-2.97,0.99,5.99,48.0
"2025-01-01 00:00:00",DL,9,109,-16.0,-5.0,-2.97,0.99,10.91,243.0
"2025-01-01 00:00:00",WN,11,241,-10.0,-2.97,0.0,4.01,15.96,119.0
"2025-01-01 00:00:00",UA,21,57,-10.0,-5.0,-1.99,12.06,30.88,99.0
"2025-01-01 00:00:00",AA,22,83,-12.0,-5.99,-4.01,4.01,13.87,422.0
"2025-01-01 00:00:00",AA,12,132,-11.0,-5.0,-1.99,7.92,23.81,339.0
"2025-01-01 00:00:00",UA,23,48,-10.0,-7.03,-4.01,1.99,13.07,61.0
"2025-01-01 00:00:00",DL,8,160,-19.0,-5.99,-4.01,0.99,30.27,191.0
"2025-01-01 00:00:00",UA,0,7,-7.0,-5.0,-2.97,1.99,5.99,85.0
"2025-01-01 00:00:00",DL,12,141,-20.0,-7.03,-2.97,4.01,32.79,184.0
"2025-01-01 00:00:00",UA,12,112,-11.0,-5.0,-2.97,2.97,22.88,153.0
"2025-01-01 00:00:00",AA,10,131,-11.0,-5.0,-4.01,0.0,12.06,1559.0
"2025-01-01 00:00:00",WN,16,251,-12.0,-2.97,0.99,13.07,25.79,88.0
"2025-01-01 00:00:00",DL,18,83,-16.0,-5.99,-2.97,2.97,15.96,319.0
"2025-01-02 00:00:00",WN,11,223,-8.0,-4.01,-0.99,5.0,22.88,239.0
"2025-01-02 00:00:00",AA,12,139,-12.0,-5.0,-1.99,5.99,30.27,314.0
"2025-01-02 00:00:00",DL,12,160,-16.0,-5.99,-1.99,12.06,37.72,174.0
"2025-01-02 00:00:00",UA,12,116,-15.0,-5.99,-2.97,0.99,12.06,76.0
"2025-01-02 00:00:00",WN,16,225,-10.0,-1.99,2.97,13.07,32.79,204.0
"2025-01-02 00:00:00",DL,18,162,-20.0,-7.03,-2.97,10.07,32.79,947.0
"2025-01-02 00:00:00",WN,18,241,-14.0,-2.97,1.99,15.03,36.24,112.0
"2025-01-02 00:00:00",WN,19,201,-15.0,-4.01,0.99,15.03,34.13,251.0
"2025-01-02 00:00:00",DL,19,138,-20.0,-7.03,0.0,15.03,27.94,59.0
"2025-01-02 00:00:00",UA,21,56,-12.0,-5.0,-0.99,15.03,51.94,729.0
"2025-01-02 00:00:00",UA,23,49,-10.0,-4.01,-0.99,10.07,30.27,108.0
"2025-01-02 00:00:00",AA,0,16,-8.0,-5.99,-4.01,0.99,4.01,30.0
"2025-01-02 00:00:00",AA,22,91,-12.0,-5.0,1.99,17.99,40.86,811.0
"2025-01-02 00:00:00",UA,0,9,-9.0,-7.03,-1.99,19.11,19.89,98.0
"2025-01-02 00:00:00",DL,7,225,-15.0,-5.99,-2.97,0.99,13.87,170.0
"2025-01-02 00:00:00",DL,8,167,-14.0,-5.99,-4.01,0.0,12.06,158.0
"2025-01-02 00:00:00",UA,8,173,-12.0,-5.0,-1.99,1.99,15.96,399.0
"2025-01-02 00:00:00",UA,10,110,-12.0,-5.99,-2.97,1.99,16.95,215.0
"2025-01-02 00:00:00",DL,10,142,-18.0,-5.99,-2.97,2.97,27.94,214.0
"2025-01-02 00:00:00",DL,9,125,-13.0,-5.0,-4.01,1.99,25.79,116.0
"2025-01-02 00:00:00",AA,10,145,-13.0,-5.99,-2.97,2.97,21.12,198.0
"2025-01-02 00:00:00",UA,18,146,-14.0,-5.0,0.0,10.91,44.26,282.0
"2025-01-03 00:00:00",UA,8,178,-12.0,-5.0,-1.99,2.97,27.94,238.0
"2025-01-03 00:00:00",UA,18,146,-11.0,-2.97,5.0,23.81,57.4,255.0
"2025-01-03 00:00:00",AA,22,86,-11.0,-2.97,0.0,19.89,47.95,151.0
"2025-01-03 00:00:00",AA,10,139,-26.0,-5.0,-2.97,7.92,34.13,418.0
"2025-01-03 00:00:00",AA,12,139,-15.0,-4.01,0.0,16.95,36.24,200.0
"2025-01-03 00:00:00",WN,11,235,-11.0,-1.99,2.97,19.11,62.18,210.0
"2025-01-03 00:00:00",UA,23,49,-10.0,-1.99,0.0,12.06,40.86,796.0
"2025-01-03 00:00:00",WN,16,239,-9.0,0.0,12.06,34.82,70.11,224.0
"2025-01-03 00:00:00",WN,18,229,-11.0,1.99,15.03,36.24,79.05,320.0
"2025-01-03 00:00:00",WN,19,226,-10.0,0.0,16.95,41.68,71.53,188.0
"2025-01-03 00:00:00",AA,0,16,-7.0,-2.97,4.01,15.03,23.81,44.0
"2025-01-03 00:00:00",UA,21,58,-11.0,-0.99,5.0,22.88,47.95,168.0
"2025-01-03 00:00:00",DL,18,164,-20.0,-7.03,-1.99,12.06,49.9,336.0
"2025-01-03 00:00:00",DL,7,223,-22.0,-7.03,-4.01,0.0,19.89,425.0
"2025-01-03 00:00:00",DL,19,138,-22.0,-5.0,0.0,17.99,54.06,184.0
"2025-01-03 00:00:00",UA,0,9,-4.0,0.0,5.0,10.91,15.96,125.0
"2025-01-03 00:00:00",DL,12,159,-14.0,-5.0,-1.99,7.03,27.94,495.0
"2025-01-03 00:00:00",DL,8,168,-15.0,-5.99,-2.97,0.99,24.78,772.0
"2025-01-03 00:00:00",DL,10,141,-14.0,-5.99,-0.99,7.92,41.68,310.0
"2025-01-03 00:00:00",UA,12,112,-13.0,-5.0,-0.99,12.06,26.84,1154.0
"2025-01-03 00:00:00",DL,9,125,-15.0,-5.0,-1.99,5.0,22.88,170.0
"2025-01-03 00:00:00",UA,10,109,-13.0,-4.01,0.0,13.87,52.99,175.0
"2025-01-04 00:00:00",DL,9,119,-15.0,-5.0,-0.99,12.06,34.82,99.0
"2025-01-04 00:00:00",AA,22,87,-11.0,-1.99,5.0,22.88,67.36,406.0
"2025-01-04 00:00:00",WN,11,210,-11.0,-1.99,1.99,13.07,30.88,249.0
"2025-01-04 00:00:00",UA,12,96,-13.0,-4.01,0.0,22.88,56.27,288.0
"2025-01-04 00:00:00",AA,12,129,-13.0,-2.97,1.99,19.11,51.94,1144.0
"2025-01-04 00:00:00",UA,8,161,-12.0,-4.01,-0.99,10.91,37.72,640.0
"2025-01-04 00:00:00",UA,23,49,-10.0,-2.97,7.92,36.97,60.95,509.0
"2025-01-04 00:00:00",WN,16,216,-10.0,0.99,15.96,34.82,63.44,438.0
"2025-01-04 00:00:00",UA,18,131,-11.0,-0.99,7.03,26.84,75.95,240.0
"2025-01-04 00:00:00",WN,18,235,-12.0,5.0,17.99,43.38,92.77,366.0
"2025-01-04 00:00:00",DL,18,160,-17.0,-1.99,7.03,34.13,66.03,238.0
"2025-01-04 00:00:00",WN,19,228,-15.0,4.01,23.81,49.9,82.28,236.0
"2025-01-04 00:00:00",AA,0,15,-9.0,-5.0,-0.99,1.99,40.86,49.0
"2025-01-04 00:00:00",UA,21,56,-9.0,0.0,7.03,19.11,32.14,132.0
"2025-01-04 00:00:00",DL,19,141,-16.0,-1.99,7.92,40.05,80.65,663.0
"2025-01-04 00:00:00",AA,10,129,-11.0,-4.01,-1.99,5.0,25.79,301.0
"2025-01-04 00:00:00",UA,0,9,-8.0,-2.97,1.99,17.99,17.99,31.0
"2025-01-04 00:00:00",UA,10,105,-17.0,-2.97,2.97,15.03,37.72,290.0
"2025-01-04 00:00:00",DL,7,211,-26.0,-5.0,-2.97,2.97,21.98,911.0
"2025-01-04 00:00:00",DL,12,138,-14.0,-2.97,0.0,17.99,49.9,1113.0
"2025-01-04 00:00:00",DL,8,160,-17.0,-5.0,-0.99,7.03,19.89,333.0
"2025-01-04 00:00:00",DL,10,131,-13.0,-4.01,0.0,10.07,34.13,282.0
