"2025-04-21 00:00:00",UA,11,123,-13.0,-5.99,-1.99,19.89,79.05,255.0
"2025-04-21 00:00:00",AA,23,33,-15.0,-5.99,-4.01,0.0,8.94,107.0
"2025-04-21 00:00:00",AA,8,204,-11.0,-5.99,-2.97,0.0,21.98,152.0
"2025-04-21 00:00:00",UA,14,128,-12.0,-5.0,0.0,19.89,85.64,265.0
"2025-04-21 00:00:00",WN,8,239,-9.0,-4.01,-0.99,2.97,21.98,533.0
"2025-04-21 00:00:00",AA,7,231,-14.0,-5.99,-4.01,0.0,16.95,1084.0
"2025-04-21 00:00:00",AA,11,168,-13.0,-5.0,-0.99,10.07,34.13,497.0
"2025-04-21 00:00:00",DL,5,76,-15.0,-7.92,-5.0,-1.99,4.01,554.0
"2025-04-21 00:00:00",DL,14,155,-14.0,-5.0,-1.99,5.99,36.24,274.0
"2025-04-21 00:00:00",WN,13,249,-9.0,-1.99,4.01,19.89,58.56,297.0
"2025-04-21 00:00:00",UA,1,2,-4.0,-4.0,-4.0,-4.0,-4.0,48.0
"2025-04-21 00:00:00",DL,1,2,-26.0,-25.79,-25.79,-25.79,-25.79,-14.0
"2025-04-21 00:00:00",UA,19,137,-12.0,-7.03,-1.99,17.99,63.44,242.0
"2025-04-21 00:00:00",AA,13,146,-14.0,-4.01,0.0,10.07,39.25,1412.0
"2025-04-21 00:00:00",UA,22,33,-10.0,-5.0,-1.99,12.06,19.89,45.0
"2025-04-21 00:00:00",UA,5,44,-15.0,-7.03,-5.0,-1.99,51.94,251.0
"2025-04-21 00:00:00",WN,20,200,-12.0,-4.01,5.0,32.14,96.55,197.0
"2025-04-21 00:00:00",UA,15,101,-17.0,-5.99,-0.99,10.91,80.65,301.0
"2025-04-21 00:00:00",AA,18,169,-10.0,-2.97,1.99,27.94,67.36,830.0
"2025-04-21 00:00:00",AA,17,163,-10.0,-4.01,0.0,13.87,64.72,255.0
"2025-04-21 00:00:00",UA,9,140,-21.0,-5.99,-2.97,16.95,74.45,213.0
"2025-04-21 00:00:00",WN,15,230,-8.0,-1.99,7.03,24.78,79.05,307.0
"2025-04-22 00:00:00",UA,22,33,-14.0,-8.94,-5.99,-2.97,2.97,36.0
"2025-04-22 00:00:00",DL,5,76,-16.0,-8.94,-7.03,-2.97,0.0,30.0
"2025-04-22 00:00:00",UA,5,38,-16.0,-8.94,-5.99,-2.97,-1.99,92.0
"2025-04-22 00:00:00",UA,11,123,-18.0,-5.99,-4.01,0.0,10.91,94.0
"2025-04-22 00:00:00",WN,8,296,-12.0,-5.0,-1.99,0.0,5.0,136.0
"2025-04-22 00:00:00",AA,7,214,-15.0,-7.03,-4.01,-0.99,7.92,322.0
"2025-04-22 00:00:00",UA,9,141,-17.0,-7.03,-4.01,1.99,13.07,380.0
"2025-04-22 00:00:00",AA,11,162,-15.0,-5.99,-2.97,1.99,15.03,144.0
"2025-04-22 00:00:00",AA,8,199,-15.0,-5.99,-4.01,-0.99,19.11,2358.0
"2025-04-22 00:00:00",AA,13,146,-17.0,-5.0,-2.97,1.99,24.78,190.0
"2025-04-22 00:00:00",WN,13,242,-10.0,-4.01,-0.99,4.01,17.99,157.0
"2025-04-22 00:00:00",DL,14,150,-15.0,-7.92,-4.01,-0.99,10.91,112.0
"2025-04-22 00:00:00",UA,14,125,-11.0,-7.03,-2.97,0.99,13.87,203.0
"2025-04-22 00:00:00",UA,15,97,-14.0,-5.99,-1.99,1.99,13.87,253.0
"2025-04-22 00:00:00",WN,15,223,-12.0,-5.0,-0.99,5.99,22.88,170.0
"2025-04-22 00:00:00",AA,17,155,-13.0,-7.03,-2.97,4.01,21.12,121.0
"2025-04-22 00:00:00",AA,18,160,-16.0,-5.0,-1.99,12.06,36.97,304.0
"2025-04-22 00:00:00",UA,19,127,-15.0,-7.03,-4.01,4.01,16.95,83.0
"2025-04-22 00:00:00",WN,20,191,-15.0,-5.99,-2.97,0.0,12.06,104.0
"2025-04-22 00:00:00",AA,23,29,-19.0,-5.0,-1.99,4.01,19.11,465.0
"2025-04-22 00:00:00",UA,1,1,22.0,22.0,22.0,22.0,22.0,22.0
"2025-04-22 00:00:00",DL,1,2,-10.0,-10.0,-10.0,-10.0,-10.0,33.0
"2025-04-23 00:00:00",AA,17,158,-13.0,-4.01,0.99,21.98,67.36,363.0
"2025-04-23 00:00:00",AA,18,164,-12.0,-2.97,4.01,32.79,87.37,307.0
"2025-04-23 00:00:00",DL,14,150,-17.0,-5.99,-2.97,5.0,17.99,106.0
"2025-04-23 00:00:00",UA,19,138,-20.0,-5.0,-1.99,7.03,30.27,164.0
"2025-04-23 00:00:00",WN,20,191,-15.0,-4.01,1.99,19.89,59.75,115.0
"2025-04-23 00:00:00",UA,14,126,-17.0,-7.03,-2.97,4.01,25.79,263.0
"2025-04-23 00:00:00",DL,1,2,-11.0,-10.91,-10.91,-10.91,-10.91,-3.0
"2025-04-23 00:00:00",WN,15,222,-12.0,-1.99,5.0,24.78,59.75,338.0
"2025-04-23 00:00:00",UA,15,100,-15.0,-5.99,-2.97,1.99,17.99,155.0
"2025-04-23 00:00:00",UA,22,36,-15.0,-8.94,-5.0,-1.99,7.92,99.0
"2025-04-23 00:00:00",AA,23,31,-8.0,-5.0,-0.99,7.03,21.12,77.0
"2025-04-23 00:00:00",WN,13,240,-10.0,-1.99,4.01,19.89,45.15,158.0
"2025-04-23 00:00:00",AA,11,165,-12.0,-4.01,0.99,37.72,106.71,434.0
"2025-04-23 00:00:00",UA,11,124,-14.0,-5.99,-2.97,1.99,21.98,186.0
"2025-04-23 00:00:00",AA,13,146,-14.0,-5.0,0.0,21.98,63.44,194.0
"2025-04-23 00:00:00",AA,8,202,-15.0,-5.0,-2.97,16.95,80.65,2117.0
"2025-04-23 00:00:00",UA,1,1,-4.0,-4.0,-4.0,-4.0,-4.0,-4.0
"2025-04-23 00:00:00",UA,9,142,-14.0,-7.03,-4.01,0.0,25.79,159.0
"2025-04-23 00:00:00",WN,8,296,-11.0,-4.01,-1.99,0.99,13.87,173.0
"2025-04-23 00:00:00",DL,5,75,-14.0,-8.94,-5.99,-2.97,5.0,538.0
"2025-04-23 00:00:00",UA,5,38,-17.0,-10.07,-5.99,-2.97,7.03,109.0
"2025-04-23 00:00:00",AA,7,223,-12.0,-5.99,-1.99,15.96,74.45,323.0
"2025-04-24 00:00:00",AA,17,156,-13.0,-2.97,7.03,58.56,104.6,473.0
"2025-04-24 00:00:00",UA,9,140,-14.0,-5.99,-1.99,5.99,34.13,294.0
"2025-04-24 00:00:00",WN,13,242,-13.0,-0.99,5.0,19.89,45.15,268.0
"2025-04-24 00:00:00",UA,1,1,-2.0,-2.0,-2.0,-2.0,-2.0,-2.0
"2025-04-24 00:00:00",UA,11,124,-14.0,-5.0,-1.99,8.94,26.84,298.0
"2025-04-24 00:00:00",AA,13,140,-14.0,-2.97,2.97,36.97,92.77,276.0
"2025-04-24 00:00:00",DL,1,2,-12.0,-12.0,-12.0,-12.0,-12.0,-11.0
"2025-04-24 00:00:00",WN,8,236,-11.0,-4.01,-0.99,5.99,17.99,134.0
"2025-04-24 00:00:00",UA,15,92,-13.0,-4.01,0.0,27.94,115.6,430.0
"2025-04-24 00:00:00",AA,23,31,-9.0,-1.99,5.99,21.98,57.4,110.0
"2025-04-24 00:00:00",AA,8,189,-11.0,-5.99,-2.97,1.99,77.49,419.0
"2025-04-24 00:00:00",DL,5,75,-13.0,-7.92,-5.0,-0.99,2.97,124.0
"2025-04-24 00:00:00",AA,7,217,-13.0,-5.99,-4.01,0.0,37.72,199.0
"2025-04-24 00:00:00",AA,18,165,-10.0,-1.99,8.94,44.26,104.6,379.0
"2025-04-24 00:00:00",AA,11,156,-10.0,-4.01,0.99,29.08,96.55,1622.0
"2025-04-24 00:00:00",DL,14,152,-18.0,-5.99,-1.99,5.0,22.88,1145.0
"2025-04-24 00:00:00",WN,15,228,-10.0,0.0,10.91,40.05,111.06,221.0
"2025-04-24 00:00:00",UA,19,145,-16.0,-0.99,23.81,82.28,183.12,398.0
"2025-04-24 00:00:00",UA,22,36,-28.0,-4.01,5.99,17.99,32.14,174.0
"2025-04-24 00:00:00",UA,5,44,-12.0,-7.92,-7.03,-2.97,-0.99,36.0
"2025-04-24 00:00:00",UA,14,126,-13.0,-5.0,-1.99,13.87,77.49,268.0
"2025-04-24 00:00:00",WN,20,196,-10.0,-1.99,13.07,41.68,72.97,224.0
"2025-04-25 00:00:00",UA,15,101,-11.0,-2.97,15.03,41.68,111.06,300.0
"2025-04-25 00:00:00",AA,17,163,-14.0,-4.01,1.99,19.11,39.25,219.0
"2025-04-25 00:00:00",WN,8,240,-12.0,-2.97,0.0,7.92,27.94,276.0
"2025-04-25 00:00:00",AA,8,202,-11.0,-4.01,-1.99,0.99,19.89,1861.0
"2025-04-25 00:00:00",WN,15,229,-11.0,0.99,13.07,30.88,67.36,268.0
"2025-04-25 00:00:00",DL,1,2,-11.0,-10.91,-10.91,-10.91,-10.91,-2.0
"2025-04-25 00:00:00",UA,9,139,-13.0,-5.0,-1.99,4.01,36.97,182.0
"2025-04-25 00:00:00",WN,13,248,-8.0,0.99,13.07,32.79,74.45,179.0
"2025-04-25 00:00:00",UA,1,2,-4.0,-4.0,-4.0,-4.0,-4.0,45.0
"2025-04-25 00:00:00",UA,22,35,-35.0,-7.03,-2.97,4.01,24.78,150.0
"2025-04-25 00:00:00",AA,13,148,-10.0,-2.97,1.99,13.07,30.88,147.0
"2025-04-25 00:00:00",UA,14,126,-12.0,-4.01,2.97,26.84,68.72,190.0
"2025-04-25 00:00:00",DL,14,154,-17.0,-5.99,-1.99,5.0,25.79,307.0
"2025-04-25 00:00:00",AA,11,167,-11.0,-4.01,-0.99,2.97,16.95,129.0
"2025-04-25 00:00:00",UA,11,121,-15.0,-5.0,0.99,21.98,87.37,206.0
"2025-04-25 00:00:00",AA,23,33,-11.0,-5.99,-0.99,1.99,16.95,75.0
"2025-04-25 00:00:00",AA,18,171,-12.0,-4.01,0.0,23.81,58.56,264.0
"2025-04-25 00:00:00",DL,5,76,-17.0,-7.03,-5.0,-0.99,5.0,53.0
"2025-04-25 00:00:00",UA,19,144,-18.0,0.0,10.07,40.05,77.49,809.0
"2025-04-25 00:00:00",UA,5,44,-17.0,-7.92,-5.99,-4.01,-1.99,3.0
"2025-04-25 00:00:00",AA,7,229,-12.0,-5.99,-2.97,0.0,12.06,165.0
"2025-04-25 00:00:00",WN,20,200,-14.0,-2.97,5.99,25.79,72.97,195.0
"2025-04-26 00:00:00",UA,14,119,-15.0,-7.03,-2.97,7.03,59.75,421.0
"2025-04-26 00:00:00",UA,1,2,-7.0,-7.0,-7.0,-7.0,-7.0,-1.0
"2025-04-26 00:00:00",AA,13,138,-12.0,-5.0,-2.97,4.01,23.81,224.0
"2025-04-26 00:00:00",AA,11,149,-16.0,-5.0,-1.99,5.99,32.79,154.0
"2025-04-26 00:00:00",UA,19,117,-19.0,-2.97,4.01,34.82,90.93,244.0
"2025-04-26 00:00:00",AA,8,197,-12.0,-5.99,-5.0,-1.99,13.07,290.0
"2025-04-26 00:00:00",DL,14,130,-16.0,-7.03,-4.01,0.99,22.88,980.0
"2025-04-26 00:00:00",DL,1,2,-13.0,-13.0,-13.0,-13.0,-13.0,1.0
"2025-04-26 00:00:00",AA,23,30,-14.0,-7.03,-2.97,-0.99,10.91,48.0
"2025-04-26 00:00:00",WN,13,232,-12.0,-4.01,-0.99,5.0,21.12,188.0
"2025-04-26 00:00:00",UA,11,115,-16.0,-5.99,-0.99,13.07,43.38,213.0
"2025-04-26 00:00:00",UA,15,94,-13.0,-5.99,-1.99,17.99,87.37,504.0
"2025-04-26 00:00:00",UA,9,127,-14.0,-5.0,-1.99,4.01,32.14,376.0
"2025-04-26 00:00:00",DL,5,72,-15.0,-8.94,-5.0,-2.97,1.99,389.0
"2025-04-26 00:00:00",UA,5,44,-14.0,-8.94,-5.99,-4.01,0.0,74.0
"2025-04-26 00:00:00",WN,8,213,-14.0,-5.0,-2.97,0.0,7.92,91.0
"2025-04-26 00:00:00",AA,7,216,-16.0,-7.03,-5.0,-0.99,10.07,278.0
"2025-04-26 00:00:00",WN,15,201,-11.0,-5.0,-0.99,7.03,40.05,156.0
"2025-04-26 00:00:00",WN,20,122,-12.0,-5.99,-0.99,13.07,30.88,156.0
"2025-04-26 00:00:00",AA,17,147,-12.0,-5.99,-1.99,4.01,43.38,304.0
"2025-04-26 00:00:00",AA,18,161,-16.0,-5.0,-0.99,15.03,62.18,257.0
"2025-04-26 00:00:00",UA,22,36,-28.0,-5.99,-1.99,45.15,108.86,500.0
"2025-04-27 00:00:00",AA,11,166,-11.0,-5.99,-1.99,4.01,30.27,385.0
"2025-04-27 00:00:00",AA,8,202,-14.0,-5.99,-4.01,0.0,25.79,1530.0
"2025-04-27 00:00:00",UA,15,99,-12.0,-5.0,-1.99,10.07,58.56,392.0
"2025-04-27 00:00:00",WN,20,277,-11.0,-1.99,8.94,25.79,46.07,121.0
"2025-04-27 00:00:00",WN,8,266,-11.0,-4.01,-1.99,1.99,10.07,82.0
"2025-04-27 00:00:00",WN,15,251,-12.0,0.0,5.99,19.89,44.26,129.0
"2025-04-27 00:00:00",WN,13,257,-11.0,-1.99,1.99,12.06,30.88,123.0
"2025-04-27 00:00:00",DL,14,153,-14.0,-5.99,-2.97,1.99,10.91,165.0
"2025-04-27 00:00:00",UA,5,42,-13.0,-7.92,-5.0,-0.99,5.0,100.0
"2025-04-27 00:00:00",UA,14,125,-15.0,-5.0,-2.97,4.01,63.44,375.0
"2025-04-27 00:00:00",UA,19,136,-12.0,-2.97,5.0,26.84,82.28,248.0
"2025-04-27 00:00:00",UA,9,139,-13.0,-5.99,-4.01,-0.99,10.91,277.0
"2025-04-27 00:00:00",AA,23,33,-10.0,-5.0,-1.99,7.92,15.03,78.0
"2025-04-27 00:00:00",AA,13,148,-11.0,-4.01,-1.99,12.06,47.95,161.0
"2025-04-27 00:00:00",UA,1,1,80.0,80.0,80.0,80.0,80.0,80.0
"2025-04-27 00:00:00",AA,18,172,-16.0,-4.01,0.99,16.95,50.91,177.0
"2025-04-27 00:00:00",AA,17,162,-12.0,-4.01,-0.99,19.89,56.27,859.0
"2025-04-27 00:00:00",UA,22,38,-32.0,-4.01,0.0,10.07,50.91,139.0
"2025-04-27 00:00:00",AA,7,231,-16.0,-5.99,-4.01,-1.99,13.07,2466.0
"2025-04-27 00:00:00",DL,5,74,-13.0,-7.92,-5.0,-1.99,0.0,34.0
"2025-04-27 00:00:00",UA,11,125,-13.0,-5.0,-2.97,0.99,22.88,276.0
"2025-04-27 00:00:00",DL,1,2,-12.0,-12.0,-12.0,-12.0,-12.0,-9.0
"2025-04-28 00:00:00",WN,13,246,-10.0,-2.97,0.99,7.92,21.12,165.0
"2025-04-28 00:00:00",UA,1,2,243.0,243.0,243.0,243.0,243.0,694.0
"2025-04-28 00:00:00",AA,13,147,-10.0,-5.99,-1.99,2.97,24.78,228.0
"2025-04-28 00:00:00",WN,8,239,-9.0,-4.01,-1.99,1.99,8.94,186.0
"2025-04-28 00:00:00",UA,14,128,-11.0,-7.03,-2.97,5.0,87.37,406.0
"2025-04-28 00:00:00",DL,14,155,-16.0,-7.03,-2.97,5.99,24.78,471.0
"2025-04-28 00:00:00",UA,9,136,-17.0,-5.99,-4.01,-0.99,2.97,196.0
"2025-04-28 00:00:00",AA,11,166,-13.0,-5.99,-2.97,1.99,26.84,469.0
"2025-04-28 00:00:00",AA,23,33,-17.0,-7.03,-4.01,4.01,7.03,529.0
"2025-04-28 00:00:00",WN,15,228,-11.0,-2.97,1.99,15.96,34.13,234.0
"2025-04-28 00:00:00",AA,18,170,-12.0,-5.0,-0.99,10.07,55.15,337.0
"2025-04-28 00:00:00",AA,17,163,-13.0,-5.0,-1.99,10.91,56.27,283.0
"2025-04-28 00:00:00",UA,5,44,-16.0,-7.92,-5.99,-1.99,0.99,384.0
"2025-04-28 00:00:00",UA,19,131,-18.0,-5.99,-0.99,15.96,77.49,319.0
"2025-04-28 00:00:00",DL,5,75,-16.0,-8.94,-5.99,-1.99,4.01,335.0
"2025-04-28 00:00:00",WN,20,198,-15.0,-5.0,0.0,13.07,34.13,114.0
"2025-04-28 00:00:00",UA,15,96,-12.0,-5.0,-0.99,13.87,98.5,397.0
"2025-04-28 00:00:00",UA,22,30,-10.0,-7.03,-5.0,1.99,60.95,220.0
"2025-04-28 00:00:00",AA,7,230,-14.0,-5.99,-4.01,-0.99,7.92,393.0
"2025-04-28 00:00:00",AA,8,203,-10.0,-5.99,-2.97,0.99,16.95,387.0
"2025-04-28 00:00:00",DL,1,2,-16.0,-15.96,-15.96,-15.96,-15.96,-6.0
"2025-04-28 00:00:00",UA,11,116,-12.0,-5.99,-4.01,0.99,12.06,60.0
"2025-04-29 00:00:00",UA,11,123,-15.0,-7.03,-4.01,-0.99,7.92,155.0
"2025-04-29 00:00:00",AA,8,198,-14.0,-7.03,-4.01,-0.99,15.03,565.0
"2025-04-29 00:00:00",WN,13,241,-11.0,-4.01,0.0,5.99,25.79,214.0
"2025-04-29 00:00:00",UA,15,96,-14.0,-7.03,-4.01,0.0,27.94,198.0
"2025-04-29 00:00:00",AA,13,146,-12.0,-5.99,-2.97,0.99,24.78,245.0
"2025-04-29 00:00:00",UA,14,126,-15.0,-7.92,-4.01,0.0,17.99,223.0
"2025-04-29 00:00:00",AA,11,162,-13.0,-5.99,-2.97,1.99,19.11,117.0
"2025-04-29 00:00:00",UA,5,37,-13.0,-10.07,-7.03,-4.01,0.0,201.0
"2025-04-29 00:00:00",DL,5,76,-15.0,-10.07,-7.92,-5.0,-1.99,52.0
"2025-04-29 00:00:00",WN,8,296,-10.0,-5.99,-2.97,0.0,5.99,113.0
"2025-04-29 00:00:00",UA,22,33,-10.0,-7.03,-4.01,4.01,22.88,68.0
"2025-04-29 00:00:00",WN,20,191,-12.0,-5.99,-4.01,5.99,19.89,263.0
"2025-04-29 00:00:00",UA,1,1,649.0,649.0,649.0,649.0,649.0,649.0
"2025-04-29 00:00:00",AA,7,214,-17.0,-7.92,-5.0,-2.97,4.01,1542.0
"2025-04-29 00:00:00",AA,23,31,-13.0,-7.92,-5.0,-1.99,-0.99,1.0
"2025-04-29 00:00:00",UA,9,140,-14.0,-7.92,-5.0,-0.99,12.06,609.0
"2025-04-29 00:00:00",WN,15,223,-12.0,-5.0,-2.97,4.01,32.79,113.0
"2025-04-29 00:00:00",AA,17,155,-14.0,-7.03,-2.97,5.0,22.88,385.0
"2025-04-29 00:00:00",DL,14,151,-16.0,-7.92,-4.01,0.99,15.03,92.0
"2025-04-29 00:00:00",DL,1,2,-10.0,-10.0,-10.0,-10.0,-10.0,2.0
"2025-04-29 00:00:00",AA,18,160,-14.0,-5.99,-1.99,2.97,19.11,124.0
"2025-04-29 00:00:00",UA,19,127,-18.0,-5.99,0.0,13.87,40.05,292.0
"2025-04-30 00:00:00",WN,13,229,-10.0,-1.99,1.99,15.96,67.36,623.0
"2025-04-30 00:00:00",UA,11,122,-14.0,-7.03,-5.0,-1.99,4.01,417.0
"2025-04-30 00:00:00",UA,5,38,-13.0,-8.94,-5.99,-4.01,-0.99,124.0
"2025-04-30 00:00:00",WN,8,289,-11.0,-5.0,-1.99,0.0,7.92,171.0
"2025-04-30 00:00:00",WN,20,184,-15.0,-2.97,10.07,37.72,106.71,192.0
"2025-04-30 00:00:00",UA,19,134,-17.0,-4.01,4.01,44.26,90.93,332.0
"2025-04-30 00:00:00",AA,8,183,-14.0,-7.03,-4.01,-1.99,10.91,292.0
"2025-04-30 00:00:00",UA,9,140,-22.0,-7.92,-4.01,-0.99,17.99,476.0
"2025-04-30 00:00:00",AA,11,134,-10.0,-5.0,-1.99,10.07,115.6,430.0
"2025-04-30 00:00:00",WN,15,217,-12.0,0.0,5.99,25.79,70.11,480.0
"2025-04-30 00:00:00",AA,7,203,-13.0,-7.03,-5.0,-1.99,5.0,175.0
"2025-04-30 00:00:00",DL,1,2,18.0,18.0,18.0,18.0,18.0,31.0
"2025-04-30 00:00:00",UA,15,97,-14.0,-7.03,-1.99,15.96,47.95,383.0
"2025-04-30 00:00:00",UA,14,125,-15.0,-4.01,-1.99,5.99,80.65,351.0
"2025-04-30 00:00:00",DL,5,76,-17.0,-10.07,-7.03,-4.01,-1.99,1142.0
"2025-04-30 00:00:00",AA,17,129,-13.0,-4.01,0.0,32.79,130.34,401.0
"2025-04-30 00:00:00",UA,1,1,0.0,0.0,0.0,0.0,0.0,0.0
"2025-04-30 00:00:00",AA,23,29,-10.0,-1.99,0.0,10.07,34.13,475.0
"2025-04-30 00:00:00",AA,13,122,-13.0,-4.01,0.0,12.06,62.18,1468.0
"2025-04-30 00:00:00",UA,22,36,-10.0,-4.01,-1.99,7.03,24.78,86.0
"2025-04-30 00:00:00",DL,14,151,-15.0,-5.99,-2.97,0.99,22.88,513.0
"2025-04-30 00:00:00",AA,18,139,-18.0,-1.99,7.92,30.27,111.06,657.0
