"2025-03-02 00:00:00",DL,0,1,-11.0,-11.0,-11.0,-11.0,-11.0,-11.0
"2025-03-02 00:00:00",WN,6,294,-14.0,-5.99,-4.01,-1.99,1.99,55.0
"2025-03-02 00:00:00",WN,22,143,-15.0,-5.0,0.0,8.94,22.88,46.0
"2025-03-02 00:00:00",WN,12,235,-10.0,-4.01,-1.99,2.97,13.07,60.0
"2025-03-02 00:00:00",WN,23,3,-2.0,-1.99,1.99,1.99,1.99,4.0
"2025-03-02 00:00:00",DL,22,94,-15.0,-5.99,-2.97,5.0,15.96,167.0
"2025-03-02 00:00:00",UA,7,195,-13.0,-7.92,-5.0,-1.99,5.99,389.0
"2025-03-02 00:00:00",UA,17,142,-15.0,-5.99,-1.99,0.0,13.87,64.0
"2025-03-02 00:00:00",WN,10,230,-12.0,-5.0,-1.99,1.99,10.07,177.0
"2025-03-02 00:00:00",AA,14,156,-12.0,-5.0,-2.97,7.03,27.94,372.0
"2025-03-02 00:00:00",UA,20,81,-14.0,-7.03,-1.99,7.92,15.03,123.0
"2025-03-02 00:00:00",DL,20,100,-14.0,-5.99,-1.99,16.95,36.97,171.0
"2025-03-02 00:00:00",DL,17,177,-18.0,-7.03,-2.97,2.97,19.89,224.0
"2025-03-02 00:00:00",WN,14,227,-9.0,-2.97,0.0,7.92,22.88,153.0
"2025-03-02 00:00:00",AA,16,151,-16.0,-4.01,-0.99,13.07,45.15,311.0
"2025-03-02 00:00:00",AA,15,127,-12.0,-4.01,-0.99,21.12,47.95,127.0
"2025-03-02 00:00:00",UA,6,125,-13.0,-7.92,-5.0,-1.99,5.0,54.0
"2025-03-02 00:00:00",WN,5,183,-11.0,-5.99,-4.01,-1.99,0.0,339.0
"2025-03-02 00:00:00",WN,7,198,-11.0,-5.99,-5.0,-1.99,1.99,198.0
"2025-03-03 00:00:00",WN,7,205,-11.0,-5.0,-2.97,-0.99,5.99,373.0
"2025-03-03 00:00:00",AA,15,121,-12.0,-5.0,-0.99,7.92,32.14,1479.0
"2025-03-03 00:00:00",WN,5,98,-10.0,-5.99,-5.0,-0.99,0.0,37.0
"2025-03-03 00:00:00",WN,6,301,-13.0,-5.99,-4.01,-1.99,1.99,369.0
"2025-03-03 00:00:00",UA,6,125,-14.0,-7.92,-5.99,-4.01,0.0,249.0
"2025-03-03 00:00:00",DL,0,4,-15.0,-15.0,-12.06,-8.94,-8.94,0.0
"2025-03-03 00:00:00",UA,17,147,-18.0,-7.03,-2.97,5.99,34.82,222.0
"2025-03-03 00:00:00",AA,16,147,-15.0,-5.99,-1.99,7.03,32.79,364.0
"2025-03-03 00:00:00",DL,17,177,-21.0,-7.92,-5.0,0.0,16.95,322.0
"2025-03-03 00:00:00",WN,14,223,-13.0,-4.01,0.0,13.87,71.53,301.0
"2025-03-03 00:00:00",WN,10,226,-14.0,-4.01,-0.99,5.99,27.94,336.0
"2025-03-03 00:00:00",DL,22,94,-17.0,-7.03,-4.01,0.99,10.91,74.0
"2025-03-03 00:00:00",WN,12,225,-15.0,-4.01,0.0,13.87,64.72,437.0
"2025-03-03 00:00:00",AA,14,151,-15.0,-5.99,-2.97,0.99,19.11,288.0
"2025-03-03 00:00:00",UA,7,199,-18.0,-7.92,-5.0,-1.99,7.03,457.0
"2025-03-03 00:00:00",DL,20,102,-18.0,-8.94,-5.0,-1.99,4.01,202.0
"2025-03-03 00:00:00",UA,20,79,-17.0,-7.03,-0.99,13.07,30.88,79.0
"2025-03-03 00:00:00",WN,22,6,-6.0,-5.99,-5.0,0.0,0.0,115.0
"2025-03-03 00:00:00",WN,23,2,-7.0,-7.0,-7.0,-7.0,-7.0,13.0
"2025-03-04 00:00:00",WN,23,2,-6.0,-5.99,-5.99,-5.99,-5.99,7.0
"2025-03-04 00:00:00",WN,12,172,-14.0,-5.99,-1.99,4.01,15.96,521.0
"2025-03-04 00:00:00",AA,14,120,-19.0,-5.99,-1.99,22.88,179.49,1095.0
"2025-03-04 00:00:00",WN,7,187,-16.0,-5.99,-4.01,-0.99,4.01,252.0
"2025-03-04 00:00:00",UA,17,136,-16.0,-5.99,-1.99,2.97,27.94,738.0
"2025-03-04 00:00:00",WN,10,195,-13.0,-5.0,-1.99,1.99,44.26,327.0
"2025-03-04 00:00:00",WN,22,2,-7.0,-7.0,-7.0,-7.0,-7.0,-3.0
"2025-03-04 00:00:00",UA,6,118,-16.0,-10.07,-7.92,-4.01,-0.99,45.0
"2025-03-04 00:00:00",WN,6,218,-13.0,-5.99,-4.01,-0.99,24.78,496.0
"2025-03-04 00:00:00",UA,7,179,-17.0,-8.94,-5.99,-1.99,7.92,371.0
"2025-03-04 00:00:00",DL,0,4,-18.0,-17.99,-10.07,-10.07,-10.07,-4.0
"2025-03-04 00:00:00",WN,5,30,-14.0,-5.0,-4.01,-1.99,0.0,2.0
"2025-03-04 00:00:00",UA,20,63,-15.0,-5.99,0.0,17.99,40.86,619.0
"2025-03-04 00:00:00",WN,14,214,-12.0,-5.0,-0.99,10.91,67.36,372.0
"2025-03-04 00:00:00",DL,17,167,-18.0,-7.92,-5.0,4.01,57.4,482.0
"2025-03-04 00:00:00",DL,20,74,-15.0,-5.0,0.0,22.88,87.37,307.0
"2025-03-04 00:00:00",AA,15,95,-14.0,-5.0,0.99,102.52,242.29,1026.0
"2025-03-04 00:00:00",DL,22,83,-18.0,-5.99,-2.97,1.99,34.13,600.0
"2025-03-04 00:00:00",AA,16,118,-11.0,-5.99,-0.99,19.89,113.31,1322.0
"2025-03-05 00:00:00",WN,14,212,-12.0,-4.01,0.0,10.07,34.13,361.0
"2025-03-05 00:00:00",DL,0,2,-13.0,-13.0,-13.0,-13.0,-13.0,-8.0
"2025-03-05 00:00:00",WN,22,2,-7.0,-7.0,-7.0,-7.0,-7.0,16.0
"2025-03-05 00:00:00",WN,10,199,-9.0,-4.01,-0.99,4.01,19.11,147.0
"2025-03-05 00:00:00",WN,12,175,-15.0,-5.0,-0.99,8.94,19.89,127.0
"2025-03-05 00:00:00",WN,7,188,-10.0,-5.0,-4.01,-0.99,5.99,275.0
"2025-03-05 00:00:00",WN,5,30,-12.0,-5.99,-2.97,-0.99,0.99,259.0
"2025-03-05 00:00:00",DL,20,74,-11.0,0.0,15.03,62.18,92.77,219.0
"2025-03-05 00:00:00",AA,14,141,-17.0,-4.01,-0.99,17.99,51.94,497.0
"2025-03-05 00:00:00",UA,20,74,-15.0,-4.01,0.99,15.03,57.4,199.0
"2025-03-05 00:00:00",DL,22,88,-12.0,-5.0,-0.99,5.99,19.11,618.0
"2025-03-05 00:00:00",UA,17,138,-16.0,-5.0,-0.99,12.06,57.4,234.0
"2025-03-05 00:00:00",AA,15,116,-12.0,-4.01,0.99,23.81,85.64,308.0
"2025-03-05 00:00:00",AA,16,145,-13.0,-4.01,0.0,17.99,71.53,383.0
"2025-03-05 00:00:00",DL,17,171,-15.0,-5.99,0.0,32.79,111.06,1134.0
"2025-03-05 00:00:00",WN,6,210,-12.0,-5.0,-2.97,-0.99,5.0,244.0
"2025-03-05 00:00:00",UA,7,179,-15.0,-8.94,-5.99,-2.97,4.01,96.0
"2025-03-05 00:00:00",UA,6,122,-19.0,-8.94,-5.99,-2.97,7.03,452.0
"2025-03-05 00:00:00",WN,23,2,-10.0,-10.0,-10.0,-10.0,-10.0,-3.0
"2025-03-06 00:00:00",WN,5,178,-11.0,-5.0,-2.97,-0.99,4.01,188.0
"2025-03-06 00:00:00",WN,10,237,-14.0,-5.0,-0.99,5.99,19.11,82.0
"2025-03-06 00:00:00",WN,7,236,-11.0,-5.99,-2.97,0.0,10.91,152.0
"2025-03-06 00:00:00",UA,6,141,-15.0,-7.92,-5.0,-2.97,0.99,243.0
"2025-03-06 00:00:00",WN,6,305,-14.0,-5.0,-2.97,-0.99,7.03,118.0
"2025-03-06 00:00:00",UA,7,201,-22.0,-7.92,-5.0,-1.99,0.99,53.0
"2025-03-06 00:00:00",WN,23,16,-2.0,-0.99,0.0,19.11,34.13,84.0
"2025-03-06 00:00:00",AA,16,157,-19.0,-4.01,-0.99,8.94,32.79,299.0
"2025-03-06 00:00:00",DL,0,2,-11.0,-10.91,-10.91,-10.91,-10.91,19.0
"2025-03-06 00:00:00",WN,12,233,-11.0,-5.0,0.0,10.91,26.84,295.0
"2025-03-06 00:00:00",AA,14,156,-13.0,-5.0,-1.99,7.03,23.81,110.0
"2025-03-06 00:00:00",WN,14,251,-11.0,-2.97,2.97,19.11,39.25,127.0
"2025-03-06 00:00:00",AA,15,121,-18.0,-5.0,-0.99,7.92,47.95,330.0
"2025-03-06 00:00:00",DL,17,174,-15.0,-7.03,-2.97,5.99,15.96,198.0
"2025-03-06 00:00:00",UA,17,145,-11.0,-5.0,-1.99,4.01,25.79,254.0
"2025-03-06 00:00:00",DL,20,101,-12.0,-5.0,-1.99,10.91,36.97,170.0
"2025-03-06 00:00:00",WN,22,139,-15.0,-4.01,1.99,19.89,47.0,128.0
"2025-03-06 00:00:00",UA,20,101,-16.0,-5.0,-0.99,10.07,67.36,164.0
"2025-03-06 00:00:00",DL,22,93,-13.0,-5.0,-0.99,10.07,26.84,1047.0
"2025-03-07 00:00:00",WN,5,179,-9.0,-5.0,-4.01,-0.99,1.99,42.0
"2025-03-07 00:00:00",DL,17,176,-16.0,-7.03,-2.97,5.0,22.88,229.0
"2025-03-07 00:00:00",UA,20,98,-17.0,-4.01,2.97,19.11,47.95,132.0
"2025-03-07 00:00:00",DL,0,4,-14.0,-13.87,-13.07,-9.0,-9.0,-9.0
"2025-03-07 00:00:00",WN,23,17,-7.0,-0.99,0.99,15.03,30.88,61.0
"2025-03-07 00:00:00",UA,6,143,-15.0,-7.03,-5.0,-1.99,0.0,74.0
"2025-03-07 00:00:00",DL,22,93,-15.0,-7.03,-4.01,0.99,15.96,77.0
"2025-03-07 00:00:00",AA,14,155,-11.0,-4.01,-0.99,7.92,34.82,174.0
"2025-03-07 00:00:00",UA,17,141,-13.0,-5.0,0.0,16.95,63.44,374.0
"2025-03-07 00:00:00",WN,22,140,-10.0,-4.01,5.0,25.79,63.44,130.0
"2025-03-07 00:00:00",DL,20,101,-15.0,-5.0,-0.99,16.95,47.0,89.0
"2025-03-07 00:00:00",AA,16,161,-16.0,-4.01,1.99,21.12,51.94,409.0
"2025-03-07 00:00:00",AA,15,120,-12.0,-5.99,-0.99,16.95,54.06,1055.0
"2025-03-07 00:00:00",WN,6,305,-12.0,-5.0,-2.97,0.0,7.03,160.0
"2025-03-07 00:00:00",WN,12,231,-14.0,-4.01,0.0,19.89,60.95,373.0
"2025-03-07 00:00:00",WN,14,253,-11.0,-0.99,5.0,25.79,60.95,222.0
"2025-03-07 00:00:00",WN,10,235,-10.0,-5.0,-0.99,7.92,36.24,384.0
"2025-03-07 00:00:00",UA,7,203,-15.0,-7.92,-5.0,-1.99,0.99,63.0
"2025-03-07 00:00:00",WN,7,235,-14.0,-5.0,-2.97,0.0,5.99,95.0
"2025-03-08 00:00:00",WN,12,186,-14.0,-4.01,-0.99,5.0,22.88,126.0
"2025-03-08 00:00:00",AA,14,140,-14.0,-5.0,0.0,22.88,68.72,357.0
"2025-03-08 00:00:00",UA,17,121,-11.0,-5.99,-2.97,1.99,10.91,194.0
"2025-03-08 00:00:00",AA,15,114,-21.0,-4.01,7.92,47.0,71.53,904.0
"2025-03-08 00:00:00",WN,14,196,-10.0,-4.01,-0.99,7.92,23.81,154.0
"2025-03-08 00:00:00",WN,23,20,-12.0,-5.0,-2.97,-0.99,7.92,25.0
"2025-03-08 00:00:00",DL,22,70,-17.0,-7.03,-4.01,-0.99,12.06,68.0
"2025-03-08 00:00:00",UA,6,144,-16.0,-7.92,-5.0,-2.97,5.99,70.0
"2025-03-08 00:00:00",DL,20,75,-19.0,-8.94,-5.0,0.0,15.03,62.0
"2025-03-08 00:00:00",WN,6,277,-12.0,-5.0,-2.97,0.0,7.03,204.0
"2025-03-08 00:00:00",UA,7,181,-12.0,-7.92,-5.99,-2.97,5.0,104.0
"2025-03-08 00:00:00",WN,10,188,-11.0,-4.01,-1.99,4.01,16.95,256.0
"2025-03-08 00:00:00",WN,7,219,-13.0,-5.99,-2.97,0.0,10.07,79.0
"2025-03-08 00:00:00",WN,5,177,-11.0,-5.99,-4.01,-1.99,0.0,189.0
"2025-03-08 00:00:00",UA,20,84,-13.0,-5.0,-0.99,23.81,49.9,130.0
"2025-03-08 00:00:00",WN,22,107,-15.0,-5.99,-2.97,0.99,16.95,105.0
"2025-03-08 00:00:00",DL,0,4,-15.0,-15.0,-10.07,-8.94,-8.94,-6.0
"2025-03-08 00:00:00",DL,17,148,-18.0,-8.94,-5.99,-0.99,10.91,346.0
"2025-03-08 00:00:00",AA,16,150,-17.0,-5.99,-0.99,25.79,63.44,304.0
