"2025-03-14 00:00:00",UA,16,145,-14.0,-5.0,-0.99,15.03,40.05,166.0
"2025-03-14 00:00:00",UA,13,139,-15.0,-4.01,-0.99,8.94,32.14,390.0
"2025-03-14 00:00:00",WN,9,235,-9.0,-2.97,-0.99,5.99,16.95,198.0
"2025-03-14 00:00:00",DL,11,207,-14.0,-5.99,-1.99,4.01,26.84,192.0
"2025-03-14 00:00:00",DL,13,159,-15.0,-5.99,-2.97,8.94,47.95,1073.0
"2025-03-14 00:00:00",DL,6,190,-17.0,-7.03,-4.01,-0.99,7.03,784.0
"2025-03-14 00:00:00",AA,9,124,-10.0,-5.99,-2.97,-0.99,17.99,195.0
"2025-03-14 00:00:00",AA,5,111,-13.0,-7.03,-5.0,-1.99,5.99,503.0
"2025-03-14 00:00:00",AA,6,190,-12.0,-7.03,-4.01,-1.99,4.01,405.0
"2025-03-14 00:00:00",WN,17,242,-16.0,-0.99,5.99,19.11,45.15,239.0
"2025-03-14 00:00:00",DL,15,178,-15.0,-5.0,-1.99,10.91,36.97,144.0
"2025-03-14 00:00:00",DL,16,137,-18.0,-5.99,-0.99,13.87,40.05,189.0
"2025-03-14 00:00:00",AA,19,140,-15.0,-4.01,0.0,19.89,54.06,251.0
"2025-03-14 00:00:00",AA,20,127,-10.0,-4.01,0.99,26.84,63.44,736.0
"2025-03-14 00:00:00",AA,21,86,-16.0,-2.97,0.0,32.79,89.13,592.0
"2025-03-14 00:00:00",DL,21,101,-14.0,-5.0,-0.99,5.0,24.78,80.0
"2025-03-14 00:00:00",DL,23,40,-15.0,-5.99,-2.97,5.0,15.96,175.0
"2025-03-14 00:00:00",WN,21,166,-12.0,-1.99,10.91,32.14,67.36,200.0
"2025-03-15 00:00:00",DL,13,131,-26.0,-5.0,5.0,23.81,85.64,983.0
"2025-03-15 00:00:00",AA,21,91,-14.0,-0.99,13.07,36.97,70.11,1138.0
"2025-03-15 00:00:00",DL,6,181,-17.0,-5.99,-2.97,2.97,15.03,262.0
"2025-03-15 00:00:00",WN,21,170,-10.0,2.97,22.88,58.56,106.71,264.0
"2025-03-15 00:00:00",DL,21,84,-12.0,-2.97,10.91,30.88,68.72,816.0
"2025-03-15 00:00:00",DL,23,25,-11.0,-5.99,-0.99,23.81,44.26,534.0
"2025-03-15 00:00:00",AA,20,127,-13.0,-1.99,12.06,34.82,67.36,494.0
"2025-03-15 00:00:00",AA,19,151,-13.0,-4.01,17.99,55.15,108.86,711.0
"2025-03-15 00:00:00",DL,15,162,-13.0,-1.99,8.94,29.08,67.36,1001.0
"2025-03-15 00:00:00",DL,16,109,-14.0,-1.99,10.07,44.26,92.77,218.0
"2025-03-15 00:00:00",UA,16,128,-14.0,-0.99,15.96,72.97,132.97,323.0
"2025-03-15 00:00:00",WN,17,215,-13.0,1.99,19.11,51.94,96.55,356.0
"2025-03-15 00:00:00",AA,6,183,-12.0,-5.99,-2.97,0.99,21.98,862.0
"2025-03-15 00:00:00",AA,5,109,-10.0,-5.99,-4.01,0.0,15.03,965.0
"2025-03-15 00:00:00",UA,13,127,-17.0,-5.0,-0.99,19.11,85.64,285.0
"2025-03-15 00:00:00",DL,11,194,-15.0,-4.01,0.99,12.06,32.79,400.0
"2025-03-15 00:00:00",AA,9,117,-10.0,-5.0,-0.99,15.03,62.18,183.0
"2025-03-15 00:00:00",WN,9,197,-9.0,-4.01,-0.99,10.91,27.94,317.0
"2025-03-16 00:00:00",AA,6,181,-13.0,-5.99,-2.97,1.99,21.98,459.0
"2025-03-16 00:00:00",DL,6,178,-15.0,-5.99,-1.99,1.99,19.89,380.0
"2025-03-16 00:00:00",UA,13,137,-12.0,-0.99,7.92,50.91,102.52,314.0
"2025-03-16 00:00:00",AA,5,109,-14.0,-7.03,-4.01,0.0,32.79,274.0
"2025-03-16 00:00:00",AA,9,125,-11.0,-4.01,0.0,13.87,79.05,571.0
"2025-03-16 00:00:00",WN,21,179,-8.0,8.94,40.86,108.86,172.45,333.0
"2025-03-16 00:00:00",DL,13,157,-13.0,0.0,24.78,77.49,127.75,1175.0
"2025-03-16 00:00:00",DL,23,36,-11.0,-0.99,21.98,48.91,67.36,164.0
"2025-03-16 00:00:00",AA,20,125,-10.0,0.0,30.88,82.28,162.41,1125.0
"2025-03-16 00:00:00",DL,15,173,-9.0,0.0,34.13,82.28,162.41,489.0
"2025-03-16 00:00:00",AA,21,91,-12.0,0.99,26.84,74.45,165.69,1014.0
"2025-03-16 00:00:00",DL,21,93,-8.0,5.99,36.97,74.45,186.82,795.0
"2025-03-16 00:00:00",AA,19,144,-10.0,-0.99,32.14,92.77,159.19,966.0
"2025-03-16 00:00:00",DL,16,131,-11.0,10.07,44.26,82.28,138.4,841.0
"2025-03-16 00:00:00",UA,16,135,-13.0,1.99,25.79,77.49,210.64,798.0
"2025-03-16 00:00:00",WN,17,228,-8.0,5.0,25.79,64.72,132.97,457.0
"2025-03-16 00:00:00",WN,9,199,-10.0,-2.97,0.0,7.03,22.88,244.0
"2025-03-16 00:00:00",DL,11,203,-13.0,-1.99,10.91,51.94,90.93,415.0
"2025-03-17 00:00:00",WN,9,232,-8.0,-1.99,2.97,19.11,40.86,212.0
"2025-03-17 00:00:00",AA,21,87,-14.0,-5.0,-0.99,13.07,47.95,297.0
"2025-03-17 00:00:00",AA,5,104,-12.0,-5.99,-4.01,1.99,40.05,280.0
"2025-03-17 00:00:00",DL,13,158,-15.0,-4.01,0.99,23.81,59.75,265.0
"2025-03-17 00:00:00",UA,13,137,-17.0,-4.01,0.0,13.07,44.26,202.0
"2025-03-17 00:00:00",AA,6,177,-11.0,-5.99,-4.01,0.99,23.81,533.0
"2025-03-17 00:00:00",DL,15,179,-14.0,-1.99,5.0,32.14,74.45,365.0
"2025-03-17 00:00:00",DL,6,180,-14.0,-5.99,-1.99,4.01,23.81,428.0
"2025-03-17 00:00:00",DL,16,141,-14.0,-4.01,2.97,22.88,63.44,296.0
"2025-03-17 00:00:00",UA,16,139,-14.0,-4.01,0.99,13.87,46.07,117.0
"2025-03-17 00:00:00",DL,11,204,-13.0,-2.97,2.97,25.79,58.56,292.0
"2025-03-17 00:00:00",AA,9,131,-10.0,-4.01,-0.99,17.99,58.56,440.0
"2025-03-17 00:00:00",WN,21,168,-15.0,0.0,25.79,45.15,74.45,168.0
"2025-03-17 00:00:00",DL,21,102,-16.0,-1.99,10.91,30.88,57.4,267.0
"2025-03-17 00:00:00",AA,20,128,-9.0,-2.97,4.01,30.27,71.53,816.0
"2025-03-17 00:00:00",WN,17,242,-10.0,0.0,13.87,36.97,63.44,221.0
"2025-03-17 00:00:00",AA,19,161,-17.0,-4.01,4.01,25.79,80.65,315.0
"2025-03-17 00:00:00",DL,23,37,-16.0,-1.99,2.97,21.98,40.86,55.0
"2025-03-18 00:00:00",DL,13,147,-19.0,-7.03,-4.01,0.99,30.27,1176.0
"2025-03-18 00:00:00",DL,21,78,-13.0,-5.99,-2.97,2.97,21.98,89.0
"2025-03-18 00:00:00",AA,5,111,-14.0,-7.92,-5.99,-2.97,0.99,1123.0
"2025-03-18 00:00:00",DL,11,204,-18.0,-5.99,-2.97,2.97,19.11,256.0
"2025-03-18 00:00:00",AA,6,190,-17.0,-7.92,-5.99,-2.97,5.0,2315.0
"2025-03-18 00:00:00",DL,6,188,-17.0,-8.94,-5.0,-2.97,2.97,237.0
"2025-03-18 00:00:00",AA,9,133,-14.0,-5.99,-2.97,4.01,19.89,604.0
"2025-03-18 00:00:00",WN,9,201,-10.0,-4.01,-0.99,1.99,8.94,72.0
"2025-03-18 00:00:00",WN,21,160,-12.0,-5.0,0.0,21.12,44.26,93.0
"2025-03-18 00:00:00",DL,23,32,-18.0,-10.07,-7.03,-2.97,10.91,48.0
"2025-03-18 00:00:00",AA,21,87,-17.0,-5.0,-0.99,13.87,58.56,700.0
"2025-03-18 00:00:00",AA,19,160,-21.0,-5.99,-1.99,19.11,51.94,327.0
"2025-03-18 00:00:00",UA,13,132,-12.0,-7.03,-4.01,1.99,17.99,241.0
"2025-03-18 00:00:00",AA,20,127,-12.0,-5.0,-1.99,8.94,27.94,551.0
"2025-03-18 00:00:00",DL,15,177,-16.0,-5.0,-1.99,5.99,27.94,1027.0
"2025-03-18 00:00:00",WN,17,224,-12.0,-5.0,-0.99,8.94,32.79,262.0
"2025-03-18 00:00:00",DL,16,129,-19.0,-5.99,-1.99,5.99,26.84,404.0
"2025-03-18 00:00:00",UA,16,138,-16.0,-5.99,-2.97,7.92,41.68,182.0
"2025-03-19 00:00:00",AA,9,131,-11.0,-5.99,-4.01,0.99,34.82,1385.0
"2025-03-19 00:00:00",WN,9,202,-10.0,-4.01,-1.99,2.97,12.06,72.0
"2025-03-19 00:00:00",DL,11,205,-15.0,-7.03,-5.0,-0.99,13.07,612.0
"2025-03-19 00:00:00",AA,6,188,-16.0,-7.03,-5.0,-1.99,10.07,261.0
"2025-03-19 00:00:00",DL,6,186,-20.0,-8.94,-5.0,-2.97,1.99,232.0
"2025-03-19 00:00:00",AA,5,110,-15.0,-7.92,-5.0,-1.99,13.87,864.0
"2025-03-19 00:00:00",DL,13,151,-15.0,-5.99,-2.97,0.0,25.79,345.0
"2025-03-19 00:00:00",UA,13,134,-12.0,-5.99,-2.97,0.99,34.13,229.0
"2025-03-19 00:00:00",DL,15,177,-18.0,-5.99,-1.99,5.0,22.88,229.0
"2025-03-19 00:00:00",DL,16,127,-12.0,-5.99,-1.99,7.03,21.12,183.0
"2025-03-19 00:00:00",UA,16,135,-13.0,-5.0,1.99,29.08,120.31,288.0
"2025-03-19 00:00:00",WN,17,224,-13.0,-4.01,0.0,7.03,22.88,232.0
"2025-03-19 00:00:00",AA,19,155,-19.0,-2.97,15.03,50.91,102.52,837.0
"2025-03-19 00:00:00",AA,20,128,-18.0,-5.0,0.0,39.25,117.93,811.0
"2025-03-19 00:00:00",AA,21,85,-11.0,-4.01,0.99,29.08,58.56,218.0
"2025-03-19 00:00:00",DL,21,79,-18.0,-5.99,-1.99,19.11,40.05,199.0
"2025-03-19 00:00:00",WN,21,157,-11.0,-2.97,0.0,10.91,27.94,126.0
"2025-03-19 00:00:00",DL,23,33,-14.0,-7.92,-5.0,-0.99,5.0,44.0
"2025-03-20 00:00:00",AA,21,87,-10.0,-2.97,1.99,15.03,36.97,118.0
"2025-03-20 00:00:00",DL,13,158,-15.0,-5.99,-2.97,1.99,25.79,235.0
"2025-03-20 00:00:00",AA,5,110,-14.0,-7.92,-5.99,-1.99,36.97,1633.0
"2025-03-20 00:00:00",AA,6,186,-13.0,-7.03,-5.0,-2.97,5.0,627.0
"2025-03-20 00:00:00",DL,6,189,-15.0,-7.92,-5.0,-0.99,5.99,441.0
"2025-03-20 00:00:00",UA,16,140,-14.0,-5.0,-1.99,7.92,39.25,218.0
"2025-03-20 00:00:00",AA,9,132,-12.0,-5.0,-2.97,4.01,21.98,284.0
"2025-03-20 00:00:00",WN,9,237,-13.0,-4.01,-1.99,4.01,16.95,232.0
"2025-03-20 00:00:00",DL,11,207,-17.0,-5.0,-1.99,5.0,22.88,337.0
"2025-03-20 00:00:00",WN,21,167,-13.0,-4.01,0.99,21.12,48.91,208.0
"2025-03-20 00:00:00",UA,13,139,-15.0,-5.99,-1.99,7.03,34.82,284.0
"2025-03-20 00:00:00",DL,16,139,-12.0,-4.01,0.0,13.07,47.95,347.0
"2025-03-20 00:00:00",DL,15,181,-14.0,-2.97,0.0,8.94,39.25,404.0
"2025-03-20 00:00:00",WN,17,242,-15.0,-1.99,5.0,15.03,47.95,304.0
"2025-03-20 00:00:00",AA,19,160,-12.0,-4.01,2.97,27.94,59.75,846.0
"2025-03-20 00:00:00",AA,20,129,-10.0,-2.97,4.01,23.81,63.44,184.0
"2025-03-20 00:00:00",DL,21,102,-11.0,-2.97,-0.99,13.87,30.88,835.0
"2025-03-20 00:00:00",DL,23,39,-16.0,-7.03,-1.99,0.0,13.87,193.0
