"2025-04-03 00:00:00",WN,5,185,-13.0,-5.0,-2.97,0.0,10.07,348.0
"2025-04-03 00:00:00",UA,6,120,-13.0,-7.92,-5.0,-0.99,24.78,178.0
"2025-04-03 00:00:00",UA,7,190,-12.0,-7.03,-4.01,0.99,23.81,202.0
"2025-04-03 00:00:00",WN,7,228,-11.0,-5.0,-2.97,1.99,25.79,163.0
"2025-04-03 00:00:00",WN,10,235,-10.0,-2.97,1.99,16.95,47.0,252.0
"2025-04-03 00:00:00",WN,14,243,-12.0,-0.99,5.0,23.81,74.45,321.0
"2025-04-03 00:00:00",AA,15,140,-26.0,-1.99,7.03,30.27,94.64,931.0
"2025-04-03 00:00:00",DL,22,98,-19.0,-5.0,-0.99,19.89,40.86,136.0
"2025-04-03 00:00:00",AA,16,144,-14.0,-2.97,12.06,41.68,82.28,421.0
"2025-04-03 00:00:00",AA,14,143,-11.0,-1.99,7.92,32.79,62.18,323.0
"2025-04-03 00:00:00",WN,6,296,-12.0,-5.0,-2.97,0.0,10.07,125.0
"2025-04-03 00:00:00",WN,12,225,-10.0,-1.99,0.99,15.03,50.91,300.0
"2025-04-03 00:00:00",DL,17,183,-17.0,-5.0,0.99,21.12,63.44,349.0
"2025-04-03 00:00:00",DL,0,4,-14.0,-13.87,-4.01,19.89,19.89,66.0
"2025-04-03 00:00:00",UA,17,138,-14.0,-2.97,5.0,29.08,67.36,354.0
"2025-04-03 00:00:00",WN,22,137,-14.0,-0.99,13.87,49.9,89.13,273.0
"2025-04-03 00:00:00",WN,23,9,-6.0,0.0,1.99,19.11,19.11,49.0
"2025-04-03 00:00:00",DL,20,117,-20.0,-4.01,0.99,17.99,46.07,156.0
"2025-04-03 00:00:00",UA,20,84,-22.0,-5.0,2.97,15.96,85.64,562.0
"2025-04-04 00:00:00",WN,14,240,-10.0,0.0,10.07,40.86,111.06,284.0
"2025-04-04 00:00:00",AA,16,149,-13.0,-0.99,10.91,47.95,102.52,323.0
"2025-04-04 00:00:00",DL,17,185,-14.0,-7.03,-0.99,13.87,58.56,447.0
"2025-04-04 00:00:00",UA,17,137,-12.0,-4.01,1.99,19.89,67.36,300.0
"2025-04-04 00:00:00",UA,20,85,-16.0,-5.99,0.0,15.96,52.99,168.0
"2025-04-04 00:00:00",WN,12,228,-9.0,-0.99,7.92,24.78,82.28,165.0
"2025-04-04 00:00:00",WN,10,237,-13.0,-2.97,1.99,17.99,40.86,231.0
"2025-04-04 00:00:00",AA,14,150,-13.0,-2.97,7.92,36.97,87.37,402.0
"2025-04-04 00:00:00",WN,23,8,-2.0,0.0,7.92,36.24,60.95,94.0
"2025-04-04 00:00:00",UA,6,134,-14.0,-7.92,-5.99,-1.99,4.01,92.0
"2025-04-04 00:00:00",WN,6,307,-12.0,-5.0,-2.97,0.0,7.92,162.0
"2025-04-04 00:00:00",UA,7,200,-13.0,-7.03,-4.01,-0.99,10.07,890.0
"2025-04-04 00:00:00",DL,22,100,-13.0,-5.99,-1.99,5.99,27.94,93.0
"2025-04-04 00:00:00",AA,15,142,-10.0,-2.97,7.03,50.91,113.31,531.0
"2025-04-04 00:00:00",WN,7,241,-13.0,-4.01,-1.99,4.01,19.11,153.0
"2025-04-04 00:00:00",WN,22,133,-14.0,0.0,16.95,54.06,89.13,163.0
"2025-04-04 00:00:00",WN,5,194,-10.0,-5.0,-2.97,0.0,7.92,332.0
"2025-04-04 00:00:00",DL,0,7,-19.0,-7.03,4.01,5.99,32.79,64.0
"2025-04-04 00:00:00",DL,20,119,-17.0,-5.99,-1.99,5.0,36.97,158.0
"2025-04-05 00:00:00",WN,23,9,-3.0,-1.99,0.0,4.01,5.99,8.0
"2025-04-05 00:00:00",WN,14,189,-11.0,-1.99,7.03,24.78,57.4,225.0
"2025-04-05 00:00:00",WN,7,222,-12.0,-5.0,-1.99,0.99,15.03,226.0
"2025-04-05 00:00:00",WN,5,188,-14.0,-5.0,-1.99,0.0,10.07,281.0
"2025-04-05 00:00:00",WN,22,107,-15.0,-4.01,7.92,30.27,51.94,158.0
"2025-04-05 00:00:00",UA,6,132,-16.0,-8.94,-5.99,-2.97,5.99,117.0
"2025-04-05 00:00:00",WN,6,276,-14.0,-5.0,-2.97,0.99,13.07,512.0
"2025-04-05 00:00:00",UA,7,184,-17.0,-7.92,-5.0,-1.99,13.87,346.0
"2025-04-05 00:00:00",DL,0,7,-11.0,-7.03,-5.0,-2.97,10.07,28.0
"2025-04-05 00:00:00",UA,20,70,-16.0,-5.0,26.84,63.44,98.5,239.0
"2025-04-05 00:00:00",AA,15,119,-14.0,-4.01,1.99,46.07,102.52,976.0
"2025-04-05 00:00:00",DL,20,88,-20.0,-5.99,0.0,15.03,45.15,145.0
"2025-04-05 00:00:00",DL,22,74,-12.0,-5.0,-0.99,12.06,32.14,732.0
"2025-04-05 00:00:00",DL,17,144,-14.0,-7.03,-1.99,13.87,46.07,229.0
"2025-04-05 00:00:00",AA,16,126,-18.0,-2.97,5.99,36.97,115.6,244.0
"2025-04-05 00:00:00",UA,17,129,-17.0,-4.01,0.99,32.14,79.05,257.0
"2025-04-05 00:00:00",WN,10,182,-14.0,-4.01,0.0,12.06,25.79,245.0
"2025-04-05 00:00:00",AA,14,123,-13.0,-1.99,7.03,34.82,79.05,368.0
"2025-04-05 00:00:00",WN,12,176,-12.0,-2.97,0.99,19.11,45.15,193.0
"2025-04-06 00:00:00",DL,17,170,-15.0,-2.97,21.98,111.06,214.89,1117.0
"2025-04-06 00:00:00",UA,7,193,-15.0,-7.03,-4.01,0.0,23.81,548.0
"2025-04-06 00:00:00",WN,23,9,-6.0,-1.99,-0.99,2.97,10.91,16.0
"2025-04-06 00:00:00",WN,14,215,-14.0,0.0,12.06,27.94,67.36,302.0
"2025-04-06 00:00:00",DL,22,79,-14.0,-1.99,13.07,113.31,172.45,293.0
"2025-04-06 00:00:00",AA,16,152,-11.0,-1.99,5.99,29.08,63.44,310.0
"2025-04-06 00:00:00",AA,15,142,-10.0,-4.01,4.01,37.72,67.36,287.0
"2025-04-06 00:00:00",AA,14,148,-13.0,-4.01,0.0,15.96,43.38,1022.0
"2025-04-06 00:00:00",WN,10,236,-10.0,-4.01,0.0,7.03,29.08,260.0
"2025-04-06 00:00:00",WN,5,192,-14.0,-5.0,-2.97,0.0,5.0,488.0
"2025-04-06 00:00:00",WN,7,232,-12.0,-5.0,-2.97,0.0,7.92,198.0
"2025-04-06 00:00:00",WN,12,222,-15.0,-1.99,2.97,15.03,34.13,305.0
"2025-04-06 00:00:00",WN,6,296,-15.0,-5.0,-2.97,0.0,8.94,377.0
"2025-04-06 00:00:00",UA,17,135,-14.0,-5.0,-0.99,7.92,26.84,318.0
"2025-04-06 00:00:00",DL,0,4,-9.0,-8.94,-2.97,0.0,0.0,41.0
"2025-04-06 00:00:00",UA,6,130,-14.0,-7.03,-5.0,-1.99,2.97,295.0
"2025-04-06 00:00:00",DL,20,103,-15.0,-2.97,32.14,96.55,228.18,1090.0
"2025-04-06 00:00:00",UA,20,87,-16.0,-4.01,0.0,23.81,77.49,214.0
"2025-04-06 00:00:00",WN,22,164,-12.0,1.99,15.03,37.72,70.11,219.0
"2025-04-07 00:00:00",WN,10,238,-11.0,-4.01,-0.99,5.0,24.78,287.0
"2025-04-07 00:00:00",DL,22,97,-20.0,-4.01,8.94,41.68,64.72,186.0
"2025-04-07 00:00:00",WN,23,9,-7.0,-7.0,-5.0,-1.99,0.0,1.0
"2025-04-07 00:00:00",WN,5,197,-13.0,-5.0,-2.97,-0.99,1.99,40.0
"2025-04-07 00:00:00",UA,6,134,-14.0,-7.92,-5.0,-2.97,4.01,841.0
"2025-04-07 00:00:00",WN,6,306,-11.0,-4.01,-2.97,0.0,5.99,78.0
"2025-04-07 00:00:00",AA,14,151,-12.0,-2.97,5.99,40.86,96.55,342.0
"2025-04-07 00:00:00",AA,15,143,-16.0,-2.97,5.99,34.13,68.72,249.0
"2025-04-07 00:00:00",WN,14,244,-14.0,-0.99,5.0,15.96,34.13,182.0
"2025-04-07 00:00:00",WN,12,230,-13.0,-4.01,0.99,15.03,34.13,156.0
"2025-04-07 00:00:00",UA,7,200,-17.0,-7.03,-5.0,-0.99,8.94,237.0
"2025-04-07 00:00:00",DL,17,182,-27.0,-2.97,13.87,56.27,102.52,324.0
"2025-04-07 00:00:00",WN,22,137,-13.0,-5.99,-0.99,10.07,40.86,131.0
"2025-04-07 00:00:00",WN,7,240,-12.0,-5.0,-1.99,0.99,13.07,381.0
"2025-04-07 00:00:00",AA,16,150,-11.0,-4.01,4.01,30.27,82.28,845.0
"2025-04-07 00:00:00",UA,20,80,-18.0,-4.01,5.0,17.99,55.15,205.0
"2025-04-07 00:00:00",UA,17,136,-18.0,-5.99,-1.99,5.99,54.06,201.0
"2025-04-07 00:00:00",DL,20,114,-13.0,0.0,13.07,47.95,90.93,659.0
"2025-04-07 00:00:00",DL,0,6,-12.0,-7.03,-4.01,-4.01,0.99,211.0
"2025-04-08 00:00:00",WN,12,217,-12.0,-5.99,-2.97,1.99,15.03,454.0
"2025-04-08 00:00:00",UA,20,76,-11.0,-5.99,-0.99,8.94,19.89,73.0
"2025-04-08 00:00:00",DL,20,95,-19.0,-5.99,-1.99,13.07,55.15,259.0
"2025-04-08 00:00:00",DL,22,94,-19.0,-7.03,-2.97,5.99,44.26,895.0
"2025-04-08 00:00:00",WN,22,7,-8.0,-7.92,-0.99,1.99,2.97,4.0
"2025-04-08 00:00:00",AA,15,130,-13.0,-5.99,-1.99,15.03,67.36,168.0
"2025-04-08 00:00:00",WN,10,257,-12.0,-5.0,-1.99,1.99,7.03,149.0
"2025-04-08 00:00:00",UA,6,127,-19.0,-10.07,-7.03,-5.0,-1.99,33.0
"2025-04-08 00:00:00",AA,16,142,-13.0,-5.0,-0.99,15.96,56.27,322.0
"2025-04-08 00:00:00",DL,17,175,-26.0,-7.92,-2.97,7.03,60.95,267.0
"2025-04-08 00:00:00",WN,7,224,-12.0,-5.99,-4.01,-0.99,2.97,109.0
"2025-04-08 00:00:00",WN,6,288,-12.0,-5.99,-4.01,-1.99,0.0,85.0
"2025-04-08 00:00:00",UA,7,189,-14.0,-8.94,-5.99,-4.01,-0.99,244.0
"2025-04-08 00:00:00",WN,5,88,-11.0,-5.99,-4.01,-0.99,1.99,63.0
"2025-04-08 00:00:00",AA,14,141,-15.0,-5.99,-1.99,5.0,41.68,441.0
"2025-04-08 00:00:00",DL,0,7,-15.0,-13.07,-10.07,-5.0,26.84,69.0
"2025-04-08 00:00:00",WN,14,220,-12.0,-5.0,-1.99,5.99,23.81,159.0
"2025-04-08 00:00:00",UA,17,130,-13.0,-7.92,-4.01,1.99,36.24,151.0
"2025-04-08 00:00:00",WN,23,6,-10.0,-8.94,-8.94,-5.99,-0.99,0.0
