"2025-02-04 00:00:00",AA,15,116,-16.0,-7.92,-5.0,-1.99,10.91,178.0
"2025-02-04 00:00:00",DL,0,1,-10.0,-10.0,-10.0,-10.0,-10.0,-10.0
"2025-02-04 00:00:00",WN,7,188,-13.0,-7.03,-5.0,-1.99,4.01,49.0
"2025-02-04 00:00:00",WN,10,200,-13.0,-5.99,-4.01,-0.99,10.91,146.0
"2025-02-04 00:00:00",WN,12,182,-13.0,-5.99,-4.01,-0.99,5.99,78.0
"2025-02-04 00:00:00",WN,6,222,-14.0,-5.99,-5.0,-2.97,-0.99,69.0
"2025-02-04 00:00:00",UA,7,149,-18.0,-8.94,-5.99,-2.97,7.03,90.0
"2025-02-04 00:00:00",WN,14,220,-14.0,-7.03,-4.01,0.99,8.94,74.0
"2025-02-04 00:00:00",AA,14,131,-17.0,-7.03,-4.01,-0.99,17.99,320.0
"2025-02-04 00:00:00",UA,17,137,-20.0,-8.94,-5.0,-0.99,7.03,150.0
"2025-02-04 00:00:00",AA,16,126,-15.0,-7.92,-5.0,-1.99,2.97,131.0
"2025-02-04 00:00:00",UA,6,109,-15.0,-8.94,-7.03,-5.0,-1.99,341.0
"2025-02-04 00:00:00",DL,17,167,-19.0,-8.94,-5.99,-0.99,8.94,264.0
"2025-02-04 00:00:00",WN,5,27,-9.0,-5.99,-4.01,-2.97,-0.99,4.0
"2025-02-04 00:00:00",DL,22,85,-22.0,-10.07,-7.03,-4.01,0.0,35.0
"2025-02-04 00:00:00",UA,20,74,-16.0,-7.92,-5.0,0.99,10.07,154.0
"2025-02-04 00:00:00",DL,20,64,-14.0,-8.94,-5.99,-1.99,1.99,44.0
"2025-02-05 00:00:00",WN,14,220,-12.0,-5.99,-2.97,1.99,13.87,65.0
"2025-02-05 00:00:00",DL,0,1,-20.0,-20.0,-20.0,-20.0,-20.0,-20.0
"2025-02-05 00:00:00",UA,7,152,-16.0,-8.94,-5.99,-4.01,-0.99,65.0
"2025-02-05 00:00:00",AA,14,138,-21.0,-7.03,-4.01,-0.99,7.03,1143.0
"2025-02-05 00:00:00",AA,15,116,-15.0,-7.92,-4.01,1.99,15.03,316.0
"2025-02-05 00:00:00",WN,12,182,-15.0,-5.0,-2.97,0.0,5.99,234.0
"2025-02-05 00:00:00",WN,7,190,-13.0,-5.99,-5.0,-1.99,0.0,91.0
"2025-02-05 00:00:00",WN,10,200,-12.0,-5.0,-2.97,0.0,7.03,52.0
"2025-02-05 00:00:00",AA,16,131,-14.0,-5.99,-4.01,0.0,7.92,95.0
"2025-02-05 00:00:00",DL,17,166,-18.0,-8.94,-5.99,-1.99,15.03,234.0
"2025-02-05 00:00:00",UA,17,145,-18.0,-5.99,-1.99,2.97,19.11,110.0
"2025-02-05 00:00:00",DL,20,69,-23.0,-7.03,-5.0,0.0,8.94,954.0
"2025-02-05 00:00:00",UA,20,81,-22.0,-7.92,-4.01,5.99,12.06,134.0
"2025-02-05 00:00:00",DL,22,83,-12.0,-7.03,-4.01,1.99,7.92,41.0
"2025-02-05 00:00:00",UA,6,111,-17.0,-8.94,-7.03,-5.0,-0.99,462.0
"2025-02-05 00:00:00",WN,6,224,-13.0,-7.03,-5.0,-2.97,-0.99,135.0
"2025-02-05 00:00:00",WN,5,29,-9.0,-7.03,-5.0,0.0,2.97,46.0
"2025-02-06 00:00:00",DL,22,92,-14.0,-7.03,-2.97,4.01,21.98,529.0
"2025-02-06 00:00:00",UA,7,171,-14.0,-7.03,-5.0,0.0,52.99,139.0
"2025-02-06 00:00:00",AA,14,158,-14.0,-5.0,-0.99,16.95,36.97,163.0
"2025-02-06 00:00:00",WN,22,3,-8.0,-7.92,-5.0,-5.0,-5.0,21.0
"2025-02-06 00:00:00",UA,20,85,-11.0,-2.97,8.94,30.88,74.45,222.0
"2025-02-06 00:00:00",DL,20,95,-20.0,-5.99,-0.99,21.98,58.56,155.0
"2025-02-06 00:00:00",AA,15,119,-13.0,-5.0,-0.99,7.92,51.94,469.0
"2025-02-06 00:00:00",UA,17,147,-12.0,-5.99,-1.99,13.87,75.95,300.0
"2025-02-06 00:00:00",AA,16,152,-12.0,-5.0,0.0,15.96,43.38,421.0
"2025-02-06 00:00:00",DL,17,168,-19.0,-5.99,0.0,19.89,54.06,329.0
"2025-02-06 00:00:00",WN,14,221,-12.0,-4.01,-0.99,10.91,32.14,211.0
"2025-02-06 00:00:00",WN,7,212,-11.0,-5.0,-2.97,0.99,10.07,359.0
"2025-02-06 00:00:00",WN,12,222,-9.0,-5.0,-0.99,7.92,25.79,206.0
"2025-02-06 00:00:00",DL,0,1,-6.0,-6.0,-6.0,-6.0,-6.0,-6.0
"2025-02-06 00:00:00",WN,5,97,-11.0,-5.0,-2.97,0.0,5.99,54.0
"2025-02-06 00:00:00",UA,6,113,-12.0,-7.03,-5.0,0.0,15.03,184.0
"2025-02-06 00:00:00",WN,6,300,-14.0,-5.0,-4.01,-0.99,19.89,271.0
"2025-02-06 00:00:00",WN,10,233,-14.0,-5.0,-1.99,5.99,21.98,131.0
"2025-02-07 00:00:00",UA,17,148,-16.0,-7.92,-4.01,-0.99,19.11,135.0
"2025-02-07 00:00:00",WN,10,231,-10.0,-5.0,-1.99,2.97,16.95,102.0
"2025-02-07 00:00:00",WN,6,302,-12.0,-5.0,-2.97,-0.99,1.99,116.0
"2025-02-07 00:00:00",WN,5,100,-9.0,-5.99,-2.97,-1.99,1.99,321.0
"2025-02-07 00:00:00",UA,6,113,-12.0,-7.92,-5.99,-1.99,0.0,16.0
"2025-02-07 00:00:00",UA,20,84,-41.0,-7.03,-4.01,1.99,10.07,1144.0
"2025-02-07 00:00:00",DL,22,93,-17.0,-5.99,-4.01,-0.99,8.94,67.0
"2025-02-07 00:00:00",DL,20,94,-23.0,-7.92,-5.0,-1.99,8.94,195.0
"2025-02-07 00:00:00",WN,12,224,-13.0,-5.0,-1.99,4.01,19.89,87.0
"2025-02-07 00:00:00",DL,0,1,-6.0,-6.0,-6.0,-6.0,-6.0,-6.0
"2025-02-07 00:00:00",UA,7,170,-16.0,-7.92,-5.99,-2.97,5.99,484.0
"2025-02-07 00:00:00",WN,22,2,-9.0,-8.94,-8.94,-8.94,-8.94,-4.0
"2025-02-07 00:00:00",AA,16,142,-17.0,-5.99,-4.01,4.01,24.78,145.0
"2025-02-07 00:00:00",WN,7,215,-10.0,-5.99,-2.97,-0.99,2.97,167.0
"2025-02-07 00:00:00",DL,17,169,-18.0,-7.03,-2.97,5.99,30.88,227.0
"2025-02-07 00:00:00",AA,14,152,-16.0,-5.99,-1.99,2.97,21.98,1047.0
"2025-02-07 00:00:00",WN,14,225,-15.0,-4.01,-0.99,8.94,29.08,239.0
"2025-02-07 00:00:00",AA,15,119,-13.0,-5.0,-2.97,0.99,24.78,393.0
"2025-02-08 00:00:00",AA,14,125,-14.0,-5.99,-4.01,1.99,24.78,92.0
"2025-02-08 00:00:00",AA,16,118,-21.0,-7.03,-4.01,-0.99,24.78,140.0
"2025-02-08 00:00:00",UA,17,128,-17.0,-7.03,-2.97,5.0,22.88,130.0
"2025-02-08 00:00:00",UA,20,69,-19.0,-5.0,-0.99,16.95,41.68,230.0
"2025-02-08 00:00:00",DL,22,65,-15.0,-5.99,-2.97,0.99,15.96,557.0
"2025-02-08 00:00:00",UA,6,110,-15.0,-7.92,-5.99,-4.01,0.0,18.0
"2025-02-08 00:00:00",WN,6,194,-14.0,-5.0,-4.01,-0.99,0.99,259.0
"2025-02-08 00:00:00",WN,12,194,-12.0,-5.0,-1.99,2.97,13.07,54.0
"2025-02-08 00:00:00",DL,0,1,-13.0,-13.0,-13.0,-13.0,-13.0,-13.0
"2025-02-08 00:00:00",DL,17,157,-19.0,-8.94,-5.0,7.03,43.38,926.0
"2025-02-08 00:00:00",WN,5,58,-10.0,-5.0,-2.97,-0.99,1.99,16.0
"2025-02-08 00:00:00",AA,15,106,-16.0,-7.03,-5.0,-1.99,5.99,149.0
"2025-02-08 00:00:00",WN,14,238,-14.0,-5.0,-1.99,5.0,15.96,225.0
"2025-02-08 00:00:00",DL,20,59,-10.0,-5.99,-0.99,7.92,27.94,589.0
"2025-02-08 00:00:00",UA,7,160,-18.0,-7.92,-5.0,-1.99,2.97,338.0
"2025-02-08 00:00:00",WN,7,203,-12.0,-5.99,-4.01,-1.99,1.99,340.0
"2025-02-08 00:00:00",WN,10,216,-13.0,-5.0,-1.99,0.99,10.07,46.0
"2025-02-09 00:00:00",DL,20,60,-13.0,-5.99,-1.99,13.07,47.95,183.0
"2025-02-09 00:00:00",UA,20,87,-18.0,-5.99,-1.99,7.92,27.94,126.0
"2025-02-09 00:00:00",WN,12,182,-11.0,-5.0,-1.99,5.99,16.95,94.0
"2025-02-09 00:00:00",DL,17,148,-16.0,-7.92,-4.01,0.99,16.95,255.0
"2025-02-09 00:00:00",DL,22,65,-16.0,-7.03,-4.01,0.99,13.87,103.0
"2025-02-09 00:00:00",WN,7,189,-14.0,-5.99,-5.0,-1.99,0.0,59.0
"2025-02-09 00:00:00",WN,5,27,-11.0,-5.0,-4.01,0.99,5.99,13.0
"2025-02-09 00:00:00",UA,6,105,-14.0,-7.03,-4.01,7.03,27.94,207.0
"2025-02-09 00:00:00",WN,6,209,-14.0,-5.99,-5.0,-1.99,0.99,61.0
"2025-02-09 00:00:00",AA,14,160,-11.0,-5.99,-1.99,5.99,32.14,508.0
"2025-02-09 00:00:00",AA,15,111,-16.0,-5.0,-1.99,12.06,74.45,302.0
"2025-02-09 00:00:00",WN,14,217,-12.0,-5.0,-0.99,5.0,15.96,79.0
"2025-02-09 00:00:00",DL,0,1,-9.0,-9.0,-9.0,-9.0,-9.0,-9.0
"2025-02-09 00:00:00",AA,16,158,-19.0,-5.0,-2.97,5.0,47.0,339.0
"2025-02-09 00:00:00",UA,17,147,-17.0,-7.92,-2.97,5.0,25.79,242.0
"2025-02-09 00:00:00",UA,7,161,-16.0,-7.92,-5.0,-1.99,4.01,174.0
"2025-02-09 00:00:00",WN,10,203,-13.0,-5.0,-1.99,4.01,13.87,147.0
"2025-02-10 00:00:00",UA,20,82,-12.0,-7.03,-2.97,2.97,22.88,82.0
"2025-02-10 00:00:00",DL,20,92,-13.0,-7.03,-1.99,7.92,41.68,214.0
"2025-02-10 00:00:00",DL,0,1,-4.0,-4.0,-4.0,-4.0,-4.0,-4.0
"2025-02-10 00:00:00",AA,15,118,-12.0,-5.0,-1.99,5.0,32.14,163.0
"2025-02-10 00:00:00",WN,5,99,-9.0,-5.0,-2.97,0.0,4.01,44.0
"2025-02-10 00:00:00",WN,12,227,-13.0,-5.0,-1.99,7.03,22.88,224.0
"2025-02-10 00:00:00",WN,22,3,-8.0,-7.92,-5.0,-5.0,-5.0,-5.0
"2025-02-10 00:00:00",DL,22,92,-14.0,-5.99,-2.97,1.99,13.87,790.0
"2025-02-10 00:00:00",UA,7,172,-15.0,-7.03,-5.0,-1.99,0.99,155.0
"2025-02-10 00:00:00",WN,7,211,-13.0,-5.0,-2.97,0.0,12.06,74.0
"2025-02-10 00:00:00",WN,6,302,-12.0,-5.0,-4.01,-0.99,5.0,231.0
"2025-02-10 00:00:00",UA,6,116,-14.0,-7.92,-4.01,-0.99,5.99,206.0
"2025-02-10 00:00:00",DL,17,167,-19.0,-8.94,-5.0,0.0,13.87,198.0
"2025-02-10 00:00:00",WN,10,234,-11.0,-4.01,-1.99,5.0,25.79,136.0
"2025-02-10 00:00:00",AA,16,143,-13.0,-5.99,-1.99,10.91,55.15,489.0
"2025-02-10 00:00:00",UA,17,141,-14.0,-7.03,-4.01,1.99,15.96,115.0
"2025-02-10 00:00:00",WN,14,226,-12.0,-4.01,0.0,10.07,36.97,268.0
"2025-02-10 00:00:00",AA,14,151,-16.0,-5.0,-1.99,7.03,32.79,226.0
