"2025-04-09 00:00:00",WN,19,245,-13.0,-5.0,-1.99,4.01,17.99,74.0
"2025-04-09 00:00:00",WN,18,253,-14.0,-5.0,-0.99,5.0,15.96,77.0
"2025-04-09 00:00:00",UA,23,37,-17.0,-10.07,-2.97,-1.99,1.99,32.0
"2025-04-09 00:00:00",DL,10,152,-17.0,-7.92,-5.0,-0.99,5.99,150.0
"2025-04-09 00:00:00",AA,10,154,-12.0,-5.99,-2.97,2.97,24.78,174.0
"2025-04-09 00:00:00",UA,21,56,-14.0,-7.92,-5.0,-1.99,10.91,66.0
"2025-04-09 00:00:00",AA,22,110,-12.0,-5.0,-2.97,10.07,32.14,126.0
"2025-04-09 00:00:00",WN,11,226,-12.0,-5.0,-0.99,5.0,17.99,172.0
"2025-04-09 00:00:00",DL,18,154,-20.0,-7.03,-2.97,0.99,13.87,235.0
"2025-04-09 00:00:00",UA,18,139,-14.0,-7.03,-2.97,0.99,24.78,261.0
"2025-04-09 00:00:00",UA,12,119,-13.0,-7.03,-4.01,-0.99,5.99,74.0
"2025-04-09 00:00:00",WN,16,227,-15.0,-5.0,-0.99,4.01,17.99,82.0
"2025-04-09 00:00:00",DL,12,162,-17.0,-7.03,-2.97,1.99,10.91,260.0
"2025-04-09 00:00:00",AA,12,145,-13.0,-5.0,-1.99,1.99,15.03,159.0
"2025-04-09 00:00:00",UA,8,160,-16.0,-7.92,-5.0,-1.99,1.99,272.0
"2025-04-09 00:00:00",UA,0,7,-12.0,-7.92,-7.03,-1.99,0.0,0.0
"2025-04-09 00:00:00",DL,8,177,-16.0,-7.03,-4.01,-0.99,8.94,478.0
"2025-04-09 00:00:00",DL,7,245,-16.0,-7.03,-4.01,0.0,12.06,605.0
"2025-04-09 00:00:00",DL,19,135,-18.0,-7.03,-4.01,1.99,16.95,132.0
"2025-04-09 00:00:00",AA,0,6,-12.0,-7.92,-5.0,-2.97,-1.99,2.0
"2025-04-09 00:00:00",UA,10,131,-16.0,-7.03,-4.01,-0.99,12.06,460.0
"2025-04-09 00:00:00",DL,9,135,-13.0,-7.03,-5.0,-0.99,5.0,93.0
"2025-04-10 00:00:00",AA,12,149,-12.0,-4.01,-0.99,5.99,30.88,1859.0
"2025-04-10 00:00:00",DL,18,148,-22.0,-5.0,-0.99,10.07,50.91,245.0
"2025-04-10 00:00:00",WN,11,246,-10.0,-2.97,0.0,10.91,30.88,189.0
"2025-04-10 00:00:00",DL,9,132,-15.0,-5.99,-2.97,0.0,8.94,185.0
"2025-04-10 00:00:00",UA,18,140,-14.0,-5.0,-1.99,7.03,21.12,97.0
"2025-04-10 00:00:00",AA,10,159,-13.0,-5.0,-1.99,5.99,19.89,183.0
"2025-04-10 00:00:00",DL,10,158,-15.0,-7.03,-4.01,0.0,13.87,439.0
"2025-04-10 00:00:00",UA,10,133,-17.0,-7.03,-5.0,-0.99,10.91,92.0
"2025-04-10 00:00:00",WN,18,273,-12.0,-0.99,7.92,23.81,55.15,283.0
"2025-04-10 00:00:00",WN,19,252,-14.0,-1.99,5.0,21.98,49.9,311.0
"2025-04-10 00:00:00",DL,19,163,-19.0,-5.0,2.97,43.38,156.04,465.0
"2025-04-10 00:00:00",WN,16,226,-10.0,-0.99,5.99,17.99,32.14,136.0
"2025-04-10 00:00:00",DL,8,177,-15.0,-5.99,-4.01,0.0,8.94,253.0
"2025-04-10 00:00:00",UA,8,163,-15.0,-7.03,-5.0,-1.99,5.0,307.0
"2025-04-10 00:00:00",DL,12,165,-18.0,-7.03,-2.97,5.0,34.82,289.0
"2025-04-10 00:00:00",UA,21,60,-11.0,-5.99,-2.97,5.99,25.79,119.0
"2025-04-10 00:00:00",AA,22,115,-11.0,-2.97,4.01,23.81,50.91,712.0
"2025-04-10 00:00:00",UA,23,38,-15.0,-7.03,-5.0,-1.99,5.99,113.0
"2025-04-10 00:00:00",AA,0,8,-8.0,-7.92,-5.99,-2.97,-1.99,13.0
"2025-04-10 00:00:00",DL,7,248,-17.0,-7.03,-4.01,-0.99,2.97,232.0
"2025-04-10 00:00:00",UA,12,121,-11.0,-7.03,-2.97,-0.99,5.0,78.0
"2025-04-10 00:00:00",UA,0,7,-8.0,-7.03,0.0,10.91,29.08,97.0
"2025-04-11 00:00:00",UA,0,8,-14.0,-8.94,-5.0,-1.99,-0.99,6.0
"2025-04-11 00:00:00",AA,0,9,-14.0,-7.03,-4.01,-0.99,7.03,181.0
"2025-04-11 00:00:00",DL,7,236,-15.0,-5.99,-2.97,0.99,19.11,560.0
"2025-04-11 00:00:00",DL,8,171,-14.0,-5.99,-2.97,2.97,30.27,186.0
"2025-04-11 00:00:00",UA,8,163,-13.0,-7.03,-5.0,-0.99,2.97,408.0
"2025-04-11 00:00:00",DL,9,127,-13.0,-5.0,-1.99,12.06,54.06,178.0
"2025-04-11 00:00:00",AA,10,159,-10.0,-4.01,-0.99,13.07,46.07,219.0
"2025-04-11 00:00:00",DL,10,154,-13.0,-5.0,-0.99,7.03,30.27,271.0
"2025-04-11 00:00:00",UA,10,132,-15.0,-5.99,-4.01,-0.99,5.99,102.0
"2025-04-11 00:00:00",WN,11,246,-9.0,-2.97,0.99,13.07,34.13,186.0
"2025-04-11 00:00:00",AA,12,151,-13.0,-4.01,0.0,16.95,45.15,273.0
"2025-04-11 00:00:00",DL,12,163,-14.0,-5.0,-0.99,15.96,48.91,301.0
"2025-04-11 00:00:00",UA,12,121,-12.0,-7.03,-4.01,0.99,10.91,94.0
"2025-04-11 00:00:00",WN,16,229,-12.0,-1.99,4.01,19.89,47.0,195.0
"2025-04-11 00:00:00",DL,18,164,-16.0,-4.01,7.03,26.84,63.44,231.0
"2025-04-11 00:00:00",WN,18,275,-14.0,-2.97,2.97,21.12,47.95,216.0
"2025-04-11 00:00:00",UA,18,142,-14.0,-7.03,-2.97,13.07,52.99,260.0
"2025-04-11 00:00:00",DL,19,168,-17.0,-4.01,0.99,23.81,55.15,301.0
"2025-04-11 00:00:00",WN,19,253,-15.0,-1.99,5.99,30.27,59.75,218.0
"2025-04-11 00:00:00",UA,21,61,-13.0,-5.99,-2.97,1.99,19.11,93.0
"2025-04-11 00:00:00",AA,22,114,-12.0,-4.01,1.99,13.87,49.9,352.0
"2025-04-11 00:00:00",UA,23,35,-17.0,-7.03,-5.0,-0.99,8.94,127.0
"2025-04-12 00:00:00",UA,8,155,-16.0,-7.92,-5.0,-1.99,5.0,253.0
"2025-04-12 00:00:00",DL,10,125,-15.0,-7.03,-4.01,0.0,26.84,263.0
"2025-04-12 00:00:00",UA,18,117,-22.0,-7.92,-4.01,1.99,24.78,173.0
"2025-04-12 00:00:00",UA,10,109,-17.0,-7.03,-4.01,0.0,13.07,519.0
"2025-04-12 00:00:00",WN,18,263,-13.0,-5.0,-1.99,5.0,23.81,178.0
"2025-04-12 00:00:00",AA,22,79,-13.0,-5.0,-1.99,2.97,21.12,430.0
"2025-04-12 00:00:00",UA,23,34,-14.0,-8.94,-5.99,-1.99,13.87,141.0
"2025-04-12 00:00:00",UA,21,42,-12.0,-7.92,-4.01,1.99,15.03,48.0
"2025-04-12 00:00:00",WN,19,160,-15.0,-5.0,0.0,8.94,24.78,86.0
"2025-04-12 00:00:00",DL,19,87,-17.0,-7.03,-2.97,0.99,29.08,166.0
"2025-04-12 00:00:00",DL,18,133,-19.0,-7.03,-2.97,10.07,22.88,123.0
"2025-04-12 00:00:00",WN,11,201,-9.0,-4.01,-0.99,4.01,17.99,110.0
"2025-04-12 00:00:00",AA,12,131,-11.0,-5.99,-4.01,0.0,17.99,262.0
"2025-04-12 00:00:00",WN,16,232,-12.0,-4.01,-0.99,7.92,22.88,101.0
"2025-04-12 00:00:00",UA,12,113,-13.0,-7.03,-5.0,-1.99,0.99,346.0
"2025-04-12 00:00:00",DL,12,146,-18.0,-5.99,-2.97,5.99,21.98,554.0
"2025-04-12 00:00:00",UA,0,8,-16.0,-8.94,-7.92,-5.99,-5.0,-3.0
"2025-04-12 00:00:00",AA,0,9,-9.0,-7.03,-5.0,-4.01,-1.99,18.0
"2025-04-12 00:00:00",DL,7,220,-15.0,-7.03,-4.01,0.0,15.03,290.0
"2025-04-12 00:00:00",DL,8,155,-19.0,-5.0,-1.99,0.99,10.91,80.0
"2025-04-12 00:00:00",AA,10,144,-13.0,-7.03,-2.97,1.99,21.12,205.0
"2025-04-12 00:00:00",DL,9,138,-15.0,-5.99,-2.97,2.97,30.88,343.0
"2025-04-13 00:00:00",AA,0,9,-10.0,-7.03,-4.01,30.27,60.95,63.0
"2025-04-13 00:00:00",WN,19,246,-15.0,-2.97,2.97,16.95,37.72,179.0
"2025-04-13 00:00:00",UA,10,129,-13.0,-7.03,-5.0,-0.99,10.07,110.0
"2025-04-13 00:00:00",UA,0,7,-10.0,-10.0,-8.94,-5.0,-5.0,4.0
"2025-04-13 00:00:00",AA,10,160,-17.0,-5.0,-2.97,1.99,23.81,219.0
"2025-04-13 00:00:00",UA,21,64,-14.0,-7.03,-5.0,7.03,22.88,125.0
"2025-04-13 00:00:00",AA,22,115,-11.0,-4.01,0.0,17.99,43.38,722.0
"2025-04-13 00:00:00",UA,23,35,-15.0,-10.07,-5.0,-0.99,5.99,58.0
"2025-04-13 00:00:00",WN,11,213,-9.0,-5.0,-0.99,4.01,12.06,98.0
"2025-04-13 00:00:00",DL,7,249,-18.0,-7.92,-4.01,0.0,10.07,277.0
"2025-04-13 00:00:00",DL,18,161,-20.0,-5.0,-1.99,7.92,36.97,302.0
"2025-04-13 00:00:00",UA,8,162,-15.0,-7.03,-5.0,-1.99,5.99,127.0
"2025-04-13 00:00:00",DL,8,181,-16.0,-7.03,-4.01,-0.99,7.92,189.0
"2025-04-13 00:00:00",DL,9,133,-16.0,-5.99,-4.01,0.0,13.87,105.0
"2025-04-13 00:00:00",DL,10,155,-16.0,-7.03,-4.01,0.0,12.06,216.0
"2025-04-13 00:00:00",DL,19,173,-19.0,-5.99,-0.99,13.07,32.79,242.0
"2025-04-13 00:00:00",WN,18,245,-12.0,-1.99,4.01,16.95,40.86,289.0
"2025-04-13 00:00:00",AA,12,151,-10.0,-4.01,-0.99,12.06,46.07,442.0
"2025-04-13 00:00:00",DL,12,164,-20.0,-5.99,-2.97,5.0,24.78,194.0
"2025-04-13 00:00:00",UA,12,115,-17.0,-7.03,-2.97,0.0,13.07,142.0
"2025-04-13 00:00:00",WN,16,233,-10.0,-1.99,1.99,12.06,23.81,119.0
"2025-04-13 00:00:00",UA,18,143,-19.0,-7.03,-4.01,-0.99,5.0,90.0
"2025-04-14 00:00:00",WN,16,228,-9.0,-2.97,1.99,15.03,36.24,272.0
"2025-04-14 00:00:00",UA,8,164,-15.0,-7.92,-5.0,-1.99,2.97,434.0
"2025-04-14 00:00:00",UA,21,54,-20.0,-7.92,-5.99,-0.99,16.95,91.0
"2025-04-14 00:00:00",WN,11,244,-12.0,-4.01,-0.99,5.0,19.89,107.0
"2025-04-14 00:00:00",UA,23,34,-15.0,-10.91,-7.03,-2.97,8.94,66.0
"2025-04-14 00:00:00",DL,9,140,-13.0,-7.03,-5.0,-0.99,5.99,286.0
"2025-04-14 00:00:00",DL,10,159,-15.0,-7.03,-5.0,0.0,15.03,453.0
"2025-04-14 00:00:00",UA,10,134,-14.0,-7.03,-5.0,-1.99,7.03,112.0
"2025-04-14 00:00:00",AA,10,155,-12.0,-5.99,-2.97,4.01,23.81,369.0
"2025-04-14 00:00:00",AA,22,116,-17.0,-5.99,-4.01,8.94,34.82,387.0
"2025-04-14 00:00:00",DL,8,193,-16.0,-7.03,-5.0,0.0,7.03,389.0
"2025-04-14 00:00:00",DL,7,244,-17.0,-7.92,-5.99,-1.99,2.97,343.0
"2025-04-14 00:00:00",UA,0,8,-12.0,-10.07,-7.03,-1.99,-0.99,7.0
"2025-04-14 00:00:00",AA,0,9,-14.0,-8.94,-7.03,-5.0,-1.99,32.0
"2025-04-14 00:00:00",WN,19,252,-13.0,-4.01,-0.99,10.07,32.14,317.0
"2025-04-14 00:00:00",DL,18,178,-25.0,-5.99,-1.99,15.96,37.72,337.0
"2025-04-14 00:00:00",AA,12,147,-14.0,-5.0,-2.97,2.97,26.84,1586.0
"2025-04-14 00:00:00",UA,12,121,-12.0,-7.03,-5.0,-1.99,2.97,178.0
"2025-04-14 00:00:00",DL,19,178,-23.0,-7.92,-4.01,0.99,23.81,268.0
"2025-04-14 00:00:00",DL,12,178,-15.0,-5.99,-1.99,5.99,27.94,320.0
"2025-04-14 00:00:00",WN,18,275,-14.0,-4.01,0.0,8.94,32.14,195.0
"2025-04-14 00:00:00",UA,18,138,-19.0,-7.03,-4.01,0.0,13.07,96.0
