"2025-03-21 00:00:00",WN,5,195,-12.0,-5.0,-2.97,0.0,2.97,129.0
"2025-03-21 00:00:00",WN,6,307,-12.0,-5.0,-2.97,-0.99,2.97,124.0
"2025-03-21 00:00:00",AA,14,142,-14.0,-5.0,-0.99,21.12,62.18,392.0
"2025-03-21 00:00:00",AA,16,144,-17.0,-4.01,0.99,15.96,68.72,314.0
"2025-03-21 00:00:00",UA,7,202,-14.0,-7.92,-5.0,-1.99,5.0,755.0
"2025-03-21 00:00:00",UA,6,144,-15.0,-7.92,-5.99,-2.97,1.99,89.0
"2025-03-21 00:00:00",WN,7,239,-9.0,-5.0,-1.99,0.99,13.07,136.0
"2025-03-21 00:00:00",WN,14,247,-10.0,-2.97,0.99,12.06,30.88,349.0
"2025-03-21 00:00:00",DL,17,187,-19.0,-5.99,-1.99,22.88,51.94,1073.0
"2025-03-21 00:00:00",WN,22,136,-16.0,-5.99,-2.97,2.97,19.89,148.0
"2025-03-21 00:00:00",UA,17,138,-14.0,-5.0,-2.97,5.99,44.26,114.0
"2025-03-21 00:00:00",WN,23,9,-7.0,-4.01,0.0,1.99,5.0,12.0
"2025-03-21 00:00:00",DL,0,7,-11.0,-7.03,-5.0,-4.01,-2.97,3.0
"2025-03-21 00:00:00",DL,22,104,-12.0,-5.0,-1.99,7.92,34.82,601.0
"2025-03-21 00:00:00",DL,20,121,-25.0,-5.99,-0.99,15.03,43.38,277.0
"2025-03-21 00:00:00",UA,20,96,-14.0,-5.99,-0.99,16.95,47.95,292.0
"2025-03-21 00:00:00",AA,15,144,-15.0,-4.01,-1.99,22.88,63.44,390.0
"2025-03-21 00:00:00",WN,10,236,-12.0,-4.01,-1.99,1.99,15.03,146.0
"2025-03-21 00:00:00",WN,12,227,-14.0,-2.97,-0.99,5.0,24.78,246.0
"2025-03-22 00:00:00",WN,10,185,-11.0,-5.0,-1.99,0.99,7.03,375.0
"2025-03-22 00:00:00",UA,20,82,-12.0,-4.01,0.0,16.95,66.03,192.0
"2025-03-22 00:00:00",UA,7,180,-15.0,-7.92,-5.99,-2.97,2.97,634.0
"2025-03-22 00:00:00",WN,7,229,-12.0,-5.0,-2.97,0.0,2.97,172.0
"2025-03-22 00:00:00",WN,23,9,-4.0,-0.99,-0.99,0.99,15.03,68.0
"2025-03-22 00:00:00",WN,22,107,-12.0,-4.01,0.99,15.03,41.68,96.0
"2025-03-22 00:00:00",DL,0,7,-11.0,-5.0,0.0,0.0,0.0,60.0
"2025-03-22 00:00:00",UA,17,116,-13.0,-5.0,-1.99,2.97,22.88,131.0
"2025-03-22 00:00:00",DL,22,76,-12.0,-5.0,-2.97,0.99,19.89,84.0
"2025-03-22 00:00:00",WN,5,193,-11.0,-5.0,-1.99,0.0,2.97,53.0
"2025-03-22 00:00:00",UA,6,146,-15.0,-7.92,-5.99,-1.99,4.01,130.0
"2025-03-22 00:00:00",WN,6,284,-13.0,-5.0,-2.97,-0.99,4.01,106.0
"2025-03-22 00:00:00",DL,20,87,-12.0,-5.0,0.0,21.12,44.26,110.0
"2025-03-22 00:00:00",AA,14,135,-14.0,-5.0,-0.99,10.07,47.0,354.0
"2025-03-22 00:00:00",WN,12,178,-10.0,-5.0,-1.99,2.97,15.96,103.0
"2025-03-22 00:00:00",DL,17,148,-20.0,-7.03,-1.99,10.07,39.25,330.0
"2025-03-22 00:00:00",WN,14,192,-13.0,-4.01,-0.99,4.01,13.87,97.0
"2025-03-22 00:00:00",AA,16,130,-14.0,-5.0,-0.99,10.91,63.44,314.0
"2025-03-22 00:00:00",AA,15,136,-20.0,-5.0,-1.99,7.03,26.84,996.0
"2025-03-23 00:00:00",UA,20,99,-14.0,-5.0,0.99,13.07,56.27,130.0
"2025-03-23 00:00:00",DL,20,119,-15.0,-5.99,-0.99,15.96,47.95,272.0
"2025-03-23 00:00:00",DL,22,104,-11.0,-5.0,0.0,19.11,45.15,457.0
"2025-03-23 00:00:00",WN,23,9,-8.0,-0.99,2.97,5.0,13.07,24.0
"2025-03-23 00:00:00",DL,0,4,-6.0,-5.99,-1.99,8.94,8.94,24.0
"2025-03-23 00:00:00",UA,7,199,-15.0,-7.92,-5.0,-1.99,7.03,117.0
"2025-03-23 00:00:00",WN,14,215,-12.0,-1.99,1.99,12.06,22.88,197.0
"2025-03-23 00:00:00",AA,15,146,-13.0,-5.0,-0.99,15.03,63.44,280.0
"2025-03-23 00:00:00",AA,16,143,-24.0,-4.01,0.0,12.06,47.95,349.0
"2025-03-23 00:00:00",UA,17,132,-20.0,-4.01,-0.99,5.0,29.08,173.0
"2025-03-23 00:00:00",WN,6,296,-12.0,-5.0,-2.97,-0.99,4.01,259.0
"2025-03-23 00:00:00",DL,17,184,-15.0,-5.99,-2.97,7.03,34.82,315.0
"2025-03-23 00:00:00",AA,14,140,-11.0,-4.01,-0.99,7.03,26.84,228.0
"2025-03-23 00:00:00",WN,10,236,-10.0,-4.01,-1.99,2.97,13.07,130.0
"2025-03-23 00:00:00",WN,12,224,-10.0,-4.01,0.0,7.92,19.89,113.0
"2025-03-23 00:00:00",WN,7,232,-10.0,-5.0,-2.97,0.0,5.0,223.0
"2025-03-23 00:00:00",WN,5,193,-11.0,-5.0,-4.01,-0.99,0.99,257.0
"2025-03-23 00:00:00",UA,6,145,-17.0,-7.92,-5.0,-2.97,2.97,153.0
"2025-03-23 00:00:00",WN,22,163,-13.0,-2.97,2.97,22.88,48.91,183.0
"2025-03-24 00:00:00",AA,15,143,-10.0,-4.01,-0.99,10.91,30.27,480.0
"2025-03-24 00:00:00",WN,6,306,-14.0,-5.0,-2.97,0.0,1.99,186.0
"2025-03-24 00:00:00",UA,17,140,-13.0,-5.0,0.0,13.07,34.13,197.0
"2025-03-24 00:00:00",DL,20,121,-22.0,-7.03,-1.99,13.07,36.97,160.0
"2025-03-24 00:00:00",DL,22,101,-13.0,-5.0,-2.97,5.0,21.12,184.0
"2025-03-24 00:00:00",WN,7,238,-12.0,-5.0,-1.99,0.99,10.07,377.0
"2025-03-24 00:00:00",AA,16,144,-14.0,-4.01,1.99,19.89,58.56,898.0
"2025-03-24 00:00:00",WN,23,9,-7.0,-1.99,0.0,1.99,7.03,9.0
"2025-03-24 00:00:00",WN,22,138,-12.0,-5.0,-0.99,5.99,21.98,154.0
"2025-03-24 00:00:00",DL,17,185,-26.0,-5.99,2.97,27.94,55.15,305.0
"2025-03-24 00:00:00",UA,20,97,-18.0,-5.0,0.0,12.06,44.26,125.0
"2025-03-24 00:00:00",WN,14,247,-12.0,-1.99,2.97,15.96,32.14,225.0
"2025-03-24 00:00:00",UA,6,142,-14.0,-7.92,-5.0,-0.99,4.01,253.0
"2025-03-24 00:00:00",AA,14,143,-12.0,-5.0,-1.99,7.92,47.0,309.0
"2025-03-24 00:00:00",WN,10,237,-12.0,-4.01,-1.99,5.0,13.07,64.0
"2025-03-24 00:00:00",UA,7,204,-18.0,-7.03,-5.0,-1.99,4.01,909.0
"2025-03-24 00:00:00",WN,5,196,-13.0,-5.0,-4.01,-1.99,1.99,61.0
"2025-03-24 00:00:00",DL,0,7,-16.0,-7.92,-4.01,-2.97,23.81,32.0
"2025-03-24 00:00:00",WN,12,227,-10.0,-4.01,-0.99,7.03,25.79,259.0
"2025-03-25 00:00:00",WN,22,10,-8.0,-5.99,-2.97,-0.99,49.9,71.0
"2025-03-25 00:00:00",DL,17,176,-23.0,-8.94,-5.0,-0.99,12.06,191.0
"2025-03-25 00:00:00",UA,17,130,-14.0,-7.03,-4.01,0.0,12.06,200.0
"2025-03-25 00:00:00",WN,6,302,-12.0,-5.99,-4.01,-1.99,0.0,351.0
"2025-03-25 00:00:00",AA,15,142,-18.0,-5.99,-1.99,19.11,59.75,186.0
"2025-03-25 00:00:00",DL,20,94,-17.0,-7.03,-4.01,-0.99,26.84,338.0
"2025-03-25 00:00:00",WN,23,9,-8.0,-5.0,-2.97,-1.99,-0.99,11.0
"2025-03-25 00:00:00",UA,20,91,-15.0,-7.03,-2.97,4.01,32.79,162.0
"2025-03-25 00:00:00",UA,6,131,-16.0,-10.07,-7.03,-4.01,0.99,121.0
"2025-03-25 00:00:00",WN,5,107,-12.0,-5.99,-4.01,-1.99,-0.99,12.0
"2025-03-25 00:00:00",DL,22,95,-17.0,-7.92,-5.0,-1.99,0.0,60.0
"2025-03-25 00:00:00",AA,14,143,-14.0,-5.99,-2.97,13.87,77.49,329.0
"2025-03-25 00:00:00",DL,0,7,-24.0,-13.07,-7.92,-7.03,-5.99,-4.0
"2025-03-25 00:00:00",WN,14,221,-15.0,-5.0,-2.97,0.99,12.06,121.0
"2025-03-25 00:00:00",WN,12,232,-14.0,-4.01,-0.99,1.99,13.87,189.0
"2025-03-25 00:00:00",WN,7,244,-12.0,-5.99,-4.01,-0.99,1.99,82.0
"2025-03-25 00:00:00",WN,10,248,-11.0,-5.0,-2.97,0.99,16.95,95.0
"2025-03-25 00:00:00",UA,7,191,-15.0,-7.92,-5.99,-1.99,2.97,172.0
"2025-03-25 00:00:00",AA,16,144,-15.0,-5.0,-2.97,10.07,32.79,292.0
"2025-03-26 00:00:00",UA,17,136,-13.0,-7.03,-2.97,5.0,40.05,119.0
"2025-03-26 00:00:00",AA,15,142,-15.0,-5.0,-1.99,8.94,37.72,259.0
"2025-03-26 00:00:00",WN,10,250,-10.0,-5.0,-2.97,0.99,7.03,117.0
"2025-03-26 00:00:00",WN,14,221,-15.0,-5.0,-1.99,5.0,16.95,160.0
"2025-03-26 00:00:00",UA,7,193,-15.0,-7.92,-5.99,-2.97,4.01,161.0
"2025-03-26 00:00:00",WN,5,107,-12.0,-5.99,-5.0,-1.99,0.0,61.0
"2025-03-26 00:00:00",WN,6,304,-13.0,-5.99,-5.0,-1.99,0.0,80.0
"2025-03-26 00:00:00",UA,6,131,-17.0,-10.07,-7.03,-5.0,-0.99,72.0
"2025-03-26 00:00:00",DL,0,4,-9.0,-8.94,-5.0,-5.0,-5.0,-4.0
"2025-03-26 00:00:00",WN,7,245,-13.0,-5.99,-4.01,-1.99,1.99,108.0
"2025-03-26 00:00:00",AA,16,145,-14.0,-5.0,-1.99,10.91,32.14,265.0
"2025-03-26 00:00:00",DL,17,179,-29.0,-7.03,-2.97,2.97,23.81,354.0
"2025-03-26 00:00:00",WN,22,10,-7.0,-5.99,-2.97,-1.99,5.99,142.0
"2025-03-26 00:00:00",WN,23,9,-6.0,-1.99,1.99,2.97,4.01,10.0
"2025-03-26 00:00:00",WN,12,231,-12.0,-5.0,-1.99,1.99,8.94,170.0
"2025-03-26 00:00:00",AA,14,143,-10.0,-5.99,-0.99,10.91,21.98,305.0
"2025-03-26 00:00:00",DL,20,98,-25.0,-7.03,-4.01,4.01,29.08,141.0
"2025-03-26 00:00:00",DL,22,95,-14.0,-7.03,-4.01,0.0,10.91,756.0
"2025-03-26 00:00:00",UA,20,99,-17.0,-7.03,-4.01,5.0,25.79,172.0
