"2025-04-09 00:00:00",DL,13,152,-19.0,-7.92,-4.01,-0.99,7.92,134.0
"2025-04-09 00:00:00",DL,15,183,-16.0,-5.99,-2.97,4.01,19.89,310.0
"2025-04-09 00:00:00",DL,16,125,-19.0,-7.03,-2.97,0.0,13.07,501.0
"2025-04-09 00:00:00",UA,16,142,-22.0,-7.03,-4.01,0.99,19.89,306.0
"2025-04-09 00:00:00",WN,17,249,-11.0,-4.01,0.0,7.03,17.99,218.0
"2025-04-09 00:00:00",AA,19,157,-16.0,-7.03,-1.99,13.07,49.9,358.0
"2025-04-09 00:00:00",AA,20,129,-18.0,-5.0,-0.99,12.06,34.13,300.0
"2025-04-09 00:00:00",WN,21,95,-12.0,-5.99,-4.01,-0.99,8.94,41.0
"2025-04-09 00:00:00",DL,21,79,-13.0,-5.99,-4.01,0.0,26.84,68.0
"2025-04-09 00:00:00",DL,23,37,-18.0,-8.94,-2.97,0.0,4.01,34.0
"2025-04-09 00:00:00",AA,1,1,-11.0,-11.0,-11.0,-11.0,-11.0,-11.0
"2025-04-09 00:00:00",AA,6,193,-14.0,-7.92,-5.99,-2.97,7.03,1557.0
"2025-04-09 00:00:00",WN,9,195,-11.0,-4.01,-1.99,0.99,10.91,161.0
"2025-04-09 00:00:00",DL,6,184,-18.0,-8.94,-5.99,-1.99,0.0,656.0
"2025-04-09 00:00:00",AA,9,132,-12.0,-5.0,-2.97,1.99,25.79,310.0
"2025-04-09 00:00:00",UA,13,128,-13.0,-7.03,-4.01,0.0,15.96,449.0
"2025-04-09 00:00:00",AA,5,106,-17.0,-8.94,-7.03,-2.97,-0.99,203.0
"2025-04-09 00:00:00",DL,11,201,-15.0,-5.99,-4.01,0.99,15.96,1062.0
"2025-04-09 00:00:00",AA,21,87,-16.0,-4.01,-0.99,17.99,58.56,207.0
"2025-04-10 00:00:00",UA,16,141,-14.0,-5.99,-2.97,0.99,27.94,265.0
"2025-04-10 00:00:00",DL,16,132,-13.0,-5.0,0.0,16.95,51.94,1013.0
"2025-04-10 00:00:00",WN,9,237,-12.0,-5.0,-1.99,2.97,16.95,170.0
"2025-04-10 00:00:00",AA,5,111,-14.0,-7.92,-5.0,-1.99,0.99,168.0
"2025-04-10 00:00:00",AA,6,195,-17.0,-7.03,-4.01,-0.99,0.99,1741.0
"2025-04-10 00:00:00",DL,6,188,-17.0,-7.92,-5.0,-0.99,1.99,309.0
"2025-04-10 00:00:00",AA,9,135,-10.0,-5.99,-1.99,2.97,17.99,193.0
"2025-04-10 00:00:00",DL,11,202,-16.0,-5.99,-1.99,2.97,15.03,346.0
"2025-04-10 00:00:00",DL,13,159,-14.0,-5.99,-1.99,7.92,30.88,665.0
"2025-04-10 00:00:00",UA,13,127,-12.0,-7.03,-4.01,1.99,8.94,470.0
"2025-04-10 00:00:00",DL,15,183,-14.0,-5.0,-0.99,12.06,37.72,419.0
"2025-04-10 00:00:00",AA,20,137,-9.0,-4.01,2.97,16.95,43.38,184.0
"2025-04-10 00:00:00",WN,17,240,-12.0,-1.99,5.0,17.99,40.86,178.0
"2025-04-10 00:00:00",AA,1,1,10.0,10.0,10.0,10.0,10.0,10.0
"2025-04-10 00:00:00",AA,19,159,-15.0,-2.97,7.92,32.14,77.49,271.0
"2025-04-10 00:00:00",DL,23,40,-12.0,-5.99,-2.97,7.03,141.19,718.0
"2025-04-10 00:00:00",DL,21,96,-11.0,-0.99,21.12,59.75,100.49,618.0
"2025-04-10 00:00:00",AA,21,87,-15.0,-4.01,0.0,24.78,58.56,102.0
"2025-04-10 00:00:00",WN,21,193,-15.0,-1.99,4.01,21.12,40.05,294.0
"2025-04-11 00:00:00",DL,13,159,-12.0,-5.0,0.0,25.79,63.44,264.0
"2025-04-11 00:00:00",DL,15,184,-15.0,-5.0,1.99,23.81,49.9,201.0
"2025-04-11 00:00:00",WN,17,243,-10.0,-0.99,7.03,26.84,54.06,234.0
"2025-04-11 00:00:00",AA,20,135,-11.0,-4.01,4.01,32.79,70.11,342.0
"2025-04-11 00:00:00",DL,16,134,-13.0,-4.01,0.0,23.81,62.18,315.0
"2025-04-11 00:00:00",AA,21,87,-8.0,-4.01,1.99,26.84,85.64,476.0
"2025-04-11 00:00:00",WN,21,193,-11.0,-0.99,5.99,24.78,54.06,182.0
"2025-04-11 00:00:00",DL,23,42,-14.0,-7.03,-2.97,0.0,17.99,120.0
"2025-04-11 00:00:00",DL,21,101,-18.0,-4.01,-0.99,19.11,34.82,780.0
"2025-04-11 00:00:00",AA,19,161,-16.0,-2.97,12.06,39.25,70.11,255.0
"2025-04-11 00:00:00",DL,11,194,-13.0,-5.0,-0.99,13.87,45.15,193.0
"2025-04-11 00:00:00",AA,6,195,-15.0,-7.03,-4.01,-0.99,2.97,397.0
"2025-04-11 00:00:00",WN,9,238,-12.0,-4.01,-0.99,4.01,19.89,178.0
"2025-04-11 00:00:00",DL,6,179,-14.0,-7.03,-4.01,0.99,10.91,639.0
"2025-04-11 00:00:00",AA,9,134,-11.0,-5.0,-1.99,5.99,37.72,733.0
"2025-04-11 00:00:00",UA,13,128,-15.0,-7.03,-4.01,-0.99,15.03,137.0
"2025-04-11 00:00:00",AA,1,1,-16.0,-16.0,-16.0,-16.0,-16.0,-16.0
"2025-04-11 00:00:00",AA,5,110,-14.0,-7.03,-5.0,-1.99,0.99,233.0
"2025-04-11 00:00:00",UA,16,143,-15.0,-5.99,-2.97,4.01,34.82,188.0
"2025-04-12 00:00:00",AA,21,84,-11.0,-5.0,0.99,17.99,60.95,478.0
"2025-04-12 00:00:00",WN,21,36,-9.0,-4.01,0.0,30.88,45.15,98.0
"2025-04-12 00:00:00",WN,9,222,-9.0,-5.0,-1.99,0.99,7.92,128.0
"2025-04-12 00:00:00",AA,20,124,-23.0,-5.0,-0.99,15.03,34.13,157.0
"2025-04-12 00:00:00",DL,21,88,-17.0,-7.92,-5.99,-1.99,10.07,116.0
"2025-04-12 00:00:00",DL,6,178,-20.0,-7.03,-4.01,0.0,5.99,523.0
"2025-04-12 00:00:00",DL,11,182,-20.0,-7.03,-2.97,2.97,30.27,203.0
"2025-04-12 00:00:00",AA,9,121,-15.0,-5.99,-4.01,1.99,34.13,745.0
"2025-04-12 00:00:00",AA,5,105,-13.0,-8.94,-5.0,-1.99,0.99,58.0
"2025-04-12 00:00:00",AA,6,185,-20.0,-7.92,-5.0,-2.97,1.99,307.0
"2025-04-12 00:00:00",AA,1,1,-5.0,-5.0,-5.0,-5.0,-5.0,-5.0
"2025-04-12 00:00:00",DL,13,131,-19.0,-7.03,-4.01,5.0,26.84,136.0
"2025-04-12 00:00:00",UA,16,120,-15.0,-7.92,-5.0,0.0,5.99,122.0
"2025-04-12 00:00:00",DL,23,27,-16.0,-8.94,-5.0,0.99,10.07,56.0
"2025-04-12 00:00:00",AA,19,127,-20.0,-7.03,-1.99,8.94,40.05,343.0
"2025-04-12 00:00:00",WN,17,221,-13.0,-5.0,-1.99,4.01,19.89,96.0
"2025-04-12 00:00:00",DL,16,113,-16.0,-5.99,-0.99,10.07,36.97,93.0
"2025-04-12 00:00:00",UA,13,115,-13.0,-7.03,-4.01,0.0,15.96,208.0
"2025-04-12 00:00:00",DL,15,163,-25.0,-7.03,-2.97,5.99,29.08,194.0
"2025-04-13 00:00:00",DL,23,42,-15.0,-8.94,-4.01,-1.99,16.95,62.0
"2025-04-13 00:00:00",AA,5,111,-13.0,-7.92,-5.0,-1.99,22.88,418.0
"2025-04-13 00:00:00",AA,6,187,-18.0,-7.92,-5.0,-1.99,5.0,1623.0
"2025-04-13 00:00:00",DL,6,180,-15.0,-7.92,-4.01,0.0,12.06,175.0
"2025-04-13 00:00:00",AA,1,1,-9.0,-9.0,-9.0,-9.0,-9.0,-9.0
"2025-04-13 00:00:00",UA,13,128,-12.0,-7.03,-4.01,-0.99,8.94,220.0
"2025-04-13 00:00:00",AA,9,134,-12.0,-5.99,-2.97,5.0,26.84,872.0
"2025-04-13 00:00:00",WN,9,209,-14.0,-5.0,-1.99,1.99,8.94,118.0
"2025-04-13 00:00:00",DL,11,200,-16.0,-7.03,-5.0,0.99,26.84,101.0
"2025-04-13 00:00:00",DL,13,159,-19.0,-7.03,-4.01,1.99,21.12,330.0
"2025-04-13 00:00:00",AA,19,161,-14.0,-5.0,-0.99,15.03,40.05,614.0
"2025-04-13 00:00:00",WN,21,181,-15.0,-5.0,1.99,13.87,37.72,237.0
"2025-04-13 00:00:00",DL,15,186,-14.0,-5.99,-2.97,5.99,19.89,491.0
"2025-04-13 00:00:00",DL,21,111,-11.0,-5.99,-2.97,0.99,19.89,102.0
"2025-04-13 00:00:00",AA,20,133,-12.0,-2.97,0.99,21.98,62.18,590.0
"2025-04-13 00:00:00",AA,21,89,-12.0,-5.0,-1.99,13.07,58.56,732.0
"2025-04-13 00:00:00",DL,16,137,-12.0,-5.0,-1.99,10.91,32.79,221.0
"2025-04-13 00:00:00",WN,17,231,-11.0,-1.99,4.01,15.96,36.24,192.0
"2025-04-13 00:00:00",UA,16,140,-12.0,-5.99,-2.97,1.99,22.88,237.0
"2025-04-14 00:00:00",WN,17,243,-14.0,-4.01,0.0,13.07,26.84,133.0
"2025-04-14 00:00:00",AA,1,1,-9.0,-9.0,-9.0,-9.0,-9.0,-9.0
"2025-04-14 00:00:00",UA,13,124,-12.0,-7.03,-4.01,-1.99,13.87,390.0
"2025-04-14 00:00:00",AA,9,138,-15.0,-5.0,-2.97,0.0,13.87,299.0
"2025-04-14 00:00:00",DL,15,192,-14.0,-5.0,-0.99,8.94,27.94,151.0
"2025-04-14 00:00:00",DL,11,210,-15.0,-5.99,-2.97,1.99,17.99,789.0
"2025-04-14 00:00:00",WN,9,235,-10.0,-4.01,-1.99,1.99,13.07,73.0
"2025-04-14 00:00:00",WN,21,193,-17.0,-5.99,-1.99,10.91,39.25,115.0
"2025-04-14 00:00:00",AA,19,160,-19.0,-5.99,0.0,12.06,51.94,1001.0
"2025-04-14 00:00:00",DL,23,32,-24.0,-12.06,-7.92,-2.97,4.01,14.0
"2025-04-14 00:00:00",AA,20,134,-18.0,-4.01,0.0,10.91,32.79,660.0
"2025-04-14 00:00:00",AA,21,88,-13.0,-5.99,-4.01,2.97,30.27,229.0
"2025-04-14 00:00:00",DL,21,102,-19.0,-7.03,-2.97,5.99,19.89,127.0
"2025-04-14 00:00:00",DL,13,157,-14.0,-7.03,-2.97,4.01,32.79,436.0
"2025-04-14 00:00:00",AA,5,111,-13.0,-7.92,-5.0,-1.99,5.99,467.0
"2025-04-14 00:00:00",AA,6,195,-17.0,-7.92,-5.0,-2.97,1.99,533.0
"2025-04-14 00:00:00",UA,16,139,-14.0,-7.03,-4.01,0.99,16.95,182.0
"2025-04-14 00:00:00",DL,16,140,-17.0,-5.99,-1.99,7.03,29.08,302.0
"2025-04-14 00:00:00",DL,6,191,-16.0,-7.92,-4.01,-0.99,1.99,791.0
