"2025-03-09 00:00:00",WN,12,223,-14.0,-2.97,1.99,12.06,29.08,288.0
"2025-03-09 00:00:00",WN,5,190,-11.0,-5.0,-2.97,-0.99,4.01,276.0
"2025-03-09 00:00:00",WN,14,213,-11.0,-0.99,5.99,17.99,30.27,192.0
"2025-03-09 00:00:00",DL,22,104,-14.0,-4.01,4.01,21.12,47.0,232.0
"2025-03-09 00:00:00",WN,10,236,-10.0,-4.01,-0.99,10.07,25.79,199.0
"2025-03-09 00:00:00",UA,6,141,-15.0,-7.92,-5.0,-2.97,1.99,62.0
"2025-03-09 00:00:00",UA,20,99,-15.0,-5.0,0.0,13.87,54.06,153.0
"2025-03-09 00:00:00",WN,7,232,-14.0,-5.0,-2.97,0.0,13.07,92.0
"2025-03-09 00:00:00",WN,6,293,-13.0,-5.0,-2.97,-0.99,2.97,378.0
"2025-03-09 00:00:00",UA,7,195,-15.0,-7.03,-4.01,-0.99,8.94,591.0
"2025-03-09 00:00:00",AA,15,144,-17.0,-4.01,0.99,15.96,51.94,1240.0
"2025-03-09 00:00:00",DL,0,6,-14.0,-12.06,-10.91,-5.0,-0.99,6.0
"2025-03-09 00:00:00",AA,16,148,-15.0,-4.01,-0.99,16.95,41.68,191.0
"2025-03-09 00:00:00",DL,20,121,-27.0,-5.99,0.0,30.27,60.95,218.0
"2025-03-09 00:00:00",WN,22,163,-13.0,-2.97,5.0,25.79,44.26,148.0
"2025-03-09 00:00:00",AA,14,139,-10.0,-4.01,-0.99,15.03,41.68,331.0
"2025-03-09 00:00:00",DL,17,186,-16.0,-5.99,-0.99,10.91,36.24,123.0
"2025-03-09 00:00:00",UA,17,134,-14.0,-5.0,-0.99,7.92,22.88,89.0
"2025-03-09 00:00:00",WN,23,9,-10.0,-5.99,-2.97,0.0,4.01,15.0
"2025-03-10 00:00:00",UA,20,96,-18.0,-5.99,-4.01,1.99,39.25,139.0
"2025-03-10 00:00:00",DL,17,186,-20.0,-7.03,-2.97,15.96,39.25,244.0
"2025-03-10 00:00:00",UA,7,204,-13.0,-7.92,-5.0,-2.97,-0.99,218.0
"2025-03-10 00:00:00",UA,17,139,-16.0,-7.03,-2.97,0.0,10.07,118.0
"2025-03-10 00:00:00",DL,20,120,-14.0,-7.03,-0.99,21.98,57.4,156.0
"2025-03-10 00:00:00",DL,0,7,-20.0,-10.07,-7.03,-1.99,5.99,9.0
"2025-03-10 00:00:00",WN,7,239,-12.0,-5.0,-2.97,-0.99,7.03,128.0
"2025-03-10 00:00:00",WN,12,226,-11.0,-4.01,-0.99,5.99,30.27,106.0
"2025-03-10 00:00:00",AA,15,141,-15.0,-4.01,1.99,40.86,87.37,307.0
"2025-03-10 00:00:00",AA,16,142,-20.0,-5.0,0.0,23.81,72.97,391.0
"2025-03-10 00:00:00",WN,14,246,-11.0,-4.01,0.0,7.92,30.27,143.0
"2025-03-10 00:00:00",AA,14,144,-13.0,-4.01,1.99,30.27,56.27,646.0
"2025-03-10 00:00:00",DL,22,101,-21.0,-7.92,-4.01,1.99,16.95,179.0
"2025-03-10 00:00:00",WN,10,236,-13.0,-4.01,-0.99,5.99,16.95,94.0
"2025-03-10 00:00:00",WN,22,138,-15.0,-7.92,-5.0,4.01,22.88,91.0
"2025-03-10 00:00:00",WN,23,9,-15.0,-7.03,-7.03,-5.99,-3.0,-3.0
"2025-03-10 00:00:00",WN,6,307,-12.0,-5.0,-4.01,-0.99,0.99,52.0
"2025-03-10 00:00:00",WN,5,196,-11.0,-5.99,-4.01,-1.99,0.0,27.0
"2025-03-10 00:00:00",UA,6,142,-15.0,-7.92,-5.99,-2.97,5.0,243.0
"2025-03-11 00:00:00",WN,10,248,-13.0,-5.0,-2.97,0.0,7.03,286.0
"2025-03-11 00:00:00",WN,12,234,-11.0,-5.0,-1.99,4.01,19.89,273.0
"2025-03-11 00:00:00",WN,7,243,-12.0,-5.99,-4.01,-1.99,0.0,87.0
"2025-03-11 00:00:00",UA,6,129,-18.0,-10.07,-7.92,-5.99,-2.97,62.0
"2025-03-11 00:00:00",WN,6,301,-13.0,-5.99,-5.0,-1.99,0.0,60.0
"2025-03-11 00:00:00",UA,7,192,-16.0,-7.92,-5.99,-2.97,2.97,103.0
"2025-03-11 00:00:00",WN,5,106,-9.0,-5.0,-4.01,-1.99,-0.99,238.0
"2025-03-11 00:00:00",DL,0,7,-15.0,-12.06,-12.06,-12.06,-8.94,-5.0
"2025-03-11 00:00:00",AA,15,144,-16.0,-7.03,-5.0,-0.99,16.95,57.0
"2025-03-11 00:00:00",DL,22,95,-14.0,-7.92,-5.99,-1.99,8.94,87.0
"2025-03-11 00:00:00",AA,14,144,-15.0,-7.03,-4.01,0.0,15.96,204.0
"2025-03-11 00:00:00",WN,22,10,-12.0,-5.99,-5.0,-1.99,34.82,103.0
"2025-03-11 00:00:00",WN,23,9,-15.0,-5.99,-5.0,-4.01,-2.97,-1.0
"2025-03-11 00:00:00",AA,16,144,-16.0,-7.92,-5.0,-0.99,13.87,129.0
"2025-03-11 00:00:00",DL,20,94,-19.0,-7.03,-5.0,-0.99,24.78,89.0
"2025-03-11 00:00:00",UA,20,91,-15.0,-8.94,-5.0,4.01,15.96,88.0
"2025-03-11 00:00:00",DL,17,177,-26.0,-10.07,-5.99,0.0,16.95,148.0
"2025-03-11 00:00:00",UA,17,130,-19.0,-7.03,-5.0,-0.99,23.81,267.0
"2025-03-11 00:00:00",WN,14,221,-13.0,-5.0,-1.99,4.01,21.12,273.0
"2025-03-12 00:00:00",WN,5,106,-11.0,-5.0,-4.01,-0.99,4.01,22.0
"2025-03-12 00:00:00",DL,0,4,-15.0,-15.0,-12.06,-7.92,-7.92,1.0
"2025-03-12 00:00:00",WN,6,304,-13.0,-5.99,-4.01,-1.99,0.0,74.0
"2025-03-12 00:00:00",UA,7,192,-13.0,-7.92,-5.99,-1.99,5.99,169.0
"2025-03-12 00:00:00",WN,7,244,-13.0,-5.99,-4.01,-1.99,0.99,42.0
"2025-03-12 00:00:00",WN,10,249,-11.0,-5.0,-1.99,0.99,12.06,235.0
"2025-03-12 00:00:00",UA,6,131,-19.0,-10.07,-7.92,-5.0,-0.99,223.0
"2025-03-12 00:00:00",WN,23,9,-6.0,-5.0,-2.97,0.0,4.01,9.0
"2025-03-12 00:00:00",DL,22,95,-13.0,-7.03,-2.97,1.99,8.94,392.0
"2025-03-12 00:00:00",DL,20,97,-16.0,-7.03,-2.97,0.99,26.84,92.0
"2025-03-12 00:00:00",UA,20,100,-15.0,-7.92,-2.97,4.01,48.91,747.0
"2025-03-12 00:00:00",WN,22,10,-9.0,-7.92,-5.0,-1.99,4.01,6.0
"2025-03-12 00:00:00",UA,17,134,-15.0,-5.0,-1.99,5.99,64.72,260.0
"2025-03-12 00:00:00",WN,12,233,-11.0,-5.0,-1.99,1.99,13.87,141.0
"2025-03-12 00:00:00",AA,16,145,-13.0,-5.0,-1.99,7.03,25.79,255.0
"2025-03-12 00:00:00",DL,17,179,-14.0,-7.03,-2.97,5.99,26.84,182.0
"2025-03-12 00:00:00",AA,15,142,-13.0,-5.99,-2.97,8.94,29.08,375.0
"2025-03-12 00:00:00",WN,14,219,-15.0,-4.01,-0.99,4.01,12.06,108.0
"2025-03-12 00:00:00",AA,14,143,-16.0,-5.99,-4.01,0.99,21.98,450.0
"2025-03-13 00:00:00",AA,14,144,-11.0,-5.0,-1.99,5.99,32.14,1154.0
"2025-03-13 00:00:00",WN,7,236,-14.0,-5.0,-2.97,-0.99,7.03,57.0
"2025-03-13 00:00:00",DL,0,4,-12.0,-12.0,-10.91,-8.94,-8.94,-6.0
"2025-03-13 00:00:00",UA,6,142,-15.0,-7.92,-5.99,-1.99,10.07,77.0
"2025-03-13 00:00:00",WN,14,242,-8.0,-1.99,4.01,21.12,62.18,351.0
"2025-03-13 00:00:00",WN,6,305,-10.0,-5.0,-2.97,-0.99,1.99,65.0
"2025-03-13 00:00:00",UA,20,98,-23.0,-5.99,-1.99,23.81,67.36,222.0
"2025-03-13 00:00:00",DL,20,119,-17.0,-5.99,-0.99,8.94,49.9,289.0
"2025-03-13 00:00:00",DL,22,102,-11.0,-5.0,-2.97,4.01,19.11,177.0
"2025-03-13 00:00:00",WN,23,9,-6.0,-1.99,0.99,12.06,36.97,74.0
"2025-03-13 00:00:00",WN,22,138,-13.0,-4.01,1.99,16.95,34.82,128.0
"2025-03-13 00:00:00",DL,17,185,-18.0,-5.99,-0.99,7.92,36.97,204.0
"2025-03-13 00:00:00",UA,7,202,-16.0,-7.92,-5.99,-2.97,0.99,307.0
"2025-03-13 00:00:00",AA,15,142,-12.0,-5.0,-1.99,7.92,37.72,284.0
"2025-03-13 00:00:00",AA,16,143,-12.0,-5.0,-0.99,17.99,52.99,268.0
"2025-03-13 00:00:00",UA,17,140,-16.0,-5.0,-1.99,5.0,24.78,265.0
"2025-03-13 00:00:00",WN,5,194,-9.0,-5.0,-2.97,-0.99,1.99,340.0
"2025-03-13 00:00:00",WN,10,230,-14.0,-5.0,-0.99,7.03,32.79,257.0
"2025-03-13 00:00:00",WN,12,221,-10.0,-4.01,0.0,13.87,51.94,203.0
