"2025-04-21 00:00:00",UA,7,198,-15.0,-7.03,-4.01,1.99,106.71,275.0
"2025-04-21 00:00:00",WN,7,275,-10.0,-4.01,-1.99,0.99,15.96,310.0
"2025-04-21 00:00:00",WN,10,238,-10.0,-2.97,0.0,10.91,67.36,317.0
"2025-04-21 00:00:00",WN,12,231,-10.0,-0.99,2.97,15.96,52.99,421.0
"2025-04-21 00:00:00",WN,14,229,-13.0,-0.99,5.0,22.88,67.36,505.0
"2025-04-21 00:00:00",AA,14,152,-10.0,-4.01,-0.99,15.96,32.14,234.0
"2025-04-21 00:00:00",AA,15,144,-10.0,-4.01,0.0,25.79,68.72,263.0
"2025-04-21 00:00:00",WN,22,16,-5.0,-4.01,0.99,15.96,32.14,40.0
"2025-04-21 00:00:00",AA,16,148,-12.0,-4.01,1.99,16.95,48.91,457.0
"2025-04-21 00:00:00",WN,23,6,-3.0,-2.97,-0.99,-0.99,-0.99,0.0
"2025-04-21 00:00:00",DL,17,186,-15.0,-7.03,-2.97,5.0,24.78,175.0
"2025-04-21 00:00:00",DL,22,115,-13.0,-5.0,-0.99,10.07,23.81,89.0
"2025-04-21 00:00:00",UA,6,132,-12.0,-7.92,-4.01,0.0,15.96,293.0
"2025-04-21 00:00:00",WN,6,274,-11.0,-5.0,-2.97,0.0,5.99,213.0
"2025-04-21 00:00:00",WN,5,208,-14.0,-5.0,-2.97,0.0,4.01,78.0
"2025-04-21 00:00:00",UA,20,81,-9.0,-2.97,5.99,36.24,80.65,191.0
"2025-04-21 00:00:00",DL,0,8,-10.0,-10.0,-5.0,-2.97,10.91,17.0
"2025-04-21 00:00:00",DL,20,121,-18.0,-7.03,-2.97,7.92,46.07,148.0
"2025-04-21 00:00:00",UA,17,133,-12.0,-5.99,-1.99,13.87,62.18,293.0
"2025-04-22 00:00:00",WN,12,219,-14.0,-4.01,-1.99,2.97,15.03,267.0
"2025-04-22 00:00:00",AA,14,144,-11.0,-5.0,-2.97,5.0,19.89,348.0
"2025-04-22 00:00:00",WN,7,231,-11.0,-5.0,-4.01,-0.99,0.99,31.0
"2025-04-22 00:00:00",AA,15,138,-12.0,-5.99,-2.97,2.97,10.07,127.0
"2025-04-22 00:00:00",AA,16,142,-14.0,-5.0,-1.99,12.06,36.97,1033.0
"2025-04-22 00:00:00",WN,14,220,-10.0,-5.0,-1.99,2.97,15.03,155.0
"2025-04-22 00:00:00",DL,17,177,-26.0,-8.94,-5.0,-0.99,10.07,187.0
"2025-04-22 00:00:00",UA,17,126,-20.0,-7.92,-4.01,-0.99,13.87,143.0
"2025-04-22 00:00:00",DL,20,98,-17.0,-7.92,-4.01,1.99,26.84,180.0
"2025-04-22 00:00:00",UA,20,76,-14.0,-7.92,-4.01,1.99,29.08,61.0
"2025-04-22 00:00:00",WN,22,7,-9.0,-5.0,-0.99,1.99,4.01,7.0
"2025-04-22 00:00:00",DL,22,105,-15.0,-7.03,-5.0,0.0,12.06,210.0
"2025-04-22 00:00:00",WN,23,6,-6.0,-4.01,-1.99,0.0,0.0,6.0
"2025-04-22 00:00:00",UA,7,189,-16.0,-7.92,-5.99,-1.99,4.01,123.0
"2025-04-22 00:00:00",DL,0,8,-12.0,-12.0,-8.94,-4.01,-2.97,26.0
"2025-04-22 00:00:00",WN,6,292,-12.0,-5.0,-4.01,-0.99,0.99,200.0
"2025-04-22 00:00:00",WN,5,91,-13.0,-5.0,-4.01,-1.99,0.0,9.0
"2025-04-22 00:00:00",UA,6,126,-15.0,-7.92,-5.99,-2.97,7.03,273.0
"2025-04-22 00:00:00",WN,10,257,-10.0,-5.0,-1.99,2.97,10.91,162.0
"2025-04-23 00:00:00",AA,14,147,-13.0,-4.01,0.99,37.72,94.64,273.0
"2025-04-23 00:00:00",DL,22,106,-15.0,-5.0,-2.97,1.99,25.79,279.0
"2025-04-23 00:00:00",DL,17,178,-15.0,-7.03,-2.97,7.03,30.88,207.0
"2025-04-23 00:00:00",WN,5,90,-12.0,-5.0,-2.97,0.0,10.07,238.0
"2025-04-23 00:00:00",WN,6,291,-14.0,-5.0,-2.97,0.0,21.12,126.0
"2025-04-23 00:00:00",WN,7,231,-11.0,-5.0,-2.97,0.0,15.96,176.0
"2025-04-23 00:00:00",WN,10,257,-10.0,-4.01,0.0,13.87,40.05,139.0
"2025-04-23 00:00:00",WN,12,217,-11.0,-2.97,0.99,17.99,36.97,250.0
"2025-04-23 00:00:00",WN,14,219,-12.0,-1.99,5.0,25.79,63.44,175.0
"2025-04-23 00:00:00",UA,17,133,-12.0,-5.0,-1.99,4.01,55.15,266.0
"2025-04-23 00:00:00",AA,15,141,-13.0,-5.0,0.0,34.13,98.5,249.0
"2025-04-23 00:00:00",DL,20,100,-16.0,-5.99,-1.99,13.07,45.15,131.0
"2025-04-23 00:00:00",WN,22,7,-13.0,-10.07,-0.99,5.99,12.06,24.0
"2025-04-23 00:00:00",DL,0,4,-9.0,-8.94,-0.99,2.97,2.97,19.0
"2025-04-23 00:00:00",UA,20,82,-17.0,-5.99,0.0,17.99,43.38,191.0
"2025-04-23 00:00:00",WN,23,6,-8.0,-7.92,-5.0,-2.97,-0.99,9.0
"2025-04-23 00:00:00",AA,16,150,-15.0,-5.0,0.0,27.94,75.95,244.0
"2025-04-23 00:00:00",UA,6,127,-14.0,-7.92,-7.03,-2.97,1.99,280.0
"2025-04-23 00:00:00",UA,7,192,-12.0,-7.03,-5.0,-1.99,19.11,337.0
"2025-04-24 00:00:00",WN,22,16,-2.0,0.0,10.07,13.87,25.79,66.0
"2025-04-24 00:00:00",AA,15,139,-11.0,-1.99,5.99,37.72,111.06,362.0
"2025-04-24 00:00:00",UA,20,82,-8.0,16.95,43.38,77.49,141.19,634.0
"2025-04-24 00:00:00",DL,22,117,-11.0,-2.97,0.0,13.87,34.82,101.0
"2025-04-24 00:00:00",DL,0,5,-11.0,-8.94,-0.99,0.0,0.0,53.0
"2025-04-24 00:00:00",WN,14,227,-9.0,0.0,8.94,29.08,82.28,253.0
"2025-04-24 00:00:00",AA,14,141,-10.0,-5.0,0.0,52.99,106.71,235.0
"2025-04-24 00:00:00",UA,7,202,-15.0,-7.03,-5.0,-1.99,15.96,257.0
"2025-04-24 00:00:00",UA,17,131,-9.0,-2.97,7.92,43.38,175.94,383.0
"2025-04-24 00:00:00",WN,7,273,-10.0,-5.0,-1.99,0.99,8.94,188.0
"2025-04-24 00:00:00",WN,12,230,-9.0,-1.99,1.99,16.95,39.25,222.0
"2025-04-24 00:00:00",WN,10,236,-12.0,-4.01,0.0,8.94,32.14,208.0
"2025-04-24 00:00:00",WN,5,212,-12.0,-5.0,-2.97,-0.99,2.97,206.0
"2025-04-24 00:00:00",UA,6,132,-15.0,-7.92,-5.99,-2.97,0.0,45.0
"2025-04-24 00:00:00",WN,6,279,-12.0,-5.0,-2.97,-0.99,5.0,80.0
"2025-04-24 00:00:00",DL,17,187,-24.0,-5.99,0.0,15.96,54.06,397.0
"2025-04-24 00:00:00",AA,16,142,-10.0,-2.97,10.91,50.91,111.06,382.0
"2025-04-24 00:00:00",WN,23,6,6.0,7.03,13.07,32.79,49.9,74.0
"2025-04-24 00:00:00",DL,20,126,-15.0,-5.0,0.0,16.95,39.25,377.0
"2025-04-25 00:00:00",DL,20,122,-18.0,-5.99,0.0,15.03,30.27,270.0
"2025-04-25 00:00:00",WN,6,281,-12.0,-5.0,-2.97,0.0,5.99,206.0
"2025-04-25 00:00:00",WN,10,239,-10.0,-1.99,0.0,12.06,30.27,261.0
"2025-04-25 00:00:00",WN,14,227,-9.0,-0.99,7.03,27.94,50.91,105.0
"2025-04-25 00:00:00",AA,15,144,-14.0,-5.0,0.0,16.95,44.26,437.0
"2025-04-25 00:00:00",AA,16,149,-17.0,-4.01,0.99,19.89,41.68,155.0
"2025-04-25 00:00:00",AA,14,152,-13.0,-4.01,0.0,13.87,37.72,407.0
"2025-04-25 00:00:00",WN,12,238,-10.0,-0.99,7.92,24.78,46.07,273.0
"2025-04-25 00:00:00",WN,23,6,-4.0,-0.99,0.0,2.97,7.92,79.0
"2025-04-25 00:00:00",WN,5,213,-10.0,-5.0,-1.99,0.0,4.01,152.0
"2025-04-25 00:00:00",UA,7,201,-12.0,-7.03,-4.01,0.0,12.06,162.0
"2025-04-25 00:00:00",DL,22,117,-12.0,-5.0,16.95,48.91,92.77,496.0
"2025-04-25 00:00:00",UA,20,83,-16.0,-1.99,16.95,39.25,63.44,183.0
"2025-04-25 00:00:00",DL,0,8,-9.0,-7.92,-5.0,5.0,21.98,50.0
"2025-04-25 00:00:00",WN,7,278,-10.0,-4.01,-1.99,1.99,12.06,172.0
"2025-04-25 00:00:00",UA,17,132,-12.0,-2.97,7.03,23.81,89.13,325.0
"2025-04-25 00:00:00",DL,17,187,-19.0,-5.99,-0.99,10.07,34.13,988.0
"2025-04-25 00:00:00",UA,6,133,-16.0,-7.03,-5.0,-0.99,5.99,72.0
"2025-04-25 00:00:00",WN,22,16,-9.0,0.0,13.87,21.12,36.97,115.0
"2025-04-26 00:00:00",DL,0,8,-13.0,-10.91,-8.94,-4.01,0.0,185.0
"2025-04-26 00:00:00",DL,17,149,-25.0,-7.92,-4.01,4.01,23.81,108.0
"2025-04-26 00:00:00",DL,22,80,-16.0,-5.99,-4.01,1.99,17.99,57.0
"2025-04-26 00:00:00",WN,5,123,-14.0,-5.0,-2.97,-0.99,4.01,44.0
"2025-04-26 00:00:00",WN,12,200,-12.0,-4.01,-0.99,5.0,15.03,79.0
"2025-04-26 00:00:00",UA,7,183,-14.0,-7.92,-5.0,-2.97,10.91,431.0
"2025-04-26 00:00:00",WN,10,209,-13.0,-4.01,-0.99,1.99,12.06,64.0
"2025-04-26 00:00:00",WN,6,258,-15.0,-5.0,-4.01,-0.99,0.99,174.0
"2025-04-26 00:00:00",UA,6,134,-13.0,-7.92,-5.0,-2.97,0.99,326.0
"2025-04-26 00:00:00",WN,23,6,-10.0,-7.92,-4.01,-0.99,0.99,3.0
"2025-04-26 00:00:00",WN,7,240,-11.0,-5.0,-2.97,-0.99,5.99,254.0
"2025-04-26 00:00:00",AA,14,126,-15.0,-5.99,-1.99,5.99,23.81,380.0
"2025-04-26 00:00:00",AA,15,131,-15.0,-5.99,-4.01,0.99,32.14,175.0
"2025-04-26 00:00:00",UA,17,126,-15.0,-4.01,0.99,15.96,82.28,392.0
"2025-04-26 00:00:00",UA,20,67,-10.0,-1.99,7.03,37.72,122.75,267.0
"2025-04-26 00:00:00",WN,22,8,-12.0,-4.01,0.0,5.0,7.92,15.0
"2025-04-26 00:00:00",DL,20,96,-14.0,-7.03,-4.01,10.91,52.99,219.0
"2025-04-26 00:00:00",WN,14,204,-11.0,-4.01,-0.99,8.94,32.14,145.0
"2025-04-26 00:00:00",AA,16,132,-17.0,-5.0,-0.99,10.91,41.68,1027.0
"2025-04-27 00:00:00",AA,16,150,-15.0,-4.01,-0.99,13.87,47.0,132.0
"2025-04-27 00:00:00",UA,7,193,-15.0,-7.03,-5.0,-1.99,8.94,129.0
"2025-04-27 00:00:00",DL,17,181,-19.0,-5.99,-1.99,8.94,32.14,244.0
"2025-04-27 00:00:00",DL,20,124,-16.0,-5.0,-1.99,10.07,29.08,101.0
"2025-04-27 00:00:00",WN,14,217,-8.0,0.0,5.0,17.99,32.14,120.0
"2025-04-27 00:00:00",AA,14,150,-9.0,-5.0,-1.99,5.99,41.68,1831.0
"2025-04-27 00:00:00",UA,20,86,-11.0,-1.99,4.01,23.81,144.04,215.0
"2025-04-27 00:00:00",WN,7,232,-12.0,-5.99,-4.01,-0.99,0.99,85.0
"2025-04-27 00:00:00",WN,10,260,-10.0,-4.01,-0.99,4.01,13.87,75.0
"2025-04-27 00:00:00",WN,12,242,-12.0,-2.97,0.99,7.92,19.11,119.0
"2025-04-27 00:00:00",WN,5,116,-15.0,-5.0,-2.97,-0.99,2.97,48.0
"2025-04-27 00:00:00",WN,23,7,-3.0,-2.97,-0.99,5.99,13.07,17.0
"2025-04-27 00:00:00",AA,15,144,-16.0,-4.01,-0.99,22.88,64.72,372.0
"2025-04-27 00:00:00",DL,0,4,-12.0,-12.0,-4.01,1.99,1.99,4.0
"2025-04-27 00:00:00",WN,22,142,-12.0,-1.99,5.99,17.99,37.72,107.0
"2025-04-27 00:00:00",DL,22,118,-13.0,-5.99,-2.97,2.97,26.84,112.0
"2025-04-27 00:00:00",UA,17,133,-13.0,-5.0,-0.99,7.03,40.05,297.0
"2025-04-27 00:00:00",WN,6,328,-14.0,-5.0,-2.97,-0.99,2.97,176.0
"2025-04-27 00:00:00",UA,6,130,-18.0,-7.03,-5.0,-1.99,4.01,153.0
"2025-04-28 00:00:00",UA,6,131,-14.0,-7.92,-5.99,-1.99,2.97,94.0
"2025-04-28 00:00:00",UA,7,194,-13.0,-7.92,-5.0,-1.99,2.97,135.0
"2025-04-28 00:00:00",UA,20,70,-11.0,-5.0,-0.99,7.92,98.5,258.0
"2025-04-28 00:00:00",DL,17,186,-19.0,-7.03,-2.97,5.0,19.11,987.0
"2025-04-28 00:00:00",WN,23,6,-7.0,-5.0,-4.01,-1.99,13.87,22.0
"2025-04-28 00:00:00",WN,6,281,-12.0,-5.0,-2.97,-0.99,4.01,104.0
"2025-04-28 00:00:00",DL,0,8,-14.0,-10.07,-2.97,-1.99,10.91,19.0
"2025-04-28 00:00:00",WN,22,16,-14.0,-7.03,0.99,5.99,13.07,39.0
"2025-04-28 00:00:00",UA,17,129,-13.0,-4.01,1.99,17.99,63.44,293.0
"2025-04-28 00:00:00",WN,5,212,-12.0,-5.99,-2.97,-0.99,0.99,48.0
"2025-04-28 00:00:00",WN,10,240,-10.0,-2.97,-0.99,4.01,16.95,89.0
"2025-04-28 00:00:00",AA,14,152,-12.0,-5.0,-2.97,2.97,34.13,1015.0
"2025-04-28 00:00:00",DL,20,122,-17.0,-5.99,-0.99,10.07,47.95,261.0
"2025-04-28 00:00:00",WN,7,277,-13.0,-5.0,-2.97,0.0,7.03,53.0
"2025-04-28 00:00:00",DL,22,115,-18.0,-5.99,-4.01,1.99,19.89,119.0
"2025-04-28 00:00:00",AA,15,144,-13.0,-5.0,-0.99,13.07,51.94,188.0
"2025-04-28 00:00:00",WN,12,235,-11.0,-1.99,0.99,7.92,22.88,280.0
"2025-04-28 00:00:00",WN,14,228,-10.0,-2.97,2.97,15.03,36.97,148.0
"2025-04-28 00:00:00",AA,16,148,-14.0,-5.0,-2.97,7.92,49.9,431.0
"2025-04-29 00:00:00",UA,17,127,-18.0,-7.03,-0.99,7.03,25.79,238.0
"2025-04-29 00:00:00",AA,16,142,-15.0,-5.99,-2.97,7.03,51.94,401.0
"2025-04-29 00:00:00",WN,6,292,-14.0,-5.99,-4.01,-1.99,0.0,56.0
"2025-04-29 00:00:00",UA,6,122,-19.0,-8.94,-7.03,-5.0,0.0,439.0
"2025-04-29 00:00:00",AA,15,138,-15.0,-7.03,-4.01,2.97,16.95,1183.0
"2025-04-29 00:00:00",AA,14,144,-14.0,-7.03,-2.97,1.99,17.99,392.0
"2025-04-29 00:00:00",DL,20,96,-18.0,-7.92,-5.99,-1.99,7.92,70.0
"2025-04-29 00:00:00",DL,0,8,-13.0,-10.91,-4.01,0.99,5.99,11.0
"2025-04-29 00:00:00",DL,22,107,-15.0,-8.94,-5.0,0.99,13.07,77.0
"2025-04-29 00:00:00",UA,20,76,-20.0,-5.0,-0.99,15.03,47.95,111.0
"2025-04-29 00:00:00",DL,17,176,-30.0,-8.94,-5.99,0.99,17.99,244.0
"2025-04-29 00:00:00",WN,14,221,-17.0,-5.0,-1.99,2.97,15.03,182.0
"2025-04-29 00:00:00",WN,5,91,-14.0,-5.0,-4.01,-0.99,7.92,41.0
"2025-04-29 00:00:00",WN,23,6,-8.0,-5.99,-5.0,-4.01,0.99,11.0
"2025-04-29 00:00:00",WN,7,231,-14.0,-5.0,-2.97,-0.99,1.99,77.0
"2025-04-29 00:00:00",WN,22,7,-6.0,-5.0,-0.99,0.99,2.97,7.0
"2025-04-29 00:00:00",WN,12,218,-15.0,-5.0,-2.97,0.0,5.99,85.0
"2025-04-29 00:00:00",WN,10,257,-13.0,-5.0,-1.99,0.99,10.07,132.0
"2025-04-29 00:00:00",UA,7,188,-18.0,-7.92,-5.0,-2.97,0.99,162.0
"2025-04-30 00:00:00",DL,17,176,-29.0,-5.99,-4.01,2.97,17.99,253.0
"2025-04-30 00:00:00",UA,7,191,-14.0,-7.92,-5.99,-4.01,0.0,257.0
"2025-04-30 00:00:00",UA,6,128,-16.0,-10.07,-7.03,-4.01,0.0,194.0
"2025-04-30 00:00:00",AA,15,116,-11.0,-4.01,-0.99,32.14,159.19,796.0
"2025-04-30 00:00:00",WN,7,227,-12.0,-5.0,-2.97,-0.99,1.99,289.0
"2025-04-30 00:00:00",DL,22,107,-15.0,-5.0,-2.97,0.99,21.12,142.0
"2025-04-30 00:00:00",WN,14,205,-8.0,-1.99,4.01,25.79,98.5,555.0
"2025-04-30 00:00:00",WN,6,287,-13.0,-5.99,-4.01,-0.99,1.99,134.0
"2025-04-30 00:00:00",WN,10,245,-11.0,-4.01,-0.99,4.01,15.03,465.0
"2025-04-30 00:00:00",WN,23,6,-7.0,-1.99,-1.99,1.99,16.95,28.0
"2025-04-30 00:00:00",AA,14,119,-12.0,-2.97,1.99,40.86,169.04,985.0
"2025-04-30 00:00:00",UA,20,79,-12.0,-2.97,8.94,39.25,80.65,453.0
"2025-04-30 00:00:00",AA,16,126,-16.0,-2.97,0.99,40.05,144.04,1017.0
"2025-04-30 00:00:00",UA,17,132,-16.0,-4.01,-0.99,17.99,89.13,228.0
"2025-04-30 00:00:00",WN,12,200,-11.0,-4.01,0.99,12.06,41.68,472.0
"2025-04-30 00:00:00",WN,5,89,-11.0,-5.99,-2.97,-0.99,0.99,40.0
"2025-04-30 00:00:00",WN,22,7,-7.0,-4.01,-1.99,-0.99,8.94,12.0
"2025-04-30 00:00:00",DL,0,4,-14.0,-13.87,-12.06,-4.01,-4.01,3.0
"2025-04-30 00:00:00",DL,20,98,-21.0,-5.99,-1.99,8.94,52.99,124.0
