"2025-03-14 00:00:00",WN,7,238,-10.0,-5.0,-2.97,0.0,5.0,129.0
"2025-03-14 00:00:00",WN,6,308,-12.0,-5.0,-2.97,-0.99,5.99,248.0
"2025-03-14 00:00:00",UA,7,201,-13.0,-7.03,-4.01,0.0,15.96,112.0
"2025-03-14 00:00:00",DL,0,7,-14.0,-12.06,30.27,32.14,32.79,162.0
"2025-03-14 00:00:00",WN,5,194,-14.0,-5.0,-2.97,-0.99,1.99,207.0
"2025-03-14 00:00:00",UA,6,145,-15.0,-7.03,-5.0,-1.99,5.99,209.0
"2025-03-14 00:00:00",UA,17,136,-13.0,-5.0,-0.99,7.03,32.79,344.0
"2025-03-14 00:00:00",WN,10,235,-10.0,-5.0,-0.99,4.01,15.96,212.0
"2025-03-14 00:00:00",WN,12,223,-10.0,-2.97,0.99,12.06,39.25,124.0
"2025-03-14 00:00:00",WN,14,244,-9.0,-0.99,7.03,23.81,48.91,195.0
"2025-03-14 00:00:00",AA,14,120,-10.0,-5.0,-1.99,15.03,51.94,262.0
"2025-03-14 00:00:00",AA,15,120,-15.0,-4.01,0.99,13.07,45.15,271.0
"2025-03-14 00:00:00",AA,16,122,-17.0,-4.01,-1.99,8.94,30.27,185.0
"2025-03-14 00:00:00",DL,17,187,-16.0,-5.99,0.0,13.07,34.13,473.0
"2025-03-14 00:00:00",DL,20,122,-10.0,-5.0,0.0,19.89,52.99,183.0
"2025-03-14 00:00:00",UA,20,97,-13.0,-5.0,0.99,30.27,71.53,115.0
"2025-03-14 00:00:00",DL,22,103,-12.0,-4.01,0.0,15.96,30.27,151.0
"2025-03-14 00:00:00",WN,22,134,-12.0,-1.99,7.92,29.08,67.36,121.0
"2025-03-14 00:00:00",WN,23,9,-3.0,-0.99,2.97,17.99,27.94,28.0
"2025-03-15 00:00:00",WN,5,193,-11.0,-5.0,-1.99,1.99,10.91,136.0
"2025-03-15 00:00:00",DL,20,87,-17.0,-1.99,13.87,34.13,92.77,993.0
"2025-03-15 00:00:00",WN,22,106,-9.0,7.92,25.79,47.95,82.28,237.0
"2025-03-15 00:00:00",WN,10,184,-10.0,-2.97,1.99,19.11,51.94,470.0
"2025-03-15 00:00:00",DL,22,61,-10.0,-2.97,1.99,29.08,278.7,664.0
"2025-03-15 00:00:00",WN,23,9,-10.0,-4.01,4.01,7.92,10.91,39.0
"2025-03-15 00:00:00",UA,20,82,-17.0,0.0,27.94,111.06,159.19,494.0
"2025-03-15 00:00:00",DL,17,144,-14.0,-4.01,5.99,30.88,75.95,322.0
"2025-03-15 00:00:00",UA,6,148,-12.0,-7.03,-4.01,5.0,45.15,255.0
"2025-03-15 00:00:00",AA,16,130,-15.0,-2.97,10.07,39.25,106.71,1128.0
"2025-03-15 00:00:00",UA,17,118,-12.0,-2.97,5.99,52.99,132.97,292.0
"2025-03-15 00:00:00",WN,6,285,-14.0,-5.0,-2.97,0.0,7.92,146.0
"2025-03-15 00:00:00",UA,7,183,-12.0,-5.99,-1.99,19.89,82.28,251.0
"2025-03-15 00:00:00",DL,0,7,-15.0,-8.94,-1.99,-0.99,-0.99,19.0
"2025-03-15 00:00:00",AA,14,132,-11.0,-1.99,5.0,41.68,92.77,388.0
"2025-03-15 00:00:00",AA,15,134,-11.0,-1.99,7.03,36.97,120.31,357.0
"2025-03-15 00:00:00",WN,7,228,-13.0,-4.01,-1.99,1.99,15.96,172.0
"2025-03-15 00:00:00",WN,12,176,-10.0,-1.99,5.99,27.94,47.95,480.0
"2025-03-15 00:00:00",WN,14,191,-9.0,-0.99,8.94,44.26,111.06,381.0
"2025-03-16 00:00:00",WN,7,232,-11.0,-4.01,-1.99,2.97,21.98,407.0
"2025-03-16 00:00:00",AA,16,139,-22.0,0.0,19.11,79.05,232.79,1411.0
"2025-03-16 00:00:00",UA,7,201,-14.0,-5.99,-2.97,1.99,32.14,256.0
"2025-03-16 00:00:00",WN,12,213,-10.0,-1.99,7.03,32.14,77.49,438.0
"2025-03-16 00:00:00",UA,6,145,-18.0,-7.03,-4.01,0.0,26.84,138.0
"2025-03-16 00:00:00",WN,6,296,-11.0,-5.0,-2.97,0.0,7.03,327.0
"2025-03-16 00:00:00",WN,5,193,-11.0,-5.0,-2.97,-0.99,5.0,122.0
"2025-03-16 00:00:00",DL,22,99,-10.0,1.99,34.13,96.55,172.45,245.0
"2025-03-16 00:00:00",WN,23,9,-5.0,-0.99,4.01,16.95,21.98,43.0
"2025-03-16 00:00:00",WN,22,149,-7.0,21.98,48.91,106.71,156.04,250.0
"2025-03-16 00:00:00",DL,17,182,-12.0,5.99,34.82,87.37,179.49,1134.0
"2025-03-16 00:00:00",UA,17,128,-9.0,-0.99,15.96,80.65,179.49,436.0
"2025-03-16 00:00:00",DL,20,113,-9.0,1.99,39.25,94.64,165.69,1170.0
"2025-03-16 00:00:00",UA,20,96,-9.0,10.91,46.07,79.05,146.95,260.0
"2025-03-16 00:00:00",AA,14,137,-10.0,-0.99,19.89,87.37,156.04,1186.0
"2025-03-16 00:00:00",WN,14,204,-11.0,0.0,10.07,36.97,98.5,334.0
"2025-03-16 00:00:00",WN,10,230,-9.0,-2.97,0.99,17.99,58.56,467.0
"2025-03-16 00:00:00",DL,0,4,-5.0,-5.0,4.01,7.03,7.03,58.0
"2025-03-16 00:00:00",AA,15,138,-9.0,-0.99,21.98,57.4,172.45,1078.0
"2025-03-17 00:00:00",WN,12,226,-10.0,-0.99,7.92,29.08,77.49,337.0
"2025-03-17 00:00:00",WN,6,300,-9.0,-4.01,-1.99,2.97,24.78,379.0
"2025-03-17 00:00:00",WN,22,137,-12.0,0.0,8.94,25.79,41.68,142.0
"2025-03-17 00:00:00",AA,16,141,-13.0,-2.97,2.97,29.08,67.36,295.0
"2025-03-17 00:00:00",WN,7,231,-9.0,-2.97,0.0,12.06,74.45,261.0
"2025-03-17 00:00:00",UA,7,204,-11.0,-5.99,-2.97,0.0,13.07,386.0
"2025-03-17 00:00:00",WN,10,234,-8.0,-1.99,0.99,19.89,54.06,337.0
"2025-03-17 00:00:00",WN,5,190,-10.0,-4.01,-1.99,1.99,25.79,213.0
"2025-03-17 00:00:00",UA,6,142,-11.0,-5.99,-2.97,1.99,24.78,178.0
"2025-03-17 00:00:00",DL,0,7,-10.0,-5.0,7.92,10.07,46.07,105.0
"2025-03-17 00:00:00",DL,17,185,-20.0,-4.01,5.99,23.81,54.06,264.0
"2025-03-17 00:00:00",DL,22,101,-19.0,-2.97,5.0,22.88,41.68,169.0
"2025-03-17 00:00:00",DL,20,120,-14.0,-2.97,4.01,32.14,62.18,280.0
"2025-03-17 00:00:00",UA,17,140,-19.0,-2.97,4.01,21.12,51.94,333.0
"2025-03-17 00:00:00",UA,20,95,-12.0,-4.01,1.99,16.95,59.75,124.0
"2025-03-17 00:00:00",AA,14,143,-14.0,-2.97,1.99,22.88,58.56,305.0
"2025-03-17 00:00:00",WN,14,246,-11.0,0.99,13.87,39.25,80.65,314.0
"2025-03-17 00:00:00",AA,15,145,-11.0,-2.97,0.99,25.79,57.4,349.0
"2025-03-17 00:00:00",WN,23,9,-5.0,2.97,7.03,16.95,21.12,48.0
"2025-03-18 00:00:00",WN,10,249,-11.0,-4.01,-1.99,0.99,10.07,49.0
"2025-03-18 00:00:00",UA,7,187,-17.0,-7.92,-5.0,-1.99,0.99,671.0
"2025-03-18 00:00:00",WN,12,231,-10.0,-4.01,-0.99,5.0,21.12,63.0
"2025-03-18 00:00:00",WN,14,216,-11.0,-4.01,0.0,8.94,21.12,409.0
"2025-03-18 00:00:00",AA,14,144,-15.0,-5.99,-1.99,7.92,39.25,341.0
"2025-03-18 00:00:00",WN,7,245,-9.0,-5.0,-1.99,0.0,2.97,190.0
"2025-03-18 00:00:00",DL,0,7,-17.0,-7.92,-5.0,-4.01,49.9,71.0
"2025-03-18 00:00:00",WN,5,106,-9.0,-5.0,-2.97,-0.99,1.99,54.0
"2025-03-18 00:00:00",AA,15,142,-16.0,-5.99,-0.99,15.03,49.9,374.0
"2025-03-18 00:00:00",AA,16,144,-17.0,-5.99,-2.97,15.03,60.95,462.0
"2025-03-18 00:00:00",DL,17,178,-18.0,-7.03,-2.97,4.01,21.98,167.0
"2025-03-18 00:00:00",UA,17,130,-15.0,-5.99,-2.97,5.99,45.15,206.0
"2025-03-18 00:00:00",DL,20,93,-14.0,-5.99,-2.97,7.92,21.98,88.0
"2025-03-18 00:00:00",UA,20,91,-15.0,-7.03,-2.97,10.91,36.97,233.0
"2025-03-18 00:00:00",DL,22,95,-16.0,-7.92,-5.0,-0.99,4.01,147.0
"2025-03-18 00:00:00",WN,22,10,-12.0,-5.99,0.0,5.0,19.89,159.0
"2025-03-18 00:00:00",WN,23,9,-9.0,-5.0,-0.99,5.99,15.96,18.0
"2025-03-18 00:00:00",WN,6,301,-11.0,-5.0,-2.97,0.0,4.01,71.0
"2025-03-18 00:00:00",UA,6,130,-17.0,-8.94,-7.03,-4.01,-0.99,1035.0
"2025-03-19 00:00:00",WN,10,245,-9.0,-5.0,-2.97,1.99,13.07,88.0
"2025-03-19 00:00:00",UA,20,95,-12.0,-5.99,2.97,47.95,115.6,262.0
"2025-03-19 00:00:00",WN,22,10,-12.0,-5.0,0.99,2.97,10.07,37.0
"2025-03-19 00:00:00",UA,6,128,-15.0,-8.94,-7.03,-4.01,-1.99,243.0
"2025-03-19 00:00:00",WN,12,226,-10.0,-4.01,-0.99,5.0,15.03,107.0
"2025-03-19 00:00:00",UA,17,134,-13.0,-5.99,-0.99,19.11,106.71,296.0
"2025-03-19 00:00:00",DL,20,97,-14.0,-5.99,-1.99,12.06,51.94,283.0
"2025-03-19 00:00:00",WN,23,9,-2.0,5.99,7.92,15.03,19.11,25.0
"2025-03-19 00:00:00",DL,22,95,-22.0,-7.03,-2.97,1.99,16.95,160.0
"2025-03-19 00:00:00",AA,16,141,-21.0,-2.97,4.01,52.99,113.31,1439.0
"2025-03-19 00:00:00",DL,17,179,-22.0,-7.03,-2.97,4.01,30.88,300.0
"2025-03-19 00:00:00",WN,14,218,-12.0,-2.97,0.0,7.03,15.96,314.0
"2025-03-19 00:00:00",AA,14,137,-10.0,-4.01,-0.99,22.88,89.13,498.0
"2025-03-19 00:00:00",AA,15,142,-19.0,-4.01,7.92,41.68,67.36,298.0
"2025-03-19 00:00:00",WN,7,241,-13.0,-5.0,-4.01,-0.99,2.97,40.0
"2025-03-19 00:00:00",WN,6,301,-11.0,-5.0,-4.01,-0.99,1.99,234.0
"2025-03-19 00:00:00",UA,7,192,-12.0,-7.92,-5.0,-2.97,0.99,477.0
"2025-03-19 00:00:00",DL,0,4,-16.0,-15.96,-8.94,1.99,1.99,55.0
"2025-03-19 00:00:00",WN,5,106,-15.0,-5.0,-4.01,-0.99,1.99,282.0
"2025-03-20 00:00:00",WN,12,226,-12.0,-2.97,0.0,7.03,21.12,372.0
"2025-03-20 00:00:00",UA,17,140,-12.0,-4.01,-0.99,8.94,47.0,343.0
"2025-03-20 00:00:00",DL,22,103,-17.0,-4.01,-0.99,12.06,30.27,108.0
"2025-03-20 00:00:00",WN,23,9,-4.0,-2.97,-0.99,1.99,2.97,37.0
"2025-03-20 00:00:00",WN,5,195,-10.0,-5.0,-2.97,-0.99,1.99,29.0
"2025-03-20 00:00:00",DL,0,4,-7.0,-7.0,-4.01,5.0,5.0,29.0
"2025-03-20 00:00:00",AA,14,144,-11.0,-2.97,4.01,19.89,60.95,289.0
"2025-03-20 00:00:00",DL,17,185,-19.0,-5.0,0.0,10.91,43.38,397.0
"2025-03-20 00:00:00",DL,20,121,-23.0,-4.01,-0.99,15.96,59.75,844.0
"2025-03-20 00:00:00",UA,20,97,-13.0,-5.0,1.99,30.88,72.97,531.0
"2025-03-20 00:00:00",UA,6,141,-14.0,-7.92,-5.0,-1.99,7.92,608.0
"2025-03-20 00:00:00",WN,6,307,-11.0,-5.0,-2.97,-0.99,0.99,21.0
"2025-03-20 00:00:00",UA,7,203,-15.0,-7.03,-5.0,0.0,22.88,240.0
"2025-03-20 00:00:00",WN,7,239,-10.0,-5.0,-2.97,0.0,7.03,236.0
"2025-03-20 00:00:00",WN,10,238,-11.0,-4.01,-0.99,5.0,21.12,223.0
"2025-03-20 00:00:00",WN,22,138,-11.0,-2.97,2.97,13.87,46.07,137.0
"2025-03-20 00:00:00",WN,14,242,-9.0,-1.99,0.99,12.06,27.94,241.0
"2025-03-20 00:00:00",AA,15,142,-12.0,-4.01,0.99,19.89,66.03,220.0
"2025-03-20 00:00:00",AA,16,143,-11.0,-4.01,1.99,22.88,67.36,230.0
