"2025-01-01 00:00:00",DL,0,1,-6.0,-6.0,-6.0,-6.0,-6.0,-6.0
"2025-01-01 00:00:00",WN,5,17,-10.0,-2.97,-1.99,0.99,5.99,34.0
"2025-01-01 00:00:00",WN,6,190,-13.0,-5.0,-2.97,0.0,4.01,141.0
"2025-01-01 00:00:00",WN,10,222,-9.0,-4.01,-1.99,2.97,16.95,99.0
"2025-01-01 00:00:00",DL,20,51,-10.0,-7.03,-1.99,7.92,32.79,163.0
"2025-01-01 00:00:00",UA,20,115,-16.0,-4.01,0.0,7.92,30.88,102.0
"2025-01-01 00:00:00",WN,12,218,-11.0,-4.01,0.0,7.03,21.98,100.0
"2025-01-01 00:00:00",DL,22,68,-14.0,-5.99,-2.97,0.99,16.95,872.0
"2025-01-01 00:00:00",UA,7,161,-13.0,-5.99,-2.97,-0.99,15.03,145.0
"2025-01-01 00:00:00",AA,14,132,-17.0,-5.99,-2.97,2.97,21.98,244.0
"2025-01-01 00:00:00",WN,14,238,-11.0,-2.97,0.99,10.07,26.84,160.0
"2025-01-01 00:00:00",UA,6,114,-15.0,-5.99,-2.97,1.99,15.03,336.0
"2025-01-01 00:00:00",WN,7,209,-12.0,-5.0,-2.97,0.0,5.99,171.0
"2025-01-01 00:00:00",AA,15,123,-10.0,-5.0,-1.99,5.0,21.98,1485.0
"2025-01-01 00:00:00",AA,16,144,-16.0,-5.0,-2.97,1.99,23.81,142.0
"2025-01-01 00:00:00",DL,3,1,-2.0,-2.0,-2.0,-2.0,-2.0,-2.0
"2025-01-01 00:00:00",DL,17,132,-18.0,-7.92,-4.01,1.99,15.96,203.0
"2025-01-01 00:00:00",UA,17,132,-13.0,-4.01,0.0,19.89,41.68,208.0
"2025-01-02 00:00:00",DL,17,152,-18.0,-5.99,-2.97,10.07,29.08,176.0
"2025-01-02 00:00:00",UA,17,135,-11.0,-5.0,-1.99,2.97,30.88,276.0
"2025-01-02 00:00:00",DL,20,76,-11.0,-5.0,-0.99,13.87,23.81,66.0
"2025-01-02 00:00:00",DL,22,107,-14.0,-5.99,-1.99,7.03,32.79,903.0
"2025-01-02 00:00:00",WN,22,131,-15.0,-5.0,0.0,13.07,29.08,145.0
"2025-01-02 00:00:00",WN,5,221,-13.0,-5.0,-2.97,-0.99,1.99,19.0
"2025-01-02 00:00:00",UA,20,117,-13.0,-2.97,1.99,19.89,41.68,619.0
"2025-01-02 00:00:00",UA,6,136,-14.0,-5.99,-2.97,0.99,23.81,147.0
"2025-01-02 00:00:00",WN,6,300,-14.0,-5.0,-2.97,-0.99,5.0,327.0
"2025-01-02 00:00:00",UA,7,180,-10.0,-5.99,-4.01,0.0,10.91,120.0
"2025-01-02 00:00:00",WN,7,214,-11.0,-5.0,-2.97,-0.99,2.97,66.0
"2025-01-02 00:00:00",WN,14,224,-9.0,-2.97,0.99,13.07,27.94,283.0
"2025-01-02 00:00:00",AA,16,155,-14.0,-5.0,-1.99,7.92,45.15,306.0
"2025-01-02 00:00:00",WN,10,229,-11.0,-4.01,-0.99,5.0,21.98,279.0
"2025-01-02 00:00:00",WN,12,254,-10.0,-2.97,0.99,10.07,29.08,263.0
"2025-01-02 00:00:00",AA,14,133,-23.0,-4.01,-0.99,12.06,26.84,403.0
"2025-01-02 00:00:00",DL,3,1,-3.0,-3.0,-3.0,-3.0,-3.0,-3.0
"2025-01-02 00:00:00",DL,0,1,-9.0,-9.0,-9.0,-9.0,-9.0,-9.0
"2025-01-02 00:00:00",AA,15,125,-12.0,-5.0,-1.99,10.91,43.38,977.0
"2025-01-03 00:00:00",AA,15,126,-11.0,-4.01,-0.99,23.81,62.18,266.0
"2025-01-03 00:00:00",WN,10,229,-10.0,-2.97,0.0,13.07,49.9,230.0
"2025-01-03 00:00:00",WN,5,183,-11.0,-5.0,-1.99,0.0,2.97,426.0
"2025-01-03 00:00:00",AA,16,147,-10.0,-4.01,0.0,19.11,52.99,466.0
"2025-01-03 00:00:00",UA,17,130,-11.0,-4.01,5.0,24.78,71.53,239.0
"2025-01-03 00:00:00",WN,7,200,-12.0,-4.01,-0.99,5.0,45.15,380.0
"2025-01-03 00:00:00",UA,20,116,-13.0,-0.99,7.92,26.84,71.53,216.0
"2025-01-03 00:00:00",WN,22,132,-14.0,0.0,16.95,32.14,52.99,171.0
"2025-01-03 00:00:00",DL,22,107,-10.0,-5.0,-0.99,12.06,25.79,63.0
"2025-01-03 00:00:00",UA,6,136,-12.0,-5.99,-2.97,0.0,13.87,480.0
"2025-01-03 00:00:00",WN,6,297,-11.0,-5.0,-2.97,0.0,7.92,450.0
"2025-01-03 00:00:00",UA,7,179,-13.0,-5.99,-2.97,8.94,111.06,417.0
"2025-01-03 00:00:00",DL,0,2,-13.0,-13.0,-13.0,-13.0,-13.0,23.0
"2025-01-03 00:00:00",DL,3,1,-4.0,-4.0,-4.0,-4.0,-4.0,-4.0
"2025-01-03 00:00:00",DL,20,77,-15.0,-5.0,0.99,19.11,70.11,201.0
"2025-01-03 00:00:00",WN,14,234,-11.0,0.0,10.07,32.14,57.4,333.0
"2025-01-03 00:00:00",WN,12,236,-11.0,-0.99,7.92,23.81,60.95,264.0
"2025-01-03 00:00:00",AA,14,133,-15.0,-4.01,-0.99,17.99,74.45,1168.0
"2025-01-03 00:00:00",DL,17,153,-16.0,-5.99,-0.99,7.92,26.84,248.0
"2025-01-04 00:00:00",UA,20,111,-12.0,0.0,10.91,40.05,82.28,208.0
"2025-01-04 00:00:00",AA,16,134,-20.0,-2.97,2.97,27.94,77.49,275.0
"2025-01-04 00:00:00",DL,17,142,-20.0,-2.97,12.06,37.72,90.93,264.0
"2025-01-04 00:00:00",DL,0,2,-5.0,-5.0,-5.0,-5.0,-5.0,2.0
"2025-01-04 00:00:00",UA,17,119,-11.0,-0.99,15.96,36.24,71.53,205.0
"2025-01-04 00:00:00",WN,6,287,-11.0,-5.0,-1.99,0.0,5.0,325.0
"2025-01-04 00:00:00",DL,20,85,-15.0,-0.99,5.0,29.08,40.05,157.0
"2025-01-04 00:00:00",WN,7,240,-11.0,-2.97,-0.99,7.03,19.89,72.0
"2025-01-04 00:00:00",WN,22,119,-10.0,12.06,29.08,46.07,68.72,166.0
"2025-01-04 00:00:00",DL,22,107,-9.0,-2.97,2.97,17.99,47.0,606.0
"2025-01-04 00:00:00",WN,5,250,-13.0,-5.0,-1.99,0.0,5.99,60.0
"2025-01-04 00:00:00",UA,7,173,-11.0,-5.0,-1.99,5.0,27.94,330.0
"2025-01-04 00:00:00",UA,6,129,-15.0,-4.01,-0.99,2.97,15.96,166.0
"2025-01-04 00:00:00",WN,10,177,-13.0,-1.99,2.97,15.96,32.14,562.0
"2025-01-04 00:00:00",AA,15,119,-12.0,-4.01,-0.99,13.87,48.91,291.0
"2025-01-04 00:00:00",WN,12,207,-11.0,-0.99,5.0,16.95,32.79,209.0
"2025-01-04 00:00:00",AA,14,121,-21.0,-4.01,1.99,34.13,106.71,1164.0
"2025-01-04 00:00:00",WN,14,224,-8.0,2.97,10.91,32.14,54.06,241.0
"2025-01-04 00:00:00",DL,3,1,-7.0,-7.0,-7.0,-7.0,-7.0,-7.0
