"2025-04-21 00:00:00",DL,9,138,-18.0,-5.99,-2.97,0.0,13.07,124.0
"2025-04-21 00:00:00",UA,12,121,-15.0,-4.01,2.97,27.94,89.13,454.0
"2025-04-21 00:00:00",UA,8,162,-13.0,-7.03,-5.0,0.0,32.79,763.0
"2025-04-21 00:00:00",WN,16,230,-11.0,-0.99,7.92,30.27,108.86,332.0
"2025-04-21 00:00:00",UA,18,136,-16.0,-5.0,2.97,30.88,122.75,259.0
"2025-04-21 00:00:00",AA,22,116,-14.0,-5.0,0.0,13.07,62.18,160.0
"2025-04-21 00:00:00",WN,18,273,-11.0,-1.99,5.0,30.88,82.28,283.0
"2025-04-21 00:00:00",UA,23,34,-16.0,-8.94,-5.0,-2.97,5.99,214.0
"2025-04-21 00:00:00",UA,21,55,-11.0,-5.99,-0.99,13.87,29.08,81.0
"2025-04-21 00:00:00",DL,18,176,-21.0,-7.03,-0.99,10.91,32.14,194.0
"2025-04-21 00:00:00",DL,19,178,-20.0,-5.99,0.0,15.03,44.26,279.0
"2025-04-21 00:00:00",WN,19,252,-14.0,-1.99,5.99,26.84,96.55,313.0
"2025-04-21 00:00:00",DL,10,160,-19.0,-5.99,-4.01,0.99,15.03,185.0
"2025-04-21 00:00:00",DL,7,245,-14.0,-7.03,-4.01,0.0,7.03,250.0
"2025-04-21 00:00:00",DL,12,187,-13.0,-5.99,-2.97,1.99,25.79,637.0
"2025-04-21 00:00:00",UA,10,131,-17.0,-7.03,-2.97,19.89,77.49,241.0
"2025-04-21 00:00:00",WN,11,241,-11.0,-2.97,0.99,13.87,50.91,518.0
"2025-04-21 00:00:00",AA,12,148,-12.0,-5.0,0.0,13.07,32.14,212.0
"2025-04-21 00:00:00",DL,8,195,-15.0,-7.03,-4.01,-0.99,10.91,207.0
"2025-04-21 00:00:00",UA,0,8,-10.0,-7.03,-4.01,10.07,22.88,47.0
"2025-04-21 00:00:00",AA,10,158,-14.0,-5.0,-1.99,8.94,36.97,213.0
"2025-04-21 00:00:00",AA,0,9,-7.0,-2.97,0.0,1.99,22.88,24.0
"2025-04-22 00:00:00",AA,22,103,-21.0,-7.03,-2.97,0.0,13.87,177.0
"2025-04-22 00:00:00",DL,9,139,-16.0,-7.92,-4.01,-0.99,7.03,189.0
"2025-04-22 00:00:00",UA,12,119,-13.0,-7.03,-5.0,0.0,8.94,115.0
"2025-04-22 00:00:00",WN,16,226,-14.0,-5.0,-1.99,2.97,16.95,147.0
"2025-04-22 00:00:00",DL,19,130,-23.0,-7.03,-4.01,0.0,13.87,145.0
"2025-04-22 00:00:00",WN,19,245,-14.0,-5.0,-1.99,5.99,21.12,125.0
"2025-04-22 00:00:00",WN,18,253,-14.0,-5.0,-1.99,4.01,15.96,137.0
"2025-04-22 00:00:00",DL,18,164,-16.0,-7.92,-4.01,0.99,16.95,282.0
"2025-04-22 00:00:00",UA,18,119,-13.0,-7.03,-2.97,4.01,34.13,174.0
"2025-04-22 00:00:00",AA,10,152,-13.0,-5.99,-2.97,1.99,30.27,227.0
"2025-04-22 00:00:00",AA,0,9,-10.0,-8.94,-5.0,1.99,5.99,44.0
"2025-04-22 00:00:00",DL,7,240,-15.0,-7.92,-5.0,-0.99,1.99,277.0
"2025-04-22 00:00:00",DL,12,183,-26.0,-7.03,-4.01,0.0,8.94,102.0
"2025-04-22 00:00:00",DL,8,195,-17.0,-7.03,-4.01,-0.99,5.99,279.0
"2025-04-22 00:00:00",UA,8,159,-15.0,-7.92,-5.0,-1.99,2.97,75.0
"2025-04-22 00:00:00",DL,10,157,-19.0,-7.03,-4.01,0.0,10.07,121.0
"2025-04-22 00:00:00",UA,0,8,-10.0,-10.0,-4.01,1.99,5.99,33.0
"2025-04-22 00:00:00",AA,12,144,-11.0,-5.0,-2.97,0.99,13.87,384.0
"2025-04-22 00:00:00",UA,10,128,-13.0,-7.03,-4.01,0.0,12.06,76.0
"2025-04-22 00:00:00",WN,11,225,-13.0,-5.0,-0.99,2.97,13.87,184.0
"2025-04-22 00:00:00",UA,23,31,-15.0,-7.92,-5.99,-1.99,5.0,138.0
"2025-04-22 00:00:00",UA,21,38,-15.0,-8.94,-5.0,-0.99,8.94,145.0
"2025-04-23 00:00:00",DL,19,132,-25.0,-7.92,-2.97,5.99,22.88,107.0
"2025-04-23 00:00:00",WN,19,245,-15.0,-2.97,4.01,22.88,52.99,183.0
"2025-04-23 00:00:00",UA,21,55,-12.0,-7.03,-2.97,7.03,19.11,64.0
"2025-04-23 00:00:00",WN,16,227,-11.0,-1.99,5.0,21.12,48.91,135.0
"2025-04-23 00:00:00",UA,18,137,-12.0,-5.0,-0.99,10.07,32.14,290.0
"2025-04-23 00:00:00",DL,18,169,-18.0,-5.99,-1.99,8.94,34.13,121.0
"2025-04-23 00:00:00",WN,18,252,-15.0,-1.99,7.03,32.79,71.53,185.0
"2025-04-23 00:00:00",UA,10,130,-13.0,-7.03,-2.97,1.99,26.84,564.0
"2025-04-23 00:00:00",AA,22,110,-16.0,-4.01,0.99,13.07,32.79,145.0
"2025-04-23 00:00:00",AA,10,156,-13.0,-5.0,0.0,82.28,152.95,713.0
"2025-04-23 00:00:00",WN,11,226,-13.0,-2.97,0.99,21.12,52.99,175.0
"2025-04-23 00:00:00",AA,12,145,-12.0,-1.99,5.0,50.91,100.49,652.0
"2025-04-23 00:00:00",DL,12,183,-15.0,-7.03,-4.01,0.99,12.06,529.0
"2025-04-23 00:00:00",UA,12,121,-13.0,-5.99,-1.99,5.99,36.24,192.0
"2025-04-23 00:00:00",DL,10,159,-18.0,-7.03,-5.0,0.0,5.0,84.0
"2025-04-23 00:00:00",UA,23,36,-13.0,-7.92,-5.0,2.97,5.99,33.0
"2025-04-23 00:00:00",DL,9,140,-14.0,-7.03,-4.01,-0.99,7.92,159.0
"2025-04-23 00:00:00",UA,0,7,-10.0,-8.94,-7.03,-5.99,7.0,7.0
"2025-04-23 00:00:00",AA,0,6,-10.0,-5.0,-2.97,-2.97,0.0,2.0
"2025-04-23 00:00:00",DL,7,241,-17.0,-7.92,-5.0,-1.99,4.01,202.0
"2025-04-23 00:00:00",DL,8,193,-15.0,-7.92,-5.0,-1.99,7.92,394.0
"2025-04-23 00:00:00",UA,8,158,-14.0,-7.03,-5.0,-1.99,12.06,212.0
"2025-04-24 00:00:00",DL,7,243,-16.0,-7.03,-4.01,-0.99,5.0,421.0
"2025-04-24 00:00:00",AA,12,135,-11.0,-2.97,5.99,59.75,144.04,476.0
"2025-04-24 00:00:00",UA,0,7,-8.0,-5.99,-2.97,7.03,29.08,36.0
"2025-04-24 00:00:00",UA,12,122,-14.0,-5.0,-2.97,0.99,22.88,256.0
"2025-04-24 00:00:00",DL,19,177,-17.0,-5.0,1.99,23.81,63.44,211.0
"2025-04-24 00:00:00",WN,19,251,-11.0,5.0,24.78,71.53,162.41,284.0
"2025-04-24 00:00:00",AA,22,109,-11.0,-4.01,4.01,26.84,52.99,174.0
"2025-04-24 00:00:00",UA,23,36,-11.0,-4.01,0.0,19.89,30.27,53.0
"2025-04-24 00:00:00",UA,21,60,-10.0,-2.97,10.07,47.0,127.75,249.0
"2025-04-24 00:00:00",AA,0,8,-9.0,-7.03,-5.0,0.0,8.94,18.0
"2025-04-24 00:00:00",UA,18,139,-15.0,-0.99,5.99,34.13,79.05,285.0
"2025-04-24 00:00:00",WN,18,270,-16.0,2.97,16.95,48.91,117.93,243.0
"2025-04-24 00:00:00",DL,18,174,-19.0,-5.0,0.0,21.12,48.91,1014.0
"2025-04-24 00:00:00",WN,16,226,-10.0,2.97,13.87,40.86,85.64,283.0
"2025-04-24 00:00:00",UA,10,131,-12.0,-7.03,-4.01,1.99,16.95,179.0
"2025-04-24 00:00:00",DL,12,186,-17.0,-7.03,-2.97,0.99,13.87,287.0
"2025-04-24 00:00:00",DL,8,198,-15.0,-5.99,-4.01,-0.99,5.0,480.0
"2025-04-24 00:00:00",AA,10,145,-17.0,-4.01,0.99,21.12,82.28,328.0
"2025-04-24 00:00:00",UA,8,162,-12.0,-7.03,-4.01,-0.99,7.03,121.0
"2025-04-24 00:00:00",DL,10,163,-15.0,-5.99,-4.01,0.99,23.81,849.0
"2025-04-24 00:00:00",DL,9,138,-13.0,-5.99,-2.97,4.01,17.99,303.0
"2025-04-24 00:00:00",WN,11,240,-12.0,-2.97,0.99,13.87,47.0,210.0
"2025-04-25 00:00:00",DL,7,245,-14.0,-5.99,-4.01,0.0,10.07,166.0
"2025-04-25 00:00:00",AA,0,9,-6.0,-2.97,13.07,39.25,48.91,57.0
"2025-04-25 00:00:00",UA,23,34,-11.0,-5.0,2.97,15.96,36.97,94.0
"2025-04-25 00:00:00",UA,0,8,-10.0,-7.03,-5.0,2.97,13.87,24.0
"2025-04-25 00:00:00",UA,10,133,-12.0,-5.99,-2.97,0.0,13.07,175.0
"2025-04-25 00:00:00",DL,8,197,-14.0,-5.99,-4.01,-0.99,10.07,208.0
"2025-04-25 00:00:00",WN,16,229,-8.0,0.0,10.07,30.27,51.94,175.0
"2025-04-25 00:00:00",UA,12,123,-12.0,-5.99,-1.99,13.87,43.38,335.0
"2025-04-25 00:00:00",WN,11,246,-11.0,-1.99,1.99,15.96,39.25,149.0
"2025-04-25 00:00:00",AA,12,149,-10.0,-4.01,0.0,13.87,49.9,183.0
"2025-04-25 00:00:00",UA,8,161,-13.0,-5.99,-4.01,0.0,39.25,176.0
"2025-04-25 00:00:00",DL,12,187,-14.0,-5.99,-4.01,2.97,15.03,425.0
"2025-04-25 00:00:00",DL,9,138,-14.0,-5.99,-2.97,0.99,15.03,696.0
"2025-04-25 00:00:00",AA,10,160,-12.0,-2.97,-0.99,7.92,26.84,108.0
"2025-04-25 00:00:00",DL,19,180,-22.0,-5.99,-1.99,10.91,32.14,457.0
"2025-04-25 00:00:00",DL,18,173,-17.0,-5.0,-1.99,13.87,34.82,274.0
"2025-04-25 00:00:00",WN,18,274,-12.0,0.0,10.07,29.08,60.95,188.0
"2025-04-25 00:00:00",UA,18,142,-13.0,-2.97,2.97,32.14,58.56,247.0
"2025-04-25 00:00:00",WN,19,253,-12.0,0.0,16.95,44.26,79.05,280.0
"2025-04-25 00:00:00",UA,21,62,-10.0,-5.0,0.0,21.98,45.15,166.0
"2025-04-25 00:00:00",AA,22,115,-12.0,-5.99,-1.99,5.99,34.13,859.0
"2025-04-25 00:00:00",DL,10,160,-14.0,-7.03,-2.97,4.01,25.79,198.0
"2025-04-26 00:00:00",DL,7,216,-16.0,-7.92,-5.0,-0.99,5.99,412.0
"2025-04-26 00:00:00",WN,19,159,-15.0,-5.99,0.0,13.07,48.91,158.0
"2025-04-26 00:00:00",DL,8,179,-15.0,-7.03,-5.0,-1.99,7.03,371.0
"2025-04-26 00:00:00",UA,21,43,-13.0,-5.99,5.99,63.44,113.31,718.0
"2025-04-26 00:00:00",AA,22,79,-13.0,-5.99,-2.97,7.03,26.84,494.0
"2025-04-26 00:00:00",UA,23,33,-11.0,-7.03,-1.99,8.94,83.94,932.0
"2025-04-26 00:00:00",WN,16,232,-13.0,-5.0,0.99,15.03,40.05,177.0
"2025-04-26 00:00:00",UA,18,117,-20.0,-5.99,0.0,13.87,108.86,996.0
"2025-04-26 00:00:00",UA,12,112,-16.0,-5.99,-2.97,0.0,36.97,592.0
"2025-04-26 00:00:00",WN,18,261,-15.0,-4.01,0.99,16.95,43.38,219.0
"2025-04-26 00:00:00",DL,19,96,-18.0,-7.92,-4.01,1.99,32.14,340.0
"2025-04-26 00:00:00",AA,12,132,-15.0,-5.99,-1.99,1.99,19.89,461.0
"2025-04-26 00:00:00",UA,8,154,-13.0,-7.03,-4.01,-1.99,7.03,138.0
"2025-04-26 00:00:00",DL,18,146,-19.0,-7.03,-2.97,5.99,29.08,902.0
"2025-04-26 00:00:00",UA,0,8,-9.0,-7.92,-5.99,0.0,15.03,33.0
"2025-04-26 00:00:00",AA,0,9,-9.0,-7.92,-5.0,5.0,41.68,66.0
"2025-04-26 00:00:00",DL,9,143,-15.0,-7.03,-5.0,-0.99,19.11,180.0
"2025-04-26 00:00:00",WN,11,200,-13.0,-4.01,0.0,8.94,24.78,216.0
"2025-04-26 00:00:00",DL,12,165,-18.0,-5.99,-2.97,0.0,19.11,196.0
"2025-04-26 00:00:00",AA,10,142,-16.0,-5.0,-2.97,0.99,15.96,457.0
"2025-04-26 00:00:00",DL,10,129,-15.0,-7.03,-2.97,0.0,8.94,108.0
"2025-04-26 00:00:00",UA,10,111,-13.0,-5.99,-2.97,13.87,58.56,262.0
"2025-04-27 00:00:00",AA,0,9,-8.0,-5.0,0.99,4.01,5.99,8.0
"2025-04-27 00:00:00",WN,19,244,-10.0,0.0,10.07,32.14,47.0,164.0
"2025-04-27 00:00:00",DL,12,186,-14.0,-7.03,-4.01,0.0,10.91,130.0
"2025-04-27 00:00:00",UA,12,118,-11.0,-5.0,-2.97,2.97,21.12,199.0
"2025-04-27 00:00:00",UA,0,7,-7.0,-5.99,-0.99,29.08,127.75,133.0
"2025-04-27 00:00:00",DL,7,250,-14.0,-7.03,-4.01,0.0,7.92,204.0
"2025-04-27 00:00:00",DL,9,142,-12.0,-7.03,-5.0,-0.99,10.07,139.0
"2025-04-27 00:00:00",UA,10,127,-13.0,-5.99,-2.97,1.99,21.12,94.0
"2025-04-27 00:00:00",DL,19,180,-18.0,-5.99,-0.99,10.91,34.13,327.0
"2025-04-27 00:00:00",WN,11,213,-11.0,-2.97,0.0,7.92,19.11,89.0
"2025-04-27 00:00:00",AA,12,150,-16.0,-5.0,-1.99,8.94,47.95,160.0
"2025-04-27 00:00:00",DL,10,161,-18.0,-7.03,-5.0,-1.99,4.01,188.0
"2025-04-27 00:00:00",WN,16,233,-12.0,0.0,7.03,22.88,36.24,372.0
"2025-04-27 00:00:00",UA,21,62,-11.0,-5.0,-1.99,15.03,50.91,166.0
"2025-04-27 00:00:00",WN,18,245,-9.0,-0.99,8.94,26.84,48.91,139.0
"2025-04-27 00:00:00",DL,8,198,-14.0,-5.99,-4.01,-0.99,7.03,97.0
"2025-04-27 00:00:00",UA,8,161,-15.0,-7.03,-4.01,-1.99,10.07,181.0
"2025-04-27 00:00:00",AA,10,159,-14.0,-5.0,-1.99,4.01,32.79,155.0
"2025-04-27 00:00:00",DL,18,178,-17.0,-5.0,-1.99,7.03,36.24,200.0
"2025-04-27 00:00:00",AA,22,114,-9.0,-4.01,0.0,7.92,34.82,178.0
"2025-04-27 00:00:00",UA,18,141,-14.0,-5.0,-1.99,10.91,64.72,248.0
"2025-04-27 00:00:00",UA,23,35,-10.0,-5.99,-5.0,-1.99,4.01,120.0
"2025-04-28 00:00:00",UA,10,126,-13.0,-7.03,-4.01,0.0,8.94,161.0
"2025-04-28 00:00:00",AA,12,148,-19.0,-5.0,-1.99,5.0,21.12,466.0
"2025-04-28 00:00:00",AA,0,9,-11.0,-7.03,-4.01,-2.97,-1.99,1.0
"2025-04-28 00:00:00",UA,21,50,-11.0,-5.0,-2.97,0.99,62.18,170.0
"2025-04-28 00:00:00",DL,19,176,-24.0,-7.92,-2.97,4.01,30.27,694.0
"2025-04-28 00:00:00",WN,19,252,-13.0,-4.01,0.99,13.87,34.82,158.0
"2025-04-28 00:00:00",UA,18,132,-12.0,-5.99,-1.99,10.07,48.91,293.0
"2025-04-28 00:00:00",DL,9,136,-15.0,-5.99,-4.01,-0.99,5.99,108.0
"2025-04-28 00:00:00",AA,10,159,-13.0,-5.0,-2.97,0.99,26.84,190.0
"2025-04-28 00:00:00",DL,10,162,-15.0,-7.03,-5.0,0.0,8.94,119.0
"2025-04-28 00:00:00",WN,11,242,-9.0,-4.01,0.99,7.92,25.79,364.0
"2025-04-28 00:00:00",DL,18,176,-16.0,-7.03,-2.97,7.03,36.24,1021.0
"2025-04-28 00:00:00",DL,8,198,-14.0,-5.99,-5.0,-0.99,5.0,341.0
"2025-04-28 00:00:00",WN,16,228,-11.0,-1.99,4.01,15.03,32.14,158.0
"2025-04-28 00:00:00",UA,23,33,-13.0,-7.03,-4.01,8.94,21.98,61.0
"2025-04-28 00:00:00",AA,22,116,-18.0,-5.0,-1.99,12.06,45.15,1080.0
"2025-04-28 00:00:00",UA,0,8,-10.0,-5.0,4.01,29.08,29.08,46.0
"2025-04-28 00:00:00",UA,8,158,-16.0,-7.03,-4.01,-1.99,4.01,125.0
"2025-04-28 00:00:00",WN,18,274,-14.0,-2.97,0.99,12.06,40.05,139.0
"2025-04-28 00:00:00",UA,12,118,-11.0,-5.99,-2.97,0.99,17.99,402.0
"2025-04-28 00:00:00",DL,12,185,-14.0,-7.03,-4.01,0.0,13.07,112.0
"2025-04-28 00:00:00",DL,7,242,-15.0,-7.92,-5.0,-0.99,7.03,346.0
"2025-04-29 00:00:00",UA,21,38,-15.0,-8.94,-4.01,5.0,10.07,53.0
"2025-04-29 00:00:00",UA,8,159,-15.0,-8.94,-5.99,-1.99,1.99,173.0
"2025-04-29 00:00:00",DL,18,166,-21.0,-7.03,-4.01,1.99,23.81,241.0
"2025-04-29 00:00:00",WN,16,226,-11.0,-5.0,-0.99,7.03,23.81,94.0
"2025-04-29 00:00:00",DL,12,182,-15.0,-7.03,-5.0,-0.99,8.94,237.0
"2025-04-29 00:00:00",AA,12,143,-16.0,-7.03,-4.01,4.01,22.88,400.0
"2025-04-29 00:00:00",UA,0,8,-16.0,-10.07,-8.94,-5.0,1.99,4.0
"2025-04-29 00:00:00",WN,11,226,-12.0,-5.0,-1.99,4.01,13.87,303.0
"2025-04-29 00:00:00",UA,10,127,-19.0,-7.03,-4.01,-0.99,5.0,148.0
"2025-04-29 00:00:00",UA,23,31,-14.0,-7.92,-5.99,-0.99,51.94,117.0
"2025-04-29 00:00:00",DL,9,139,-17.0,-7.92,-5.0,-0.99,5.99,515.0
"2025-04-29 00:00:00",DL,10,158,-15.0,-8.94,-5.99,-2.97,5.0,111.0
"2025-04-29 00:00:00",AA,10,151,-15.0,-7.03,-4.01,-0.99,10.07,132.0
"2025-04-29 00:00:00",DL,19,129,-20.0,-8.94,-4.01,2.97,16.95,65.0
"2025-04-29 00:00:00",DL,8,194,-15.0,-7.92,-5.99,-1.99,17.99,253.0
"2025-04-29 00:00:00",AA,0,9,-12.0,-5.99,0.0,17.99,19.89,77.0
"2025-04-29 00:00:00",UA,12,119,-13.0,-7.03,-4.01,-1.99,0.99,306.0
"2025-04-29 00:00:00",AA,22,103,-15.0,-7.03,-4.01,0.0,29.08,95.0
"2025-04-29 00:00:00",DL,7,240,-20.0,-8.94,-5.99,-1.99,0.99,191.0
"2025-04-29 00:00:00",WN,19,245,-15.0,-5.99,-1.99,12.06,48.91,190.0
"2025-04-29 00:00:00",UA,18,118,-13.0,-5.99,-2.97,5.99,26.84,261.0
"2025-04-29 00:00:00",WN,18,253,-15.0,-5.99,-1.99,2.97,19.89,178.0
"2025-04-30 00:00:00",DL,7,234,-16.0,-7.92,-5.99,-2.97,4.01,198.0
"2025-04-30 00:00:00",DL,19,129,-17.0,-7.03,-1.99,5.99,30.88,212.0
"2025-04-30 00:00:00",WN,11,212,-11.0,-2.97,0.99,12.06,36.97,640.0
"2025-04-30 00:00:00",UA,8,156,-14.0,-7.92,-5.99,-2.97,5.99,351.0
"2025-04-30 00:00:00",WN,19,238,-12.0,-1.99,7.03,32.14,100.49,267.0
"2025-04-30 00:00:00",UA,0,7,-10.0,-7.03,-4.01,-0.99,1.99,10.0
"2025-04-30 00:00:00",AA,10,124,-12.0,-5.99,-1.99,13.07,206.46,827.0
"2025-04-30 00:00:00",DL,12,181,-16.0,-7.03,-4.01,0.99,12.06,800.0
"2025-04-30 00:00:00",AA,22,102,-12.0,-2.97,4.01,17.99,67.36,506.0
"2025-04-30 00:00:00",DL,18,169,-17.0,-5.99,-1.99,10.91,55.15,244.0
"2025-04-30 00:00:00",UA,18,131,-14.0,-5.0,-0.99,7.92,47.0,373.0
"2025-04-30 00:00:00",UA,10,130,-17.0,-5.99,-4.01,5.99,57.4,273.0
"2025-04-30 00:00:00",UA,23,37,-15.0,-5.99,-4.01,24.78,89.13,314.0
"2025-04-30 00:00:00",WN,18,241,-15.0,-0.99,8.94,32.79,98.5,267.0
"2025-04-30 00:00:00",DL,9,137,-14.0,-7.92,-5.0,-0.99,5.0,150.0
"2025-04-30 00:00:00",AA,12,97,-14.0,-4.01,-0.99,25.79,179.49,2595.0
"2025-04-30 00:00:00",DL,8,192,-19.0,-7.92,-5.0,-2.97,0.0,370.0
"2025-04-30 00:00:00",DL,10,159,-17.0,-7.03,-5.0,-0.99,10.07,287.0
"2025-04-30 00:00:00",WN,16,215,-9.0,-1.99,5.99,27.94,89.13,442.0
"2025-04-30 00:00:00",AA,0,7,-4.0,-2.97,-0.99,0.0,0.99,3.0
"2025-04-30 00:00:00",UA,21,54,-11.0,-5.0,1.99,29.08,94.64,500.0
"2025-04-30 00:00:00",UA,12,120,-13.0,-5.99,-2.97,0.99,15.03,454.0
