"2025-04-09 00:00:00",DL,0,4,-12.0,-12.0,-7.03,-7.03,-7.03,17.0
"2025-04-09 00:00:00",WN,5,91,-15.0,-5.0,-4.01,-1.99,0.99,29.0
"2025-04-09 00:00:00",UA,6,128,-17.0,-10.07,-7.92,-5.0,0.99,101.0
"2025-04-09 00:00:00",WN,6,292,-12.0,-5.0,-4.01,-1.99,0.0,58.0
"2025-04-09 00:00:00",UA,7,193,-18.0,-8.94,-5.99,-4.01,0.0,90.0
"2025-04-09 00:00:00",WN,7,231,-13.0,-5.99,-4.01,-0.99,2.97,369.0
"2025-04-09 00:00:00",WN,10,256,-11.0,-4.01,-1.99,2.97,12.06,64.0
"2025-04-09 00:00:00",WN,12,217,-10.0,-5.0,-1.99,4.01,15.03,77.0
"2025-04-09 00:00:00",WN,14,220,-11.0,-5.0,-0.99,5.0,16.95,62.0
"2025-04-09 00:00:00",AA,14,148,-10.0,-5.0,-0.99,7.03,21.98,990.0
"2025-04-09 00:00:00",AA,15,138,-12.0,-5.99,-2.97,7.03,36.97,301.0
"2025-04-09 00:00:00",AA,16,150,-16.0,-5.0,-1.99,7.03,43.38,209.0
"2025-04-09 00:00:00",DL,17,179,-30.0,-7.92,-2.97,1.99,21.98,238.0
"2025-04-09 00:00:00",UA,17,136,-16.0,-5.0,-1.99,1.99,16.95,320.0
"2025-04-09 00:00:00",DL,20,98,-24.0,-7.03,-4.01,-0.99,7.03,101.0
"2025-04-09 00:00:00",UA,20,82,-15.0,-7.03,-2.97,4.01,32.79,117.0
"2025-04-09 00:00:00",DL,22,93,-19.0,-7.03,-4.01,0.0,15.03,176.0
"2025-04-09 00:00:00",WN,22,7,-12.0,-7.03,-2.97,-2.97,-2.97,11.0
"2025-04-09 00:00:00",WN,23,6,-9.0,-7.03,-4.01,-4.01,-2.97,0.0
"2025-04-10 00:00:00",WN,12,238,-12.0,-4.01,0.0,8.94,23.81,145.0
"2025-04-10 00:00:00",DL,0,4,-11.0,-10.91,-5.0,1.99,1.99,13.0
"2025-04-10 00:00:00",WN,5,212,-13.0,-5.99,-4.01,-1.99,0.99,59.0
"2025-04-10 00:00:00",UA,6,134,-22.0,-7.92,-5.99,-4.01,-1.99,113.0
"2025-04-10 00:00:00",UA,7,201,-16.0,-7.92,-5.99,-2.97,4.01,223.0
"2025-04-10 00:00:00",WN,7,276,-11.0,-5.0,-2.97,-0.99,7.92,181.0
"2025-04-10 00:00:00",DL,20,117,-17.0,-1.99,8.94,40.86,122.75,643.0
"2025-04-10 00:00:00",WN,14,229,-10.0,-1.99,4.01,16.95,34.82,145.0
"2025-04-10 00:00:00",WN,23,6,-3.0,-0.99,0.0,5.99,5.99,59.0
"2025-04-10 00:00:00",WN,10,239,-11.0,-4.01,-0.99,5.0,23.81,190.0
"2025-04-10 00:00:00",WN,6,279,-10.0,-5.0,-2.97,-0.99,4.01,173.0
"2025-04-10 00:00:00",AA,14,151,-15.0,-5.0,-0.99,10.07,36.97,155.0
"2025-04-10 00:00:00",UA,20,83,-20.0,-5.99,-1.99,4.01,21.98,145.0
"2025-04-10 00:00:00",AA,15,140,-14.0,-5.0,0.0,19.89,52.99,327.0
"2025-04-10 00:00:00",DL,22,79,-12.0,-2.97,1.99,135.65,202.38,562.0
"2025-04-10 00:00:00",WN,22,16,-8.0,-5.99,0.99,10.91,30.88,77.0
"2025-04-10 00:00:00",AA,16,149,-13.0,-4.01,0.0,12.06,36.24,192.0
"2025-04-10 00:00:00",UA,17,138,-15.0,-5.0,-2.97,0.99,10.07,318.0
"2025-04-10 00:00:00",DL,17,180,-26.0,-5.99,-0.99,10.91,47.0,292.0
"2025-04-11 00:00:00",WN,6,282,-11.0,-5.0,-2.97,-0.99,4.01,241.0
"2025-04-11 00:00:00",UA,7,201,-15.0,-7.03,-5.0,-2.97,0.0,633.0
"2025-04-11 00:00:00",WN,7,278,-11.0,-5.0,-2.97,0.0,7.03,181.0
"2025-04-11 00:00:00",WN,12,238,-12.0,-2.97,0.99,10.91,34.82,135.0
"2025-04-11 00:00:00",WN,10,240,-11.0,-2.97,0.0,5.99,19.11,206.0
"2025-04-11 00:00:00",DL,0,7,-9.0,-7.92,7.03,24.78,66.03,96.0
"2025-04-11 00:00:00",AA,14,152,-16.0,-4.01,2.97,23.81,52.99,239.0
"2025-04-11 00:00:00",AA,15,142,-14.0,-4.01,1.99,34.13,80.65,475.0
"2025-04-11 00:00:00",AA,16,151,-15.0,-2.97,10.91,34.82,100.49,1679.0
"2025-04-11 00:00:00",UA,17,135,-11.0,-5.99,-2.97,5.0,21.98,226.0
"2025-04-11 00:00:00",UA,6,134,-15.0,-7.92,-5.99,-1.99,7.92,202.0
"2025-04-11 00:00:00",DL,22,95,-17.0,-5.0,0.0,19.11,40.86,129.0
"2025-04-11 00:00:00",DL,17,184,-15.0,-5.0,0.0,16.95,56.27,291.0
"2025-04-11 00:00:00",WN,23,6,-1.0,2.97,10.07,10.07,34.13,72.0
"2025-04-11 00:00:00",WN,22,16,-14.0,-5.0,-2.97,5.0,30.88,64.0
"2025-04-11 00:00:00",UA,20,84,-14.0,-5.99,-2.97,7.03,41.68,143.0
"2025-04-11 00:00:00",WN,14,229,-10.0,-0.99,5.0,17.99,41.68,199.0
"2025-04-11 00:00:00",WN,5,212,-11.0,-5.0,-2.97,-0.99,0.0,46.0
"2025-04-11 00:00:00",DL,20,119,-29.0,-4.01,1.99,24.78,79.05,206.0
"2025-04-12 00:00:00",DL,20,88,-12.0,-7.92,-4.01,-0.99,7.92,164.0
"2025-04-12 00:00:00",WN,23,6,-6.0,-5.99,-5.0,-5.0,-5.0,0.0
"2025-04-12 00:00:00",DL,22,75,-16.0,-7.92,-5.99,-1.99,19.11,564.0
"2025-04-12 00:00:00",AA,16,134,-15.0,-5.0,-1.99,7.03,29.08,204.0
"2025-04-12 00:00:00",UA,20,69,-17.0,-5.0,-1.99,7.03,32.14,92.0
"2025-04-12 00:00:00",WN,22,8,-6.0,-4.01,0.0,2.97,5.0,20.0
"2025-04-12 00:00:00",UA,17,127,-15.0,-7.92,-4.01,-0.99,17.99,178.0
"2025-04-12 00:00:00",AA,15,129,-13.0,-5.99,-2.97,8.94,32.79,210.0
"2025-04-12 00:00:00",WN,7,241,-12.0,-5.0,-1.99,0.0,5.0,356.0
"2025-04-12 00:00:00",DL,17,145,-17.0,-7.03,-4.01,0.99,23.81,192.0
"2025-04-12 00:00:00",WN,5,125,-11.0,-5.0,-2.97,-0.99,2.97,64.0
"2025-04-12 00:00:00",WN,10,211,-11.0,-5.0,-1.99,1.99,10.91,364.0
"2025-04-12 00:00:00",WN,14,205,-13.0,-4.01,-0.99,5.99,21.12,240.0
"2025-04-12 00:00:00",WN,6,258,-11.0,-5.99,-2.97,-0.99,1.99,302.0
"2025-04-12 00:00:00",DL,0,6,-13.0,-12.06,-7.03,-2.97,0.0,4.0
"2025-04-12 00:00:00",UA,6,132,-19.0,-7.92,-5.0,-1.99,0.99,263.0
"2025-04-12 00:00:00",AA,14,129,-15.0,-5.0,-1.99,15.03,56.27,204.0
"2025-04-12 00:00:00",UA,7,186,-15.0,-7.92,-5.99,-1.99,7.92,149.0
"2025-04-12 00:00:00",WN,12,203,-14.0,-5.0,-0.99,2.97,15.96,83.0
"2025-04-13 00:00:00",DL,0,4,-10.0,-10.0,-0.99,0.0,0.0,45.0
"2025-04-13 00:00:00",DL,17,181,-17.0,-7.03,-1.99,5.99,21.98,149.0
"2025-04-13 00:00:00",WN,14,218,-10.0,-2.97,1.99,8.94,21.12,196.0
"2025-04-13 00:00:00",UA,6,130,-18.0,-7.92,-5.99,-2.97,1.99,34.0
"2025-04-13 00:00:00",WN,5,116,-12.0,-5.99,-2.97,-0.99,1.99,57.0
"2025-04-13 00:00:00",WN,6,328,-11.0,-5.99,-4.01,-0.99,0.99,97.0
"2025-04-13 00:00:00",UA,17,135,-12.0,-5.99,-1.99,1.99,15.03,192.0
"2025-04-13 00:00:00",AA,16,153,-19.0,-5.0,-0.99,10.91,49.9,989.0
"2025-04-13 00:00:00",WN,22,142,-13.0,-4.01,-0.99,10.07,25.79,71.0
"2025-04-13 00:00:00",WN,12,243,-11.0,-4.01,-0.99,5.0,13.87,135.0
"2025-04-13 00:00:00",AA,14,151,-13.0,-5.0,-0.99,10.91,44.26,961.0
"2025-04-13 00:00:00",DL,22,100,-15.0,-5.99,-2.97,0.99,17.99,71.0
"2025-04-13 00:00:00",WN,10,260,-13.0,-4.01,-0.99,5.0,15.96,129.0
"2025-04-13 00:00:00",UA,20,84,-14.0,-7.03,-4.01,0.0,12.06,120.0
"2025-04-13 00:00:00",WN,23,7,-6.0,-5.0,-1.99,-1.99,10.91,35.0
"2025-04-13 00:00:00",UA,7,194,-15.0,-8.94,-5.99,-2.97,0.99,114.0
"2025-04-13 00:00:00",WN,7,233,-15.0,-5.99,-4.01,-0.99,1.99,165.0
"2025-04-13 00:00:00",DL,20,118,-14.0,-5.99,-2.97,5.0,32.79,261.0
"2025-04-13 00:00:00",AA,15,140,-12.0,-5.0,-0.99,12.06,43.38,354.0
"2025-04-14 00:00:00",WN,14,227,-11.0,-2.97,1.99,13.87,40.05,114.0
"2025-04-14 00:00:00",DL,20,118,-18.0,-7.03,-4.01,8.94,41.68,200.0
"2025-04-14 00:00:00",DL,22,114,-15.0,-7.03,-5.0,0.0,19.11,542.0
"2025-04-14 00:00:00",UA,17,135,-17.0,-7.03,-4.01,-0.99,10.07,122.0
"2025-04-14 00:00:00",WN,22,16,-12.0,-5.99,-0.99,4.01,15.03,23.0
"2025-04-14 00:00:00",WN,23,6,-6.0,-5.99,-4.01,-2.97,0.99,1.0
"2025-04-14 00:00:00",UA,20,80,-20.0,-7.03,-4.01,2.97,19.89,155.0
"2025-04-14 00:00:00",WN,10,238,-10.0,-4.01,-0.99,5.0,13.87,295.0
"2025-04-14 00:00:00",AA,15,143,-14.0,-5.99,-2.97,5.0,40.86,229.0
"2025-04-14 00:00:00",WN,12,237,-11.0,-4.01,0.99,8.94,23.81,266.0
"2025-04-14 00:00:00",AA,16,151,-20.0,-5.0,-1.99,15.03,71.53,271.0
"2025-04-14 00:00:00",WN,7,277,-11.0,-5.0,-2.97,0.0,7.03,99.0
"2025-04-14 00:00:00",AA,14,151,-15.0,-5.0,-1.99,2.97,43.38,317.0
"2025-04-14 00:00:00",UA,6,136,-15.0,-8.94,-5.99,-4.01,0.0,58.0
"2025-04-14 00:00:00",WN,6,282,-11.0,-5.0,-4.01,-0.99,1.99,210.0
"2025-04-14 00:00:00",UA,7,201,-16.0,-7.92,-5.0,-1.99,2.97,430.0
"2025-04-14 00:00:00",WN,5,213,-10.0,-5.99,-4.01,-1.99,0.99,277.0
"2025-04-14 00:00:00",DL,0,7,-14.0,-13.87,-7.92,-2.97,5.0,10.0
"2025-04-14 00:00:00",DL,17,184,-15.0,-7.03,-4.01,4.01,13.87,426.0
