"2025-01-13 00:00:00",DL,23,23,-17.0,-7.92,-5.0,-1.99,7.92,75.0
"2025-01-13 00:00:00",DL,16,112,-15.0,-7.03,-2.97,7.92,24.78,168.0
"2025-01-13 00:00:00",WN,9,235,-12.0,-5.0,-2.97,0.0,5.0,37.0
"2025-01-13 00:00:00",AA,19,109,-20.0,-7.03,-2.97,1.99,50.91,187.0
"2025-01-13 00:00:00",AA,21,79,-14.0,-5.99,-1.99,4.01,36.24,196.0
"2025-01-13 00:00:00",WN,21,15,-10.0,-8.94,-5.99,-2.97,0.0,19.0
"2025-01-13 00:00:00",WN,17,198,-15.0,-7.03,-4.01,0.0,5.99,36.0
"2025-01-13 00:00:00",UA,13,133,-18.0,-7.03,-5.0,0.0,21.98,155.0
"2025-01-13 00:00:00",DL,15,176,-17.0,-5.0,-0.99,12.06,32.79,298.0
"2025-01-13 00:00:00",UA,2,1,92.0,92.0,92.0,92.0,92.0,92.0
"2025-01-13 00:00:00",DL,13,137,-17.0,-5.99,-1.99,7.03,26.84,203.0
"2025-01-13 00:00:00",DL,11,181,-15.0,-5.0,-1.99,8.94,25.79,224.0
"2025-01-13 00:00:00",AA,20,83,-17.0,-5.99,-2.97,2.97,40.86,142.0
"2025-01-13 00:00:00",DL,21,80,-19.0,-7.92,-4.01,0.0,12.06,63.0
"2025-01-13 00:00:00",AA,9,134,-13.0,-5.99,-2.97,0.0,10.07,330.0
"2025-01-13 00:00:00",AA,6,179,-12.0,-7.92,-5.0,-1.99,4.01,2455.0
"2025-01-13 00:00:00",DL,6,180,-17.0,-7.92,-5.0,0.0,15.96,751.0
"2025-01-13 00:00:00",AA,5,103,-13.0,-7.92,-5.0,-2.97,0.0,1553.0
"2025-01-13 00:00:00",AA,1,1,-7.0,-7.0,-7.0,-7.0,-7.0,-7.0
"2025-01-13 00:00:00",UA,16,121,-16.0,-7.92,-4.01,0.99,13.07,108.0
"2025-01-14 00:00:00",UA,2,1,-11.0,-11.0,-11.0,-11.0,-11.0,-11.0
"2025-01-14 00:00:00",DL,23,19,-18.0,-13.07,-5.99,-0.99,32.14,72.0
"2025-01-14 00:00:00",DL,6,178,-19.0,-10.07,-5.99,-1.99,0.99,435.0
"2025-01-14 00:00:00",WN,17,198,-15.0,-7.03,-4.01,-0.99,13.07,132.0
"2025-01-14 00:00:00",DL,11,169,-19.0,-7.03,-4.01,0.99,8.94,109.0
"2025-01-14 00:00:00",AA,21,77,-19.0,-5.99,-4.01,0.0,15.03,72.0
"2025-01-14 00:00:00",WN,21,15,-15.0,-7.92,-5.0,-5.0,0.0,20.0
"2025-01-14 00:00:00",DL,21,63,-17.0,-7.03,-4.01,0.0,10.91,124.0
"2025-01-14 00:00:00",AA,19,103,-22.0,-7.03,-2.97,0.0,10.07,211.0
"2025-01-14 00:00:00",AA,6,171,-14.0,-8.94,-5.99,-2.97,10.07,473.0
"2025-01-14 00:00:00",AA,5,81,-16.0,-10.07,-5.99,-1.99,10.91,290.0
"2025-01-14 00:00:00",AA,20,76,-26.0,-7.92,-5.0,-2.97,1.99,62.0
"2025-01-14 00:00:00",DL,15,155,-17.0,-5.99,-4.01,1.99,15.96,168.0
"2025-01-14 00:00:00",UA,16,116,-15.0,-8.94,-4.01,0.0,7.03,103.0
"2025-01-14 00:00:00",AA,9,129,-16.0,-7.03,-4.01,-0.99,7.92,351.0
"2025-01-14 00:00:00",DL,13,128,-19.0,-8.94,-5.0,-0.99,8.94,305.0
"2025-01-14 00:00:00",UA,13,124,-16.0,-7.92,-5.0,-1.99,7.03,160.0
"2025-01-14 00:00:00",DL,16,97,-15.0,-5.99,-2.97,4.01,15.03,88.0
"2025-01-14 00:00:00",WN,9,235,-13.0,-5.99,-4.01,-0.99,5.0,134.0
"2025-01-15 00:00:00",UA,2,1,23.0,23.0,23.0,23.0,23.0,23.0
"2025-01-15 00:00:00",DL,11,171,-17.0,-7.03,-4.01,0.0,16.95,227.0
"2025-01-15 00:00:00",AA,6,169,-15.0,-7.92,-5.99,-1.99,1.99,184.0
"2025-01-15 00:00:00",DL,13,130,-18.0,-7.92,-5.0,-1.99,4.01,107.0
"2025-01-15 00:00:00",AA,21,79,-17.0,-5.99,-2.97,0.0,10.07,57.0
"2025-01-15 00:00:00",WN,21,15,-12.0,-7.92,-2.97,-1.99,0.99,18.0
"2025-01-15 00:00:00",AA,9,133,-13.0,-7.03,-4.01,-0.99,7.03,2063.0
"2025-01-15 00:00:00",DL,21,63,-23.0,-7.92,-5.99,-1.99,0.99,66.0
"2025-01-15 00:00:00",DL,23,20,-11.0,-5.99,-2.97,0.0,10.91,14.0
"2025-01-15 00:00:00",WN,9,235,-11.0,-5.99,-2.97,-0.99,7.03,107.0
"2025-01-15 00:00:00",DL,15,157,-20.0,-7.03,-4.01,0.0,10.91,164.0
"2025-01-15 00:00:00",DL,16,101,-15.0,-7.03,-5.0,-1.99,5.0,148.0
"2025-01-15 00:00:00",AA,5,80,-13.0,-8.94,-5.99,-2.97,5.99,71.0
"2025-01-15 00:00:00",DL,6,173,-18.0,-8.94,-5.99,-1.99,5.99,181.0
"2025-01-15 00:00:00",UA,16,119,-14.0,-7.92,-4.01,0.99,7.92,248.0
"2025-01-15 00:00:00",WN,17,195,-15.0,-5.99,-2.97,0.99,10.91,101.0
"2025-01-15 00:00:00",UA,13,128,-19.0,-8.94,-5.0,-1.99,5.99,344.0
"2025-01-15 00:00:00",AA,19,106,-14.0,-7.03,-2.97,0.0,7.03,122.0
"2025-01-15 00:00:00",AA,20,79,-28.0,-7.92,-4.01,-0.99,13.87,106.0
"2025-01-16 00:00:00",DL,16,118,-14.0,-5.99,-0.99,10.91,34.82,203.0
"2025-01-16 00:00:00",WN,17,221,-10.0,-4.01,-0.99,5.0,13.87,219.0
"2025-01-16 00:00:00",AA,19,147,-12.0,-5.0,-1.99,10.07,30.88,991.0
"2025-01-16 00:00:00",AA,20,121,-16.0,-4.01,0.0,19.11,55.15,675.0
"2025-01-16 00:00:00",WN,21,149,-13.0,-5.0,-0.99,8.94,32.14,131.0
"2025-01-16 00:00:00",AA,21,82,-17.0,-5.0,-2.97,5.0,21.98,128.0
"2025-01-16 00:00:00",DL,21,84,-15.0,-5.99,-2.97,4.01,21.98,91.0
"2025-01-16 00:00:00",DL,23,24,-16.0,-7.03,-4.01,0.0,5.0,69.0
"2025-01-16 00:00:00",AA,5,103,-14.0,-7.03,-5.0,-1.99,0.0,495.0
"2025-01-16 00:00:00",AA,6,174,-15.0,-7.92,-5.0,-1.99,1.99,473.0
"2025-01-16 00:00:00",DL,6,180,-18.0,-7.92,-5.0,-0.99,5.99,72.0
"2025-01-16 00:00:00",UA,2,1,-14.0,-14.0,-14.0,-14.0,-14.0,-14.0
"2025-01-16 00:00:00",AA,9,131,-11.0,-5.99,-4.01,0.0,15.96,132.0
"2025-01-16 00:00:00",WN,9,216,-12.0,-5.0,-2.97,0.0,7.03,106.0
"2025-01-16 00:00:00",DL,11,182,-17.0,-5.99,-4.01,1.99,15.96,496.0
"2025-01-16 00:00:00",DL,13,140,-18.0,-7.03,-4.01,0.0,19.11,90.0
"2025-01-16 00:00:00",UA,13,133,-15.0,-7.03,-4.01,1.99,15.96,195.0
"2025-01-16 00:00:00",DL,15,173,-18.0,-5.99,-1.99,5.0,45.15,1070.0
"2025-01-16 00:00:00",UA,16,124,-13.0,-5.99,-2.97,0.99,13.87,343.0
"2025-01-17 00:00:00",AA,1,1,-6.0,-6.0,-6.0,-6.0,-6.0,-6.0
"2025-01-17 00:00:00",UA,16,124,-18.0,-5.99,-2.97,2.97,21.98,313.0
"2025-01-17 00:00:00",WN,17,226,-14.0,-4.01,-0.99,5.99,17.99,112.0
"2025-01-17 00:00:00",AA,19,111,-12.0,-5.0,-1.99,13.07,32.14,1613.0
"2025-01-17 00:00:00",AA,20,84,-11.0,-5.0,-2.97,0.99,12.06,52.0
"2025-01-17 00:00:00",AA,21,83,-12.0,-2.97,4.01,19.11,41.68,131.0
"2025-01-17 00:00:00",DL,21,85,-13.0,-7.03,-4.01,4.01,21.12,105.0
"2025-01-17 00:00:00",WN,21,149,-16.0,-5.99,-0.99,5.0,22.88,97.0
"2025-01-17 00:00:00",DL,6,180,-16.0,-7.03,-4.01,-0.99,1.99,169.0
"2025-01-17 00:00:00",AA,5,103,-14.0,-5.99,-2.97,-0.99,5.99,899.0
"2025-01-17 00:00:00",AA,6,178,-11.0,-5.0,-2.97,-0.99,7.03,559.0
"2025-01-17 00:00:00",DL,15,173,-23.0,-5.99,-1.99,5.99,32.14,173.0
"2025-01-17 00:00:00",WN,9,217,-12.0,-4.01,-1.99,0.99,8.94,86.0
"2025-01-17 00:00:00",DL,11,182,-15.0,-5.99,-2.97,0.99,10.91,131.0
"2025-01-17 00:00:00",AA,9,133,-9.0,-5.0,-1.99,0.99,10.91,361.0
"2025-01-17 00:00:00",DL,23,24,-14.0,-7.92,-0.99,1.99,10.91,26.0
"2025-01-17 00:00:00",UA,2,1,-10.0,-10.0,-10.0,-10.0,-10.0,-10.0
"2025-01-17 00:00:00",DL,13,137,-20.0,-7.03,-5.0,0.0,19.11,185.0
"2025-01-17 00:00:00",UA,13,133,-15.0,-7.03,-2.97,0.0,12.06,289.0
"2025-01-17 00:00:00",DL,16,119,-19.0,-5.99,-4.01,5.99,29.08,290.0
"2025-01-18 00:00:00",DL,11,170,-19.0,-5.0,-1.99,2.97,15.96,180.0
"2025-01-18 00:00:00",AA,21,73,-10.0,-4.01,-0.99,13.87,32.14,210.0
"2025-01-18 00:00:00",UA,16,110,-15.0,-7.03,-1.99,5.0,40.86,362.0
"2025-01-18 00:00:00",UA,2,1,-3.0,-3.0,-3.0,-3.0,-3.0,-3.0
"2025-01-18 00:00:00",DL,21,63,-16.0,-7.03,-4.01,0.0,16.95,90.0
"2025-01-18 00:00:00",WN,17,170,-13.0,-5.0,-0.99,10.07,32.14,153.0
"2025-01-18 00:00:00",AA,20,65,-20.0,-5.0,-2.97,5.0,15.03,684.0
"2025-01-18 00:00:00",DL,23,19,-10.0,-7.03,-4.01,2.97,7.03,24.0
"2025-01-18 00:00:00",DL,16,104,-19.0,-7.92,-4.01,2.97,16.95,131.0
"2025-01-18 00:00:00",DL,13,125,-23.0,-7.03,-2.97,4.01,25.79,152.0
"2025-01-18 00:00:00",WN,21,3,-7.0,-7.0,-4.01,-4.01,-4.01,46.0
"2025-01-18 00:00:00",UA,13,120,-17.0,-5.99,-0.99,13.87,46.07,229.0
"2025-01-18 00:00:00",DL,15,142,-18.0,-5.99,-2.97,1.99,10.07,435.0
"2025-01-18 00:00:00",DL,6,168,-15.0,-7.92,-5.0,-0.99,5.99,86.0
"2025-01-18 00:00:00",AA,19,94,-15.0,-5.0,-0.99,5.0,13.87,77.0
"2025-01-18 00:00:00",AA,9,123,-14.0,-5.0,-1.99,0.99,15.03,185.0
"2025-01-18 00:00:00",WN,9,219,-11.0,-5.0,-1.99,0.99,12.06,120.0
"2025-01-18 00:00:00",AA,6,165,-13.0,-5.0,-4.01,-1.99,4.01,358.0
"2025-01-18 00:00:00",AA,5,81,-11.0,-5.0,-2.97,-0.99,1.99,230.0
"2025-01-19 00:00:00",UA,16,105,-16.0,-5.0,0.99,13.07,55.15,983.0
"2025-01-19 00:00:00",AA,6,158,-13.0,-7.03,-5.0,-1.99,2.97,830.0
"2025-01-19 00:00:00",AA,19,123,-15.0,-5.0,1.99,30.27,68.72,571.0
"2025-01-19 00:00:00",WN,21,14,-7.0,12.06,34.13,45.15,49.9,190.0
"2025-01-19 00:00:00",DL,6,162,-17.0,-7.92,-4.01,-0.99,7.03,180.0
"2025-01-19 00:00:00",DL,21,71,-13.0,-5.99,-2.97,10.07,40.05,138.0
"2025-01-19 00:00:00",UA,2,1,-1.0,-1.0,-1.0,-1.0,-1.0,-1.0
"2025-01-19 00:00:00",AA,5,74,-12.0,-7.03,-4.01,-2.97,0.0,119.0
"2025-01-19 00:00:00",DL,23,20,-8.0,-5.0,0.0,17.99,47.0,106.0
"2025-01-19 00:00:00",AA,20,112,-12.0,-1.99,10.07,32.79,47.95,712.0
"2025-01-19 00:00:00",AA,21,78,-8.0,-2.97,4.01,27.94,59.75,127.0
"2025-01-19 00:00:00",DL,11,163,-17.0,-5.0,-1.99,7.03,39.25,201.0
"2025-01-19 00:00:00",AA,9,125,-14.0,-5.99,-2.97,0.0,26.84,358.0
"2025-01-19 00:00:00",WN,17,199,-14.0,-2.97,5.0,21.98,45.15,385.0
"2025-01-19 00:00:00",DL,16,102,-15.0,-5.0,-0.99,12.06,45.15,378.0
"2025-01-19 00:00:00",DL,13,131,-16.0,-7.03,-2.97,5.0,39.25,145.0
"2025-01-19 00:00:00",UA,13,121,-14.0,-4.01,-0.99,10.07,25.79,216.0
"2025-01-19 00:00:00",WN,9,234,-15.0,-5.0,-1.99,1.99,15.03,96.0
"2025-01-19 00:00:00",DL,15,142,-17.0,-5.0,0.0,17.99,54.06,977.0
"2025-01-20 00:00:00",AA,9,130,-10.0,-4.01,-1.99,10.07,46.07,246.0
"2025-01-20 00:00:00",AA,19,107,-13.0,-4.01,1.99,29.08,67.36,201.0
"2025-01-20 00:00:00",AA,20,82,-11.0,-4.01,0.0,15.96,45.15,972.0
"2025-01-20 00:00:00",AA,21,76,-11.0,-2.97,0.99,24.78,34.82,751.0
"2025-01-20 00:00:00",WN,21,131,-4.0,7.92,21.98,48.91,77.49,196.0
"2025-01-20 00:00:00",DL,21,90,-16.0,-1.99,1.99,17.99,63.44,888.0
"2025-01-20 00:00:00",DL,23,27,-13.0,-5.0,-0.99,10.07,21.98,72.0
"2025-01-20 00:00:00",AA,5,100,-12.0,-5.0,-2.97,1.99,22.88,118.0
"2025-01-20 00:00:00",AA,1,1,-5.0,-5.0,-5.0,-5.0,-5.0,-5.0
"2025-01-20 00:00:00",WN,9,219,-11.0,-4.01,0.0,10.07,25.79,83.0
"2025-01-20 00:00:00",DL,11,184,-15.0,-2.97,7.92,30.88,63.44,268.0
"2025-01-20 00:00:00",AA,6,171,-18.0,-5.99,-2.97,0.0,19.89,1873.0
"2025-01-20 00:00:00",DL,6,180,-21.0,-5.0,-0.99,5.99,40.05,301.0
"2025-01-20 00:00:00",UA,2,1,-3.0,-3.0,-3.0,-3.0,-3.0,-3.0
"2025-01-20 00:00:00",DL,13,149,-15.0,-4.01,5.99,23.81,94.64,412.0
"2025-01-20 00:00:00",UA,13,134,-13.0,-1.99,2.97,15.03,46.07,196.0
"2025-01-20 00:00:00",DL,15,185,-15.0,-1.99,10.07,36.24,85.64,273.0
"2025-01-20 00:00:00",DL,16,140,-13.0,-1.99,5.0,29.08,55.15,197.0
"2025-01-20 00:00:00",UA,16,119,-11.0,-1.99,2.97,17.99,47.0,168.0
"2025-01-20 00:00:00",WN,17,222,-10.0,4.01,19.89,48.91,79.05,284.0
