"2025-04-03 00:00:00",DL,12,166,-14.0,-4.01,0.0,10.91,50.91,566.0
"2025-04-03 00:00:00",UA,12,122,-11.0,-5.99,-0.99,7.92,29.08,176.0
"2025-04-03 00:00:00",AA,10,129,-10.0,-2.97,2.97,29.08,60.95,354.0
"2025-04-03 00:00:00",WN,11,233,-11.0,-2.97,1.99,12.06,32.14,471.0
"2025-04-03 00:00:00",UA,8,157,-16.0,-5.99,-4.01,1.99,25.79,168.0
"2025-04-03 00:00:00",WN,16,235,-10.0,0.0,10.91,39.25,92.77,325.0
"2025-04-03 00:00:00",DL,18,167,-17.0,-2.97,7.92,36.24,71.53,328.0
"2025-04-03 00:00:00",UA,18,143,-20.0,-4.01,1.99,23.81,74.45,234.0
"2025-04-03 00:00:00",WN,18,247,-13.0,1.99,19.11,47.0,92.77,306.0
"2025-04-03 00:00:00",WN,19,219,-11.0,-0.99,13.07,63.44,122.75,324.0
"2025-04-03 00:00:00",DL,19,171,-20.0,-4.01,7.03,30.27,82.28,907.0
"2025-04-03 00:00:00",UA,21,59,-9.0,-5.0,0.0,17.99,50.91,121.0
"2025-04-03 00:00:00",UA,23,36,-11.0,-5.99,-2.97,8.94,37.72,92.0
"2025-04-03 00:00:00",DL,10,158,-16.0,-5.99,-4.01,5.0,29.08,224.0
"2025-04-03 00:00:00",DL,8,177,-14.0,-5.99,-4.01,2.97,15.96,408.0
"2025-04-03 00:00:00",UA,0,7,-10.0,-10.0,-2.97,4.01,10.91,60.0
"2025-04-03 00:00:00",DL,7,249,-17.0,-5.99,-2.97,0.99,12.06,654.0
"2025-04-03 00:00:00",AA,0,7,-7.0,-5.99,-0.99,-0.99,7.92,57.0
"2025-04-03 00:00:00",DL,9,132,-12.0,-5.0,-1.99,7.03,27.94,364.0
"2025-04-03 00:00:00",AA,22,100,-9.0,-1.99,5.0,34.82,89.13,564.0
"2025-04-03 00:00:00",AA,12,142,-13.0,-2.97,7.03,29.08,60.95,260.0
"2025-04-03 00:00:00",UA,10,130,-16.0,-5.99,-2.97,10.07,34.82,280.0
"2025-04-04 00:00:00",WN,11,233,-10.0,-0.99,4.01,19.89,58.56,141.0
"2025-04-04 00:00:00",DL,19,171,-28.0,-7.03,-1.99,8.94,44.26,134.0
"2025-04-04 00:00:00",AA,12,147,-15.0,-1.99,5.0,26.84,68.72,442.0
"2025-04-04 00:00:00",UA,23,35,-14.0,-5.99,-1.99,5.99,21.98,75.0
"2025-04-04 00:00:00",WN,19,220,-15.0,-0.99,15.03,62.18,106.71,290.0
"2025-04-04 00:00:00",UA,21,61,-18.0,-7.03,-2.97,7.92,21.12,162.0
"2025-04-04 00:00:00",AA,22,113,-10.0,-2.97,10.07,50.91,94.64,449.0
"2025-04-04 00:00:00",WN,16,236,-9.0,0.99,19.89,58.56,117.93,302.0
"2025-04-04 00:00:00",DL,18,165,-21.0,-5.99,-0.99,16.95,49.9,245.0
"2025-04-04 00:00:00",AA,0,8,-11.0,-7.03,-1.99,2.97,5.99,22.0
"2025-04-04 00:00:00",DL,7,247,-15.0,-7.03,-2.97,0.0,17.99,480.0
"2025-04-04 00:00:00",UA,18,143,-15.0,-5.99,0.0,19.89,66.03,187.0
"2025-04-04 00:00:00",WN,18,248,-14.0,2.97,22.88,67.36,113.31,265.0
"2025-04-04 00:00:00",UA,12,122,-11.0,-5.99,-2.97,1.99,13.87,133.0
"2025-04-04 00:00:00",DL,12,167,-13.0,-5.0,-0.99,10.91,32.79,132.0
"2025-04-04 00:00:00",DL,8,180,-13.0,-5.99,-2.97,0.99,15.03,219.0
"2025-04-04 00:00:00",UA,0,8,-11.0,-8.94,-1.99,-0.99,13.07,32.0
"2025-04-04 00:00:00",UA,8,165,-14.0,-5.99,-2.97,0.99,26.84,992.0
"2025-04-04 00:00:00",DL,9,133,-12.0,-5.99,-2.97,7.03,19.89,203.0
"2025-04-04 00:00:00",AA,10,156,-12.0,-4.01,0.99,24.78,67.36,427.0
"2025-04-04 00:00:00",DL,10,158,-13.0,-5.0,-0.99,5.99,22.88,138.0
"2025-04-04 00:00:00",UA,10,133,-15.0,-7.03,-4.01,0.99,12.06,133.0
"2025-04-05 00:00:00",AA,10,117,-21.0,-4.01,0.99,37.72,106.71,264.0
"2025-04-05 00:00:00",DL,18,135,-17.0,-5.0,0.0,22.88,64.72,277.0
"2025-04-05 00:00:00",WN,19,219,-15.0,-4.01,2.97,29.08,67.36,354.0
"2025-04-05 00:00:00",DL,10,126,-16.0,-5.99,-4.01,5.0,34.13,205.0
"2025-04-05 00:00:00",UA,18,117,-12.0,-5.0,4.01,40.05,113.31,774.0
"2025-04-05 00:00:00",UA,10,106,-13.0,-5.0,-1.99,5.0,26.84,222.0
"2025-04-05 00:00:00",UA,8,154,-15.0,-7.03,-4.01,-0.99,17.99,223.0
"2025-04-05 00:00:00",DL,19,86,-24.0,-5.0,0.0,32.79,87.37,753.0
"2025-04-05 00:00:00",DL,9,136,-15.0,-7.03,-4.01,4.01,30.27,212.0
"2025-04-05 00:00:00",DL,8,160,-13.0,-7.03,-4.01,-0.99,10.07,438.0
"2025-04-05 00:00:00",UA,0,8,-13.0,-10.07,-4.01,0.0,1.99,3.0
"2025-04-05 00:00:00",AA,0,9,-9.0,-0.99,0.0,13.87,21.12,168.0
"2025-04-05 00:00:00",DL,7,220,-18.0,-7.03,-4.01,0.0,19.11,1040.0
"2025-04-05 00:00:00",UA,21,41,-10.0,-5.99,-0.99,17.99,58.56,168.0
"2025-04-05 00:00:00",AA,22,79,-13.0,-4.01,7.03,30.27,77.49,234.0
"2025-04-05 00:00:00",UA,23,33,-14.0,-7.03,-4.01,1.99,17.99,50.0
"2025-04-05 00:00:00",WN,18,223,-14.0,-2.97,7.92,34.13,77.49,390.0
"2025-04-05 00:00:00",AA,12,117,-15.0,-2.97,2.97,56.27,106.71,566.0
"2025-04-05 00:00:00",WN,16,201,-13.0,-2.97,5.0,25.79,59.75,256.0
"2025-04-05 00:00:00",DL,12,145,-17.0,-7.03,-1.99,7.03,40.86,170.0
"2025-04-05 00:00:00",UA,12,112,-12.0,-5.0,-2.97,5.0,25.79,341.0
"2025-04-05 00:00:00",WN,11,219,-9.0,-2.97,2.97,17.99,36.97,174.0
"2025-04-06 00:00:00",UA,23,36,-14.0,-7.92,-5.0,-0.99,5.0,14.0
"2025-04-06 00:00:00",AA,12,150,-16.0,-4.01,0.0,19.11,55.15,575.0
"2025-04-06 00:00:00",AA,22,115,-10.0,-4.01,15.96,30.88,57.4,249.0
"2025-04-06 00:00:00",DL,7,247,-16.0,-5.99,-2.97,0.99,22.88,1025.0
"2025-04-06 00:00:00",UA,0,7,-7.0,-7.0,-2.97,-1.99,0.0,2.0
"2025-04-06 00:00:00",DL,9,129,-14.0,-5.99,-2.97,5.99,30.88,813.0
"2025-04-06 00:00:00",DL,10,150,-15.0,-5.99,-1.99,4.01,44.26,418.0
"2025-04-06 00:00:00",WN,11,220,-15.0,-2.97,0.99,15.03,56.27,278.0
"2025-04-06 00:00:00",UA,8,162,-13.0,-7.03,-5.0,-1.99,12.06,426.0
"2025-04-06 00:00:00",AA,0,8,-11.0,-7.92,-5.0,5.99,15.96,30.0
"2025-04-06 00:00:00",UA,21,62,-15.0,-5.99,-1.99,1.99,16.95,78.0
"2025-04-06 00:00:00",UA,12,116,-12.0,-5.0,-1.99,1.99,37.72,722.0
"2025-04-06 00:00:00",UA,10,126,-11.0,-5.0,-1.99,1.99,23.81,255.0
"2025-04-06 00:00:00",AA,10,158,-10.0,-4.01,-0.99,10.07,43.38,484.0
"2025-04-06 00:00:00",DL,12,157,-17.0,-5.0,-0.99,25.79,89.13,338.0
"2025-04-06 00:00:00",DL,19,157,-11.0,1.99,63.44,117.93,198.37,859.0
"2025-04-06 00:00:00",DL,8,181,-20.0,-7.03,-5.0,-0.99,5.99,99.0
"2025-04-06 00:00:00",WN,19,242,-10.0,-0.99,10.07,34.82,67.36,246.0
"2025-04-06 00:00:00",WN,18,230,-14.0,0.0,10.91,36.24,79.05,343.0
"2025-04-06 00:00:00",WN,16,236,-13.0,0.99,10.07,34.82,82.28,291.0
"2025-04-06 00:00:00",UA,18,144,-11.0,-5.0,0.0,13.87,41.68,224.0
"2025-04-06 00:00:00",DL,18,148,-13.0,-0.99,36.24,120.31,175.94,438.0
"2025-04-07 00:00:00",UA,10,133,-12.0,-5.99,-2.97,1.99,16.95,130.0
"2025-04-07 00:00:00",WN,19,219,-12.0,-5.0,-1.99,13.07,39.25,175.0
"2025-04-07 00:00:00",AA,0,9,-10.0,-5.99,-5.0,0.99,4.01,63.0
"2025-04-07 00:00:00",DL,8,174,-15.0,-4.01,0.0,19.11,58.56,653.0
"2025-04-07 00:00:00",DL,10,155,-14.0,-2.97,12.06,44.26,74.45,327.0
"2025-04-07 00:00:00",AA,10,157,-10.0,-5.0,-0.99,8.94,36.24,115.0
"2025-04-07 00:00:00",UA,8,164,-14.0,-7.03,-5.0,-1.99,2.97,127.0
"2025-04-07 00:00:00",DL,9,133,-11.0,-4.01,5.99,34.13,74.45,242.0
"2025-04-07 00:00:00",UA,0,8,-14.0,-10.07,-7.03,-5.0,-1.99,-1.0
"2025-04-07 00:00:00",DL,7,238,-17.0,-5.99,-1.99,8.94,44.26,640.0
"2025-04-07 00:00:00",DL,12,164,-19.0,-1.99,10.91,34.13,104.6,677.0
"2025-04-07 00:00:00",WN,16,238,-14.0,-2.97,0.0,13.87,36.97,237.0
"2025-04-07 00:00:00",DL,19,168,-17.0,-0.99,16.95,50.91,96.55,208.0
"2025-04-07 00:00:00",WN,11,235,-12.0,-2.97,0.0,8.94,29.08,311.0
"2025-04-07 00:00:00",UA,12,121,-15.0,-5.0,-2.97,5.0,21.98,206.0
"2025-04-07 00:00:00",WN,18,247,-14.0,-4.01,0.0,10.91,26.84,208.0
"2025-04-07 00:00:00",UA,18,138,-16.0,-5.0,-0.99,16.95,59.75,198.0
"2025-04-07 00:00:00",DL,18,166,-22.0,-1.99,15.03,60.95,96.55,364.0
"2025-04-07 00:00:00",AA,12,149,-14.0,-5.0,-0.99,17.99,40.05,236.0
"2025-04-07 00:00:00",UA,21,54,-13.0,-7.92,-2.97,0.99,44.26,90.0
"2025-04-07 00:00:00",AA,22,115,-12.0,-5.0,1.99,24.78,66.03,1427.0
"2025-04-07 00:00:00",UA,23,34,-14.0,-10.07,-7.92,-4.01,7.92,36.0
"2025-04-08 00:00:00",DL,18,154,-18.0,-7.03,-0.99,16.95,74.45,330.0
"2025-04-08 00:00:00",WN,16,226,-10.0,-5.0,-1.99,2.97,19.89,287.0
"2025-04-08 00:00:00",UA,8,161,-16.0,-7.92,-5.99,-1.99,1.99,243.0
"2025-04-08 00:00:00",UA,18,120,-15.0,-7.92,-4.01,1.99,49.9,272.0
"2025-04-08 00:00:00",DL,19,132,-23.0,-5.99,1.99,55.15,135.65,352.0
"2025-04-08 00:00:00",WN,18,253,-14.0,-5.99,-2.97,2.97,22.88,237.0
"2025-04-08 00:00:00",DL,9,132,-16.0,-7.03,-5.0,-0.99,4.01,70.0
"2025-04-08 00:00:00",UA,10,130,-12.0,-7.03,-5.99,-2.97,0.0,199.0
"2025-04-08 00:00:00",UA,12,118,-15.0,-7.03,-5.99,-1.99,7.03,69.0
"2025-04-08 00:00:00",AA,10,151,-14.0,-5.99,-2.97,4.01,37.72,819.0
"2025-04-08 00:00:00",DL,12,162,-19.0,-5.99,-2.97,2.97,26.84,315.0
"2025-04-08 00:00:00",WN,11,224,-13.0,-5.0,-1.99,2.97,15.03,313.0
"2025-04-08 00:00:00",AA,12,141,-13.0,-5.99,-1.99,10.91,51.94,1242.0
"2025-04-08 00:00:00",DL,10,152,-17.0,-7.92,-5.0,0.0,12.06,142.0
"2025-04-08 00:00:00",UA,21,39,-15.0,-10.07,-5.99,-0.99,15.96,97.0
"2025-04-08 00:00:00",WN,19,246,-18.0,-7.03,-2.97,2.97,17.99,170.0
"2025-04-08 00:00:00",DL,8,172,-16.0,-7.03,-5.0,-0.99,7.92,590.0
"2025-04-08 00:00:00",UA,23,32,-19.0,-10.07,-7.92,-5.99,-1.99,41.0
"2025-04-08 00:00:00",AA,0,9,-14.0,-10.91,-7.92,-2.97,21.12,39.0
"2025-04-08 00:00:00",DL,7,245,-19.0,-7.92,-5.0,0.0,13.87,123.0
"2025-04-08 00:00:00",UA,0,8,-10.0,-10.0,-4.01,-2.97,2.97,6.0
"2025-04-08 00:00:00",AA,22,100,-19.0,-7.03,-4.01,5.99,34.13,434.0
