"2025-01-21 00:00:00",UA,11,100,-14.0,-5.0,-1.99,4.01,15.96,148.0
"2025-01-21 00:00:00",DL,1,2,11.0,11.0,11.0,11.0,11.0,105.0
"2025-01-21 00:00:00",AA,17,142,-14.0,-5.99,-1.99,7.03,25.79,1185.0
"2025-01-21 00:00:00",AA,11,140,-13.0,-4.01,-1.99,5.0,22.88,1454.0
"2025-01-21 00:00:00",UA,9,108,-11.0,-5.99,-1.99,2.97,15.96,218.0
"2025-01-21 00:00:00",UA,14,85,-12.0,-5.99,-1.99,7.03,17.99,103.0
"2025-01-21 00:00:00",UA,1,1,6.0,6.0,6.0,6.0,6.0,6.0
"2025-01-21 00:00:00",WN,13,219,-14.0,-4.01,0.0,8.94,34.13,181.0
"2025-01-21 00:00:00",AA,18,126,-13.0,-5.99,-0.99,19.11,50.91,1353.0
"2025-01-21 00:00:00",WN,20,140,-10.0,-4.01,0.99,19.89,46.07,211.0
"2025-01-21 00:00:00",UA,22,18,-10.0,-5.99,-2.97,5.0,19.89,31.0
"2025-01-21 00:00:00",AA,23,19,-10.0,-7.03,-2.97,13.07,39.25,66.0
"2025-01-21 00:00:00",AA,7,152,-13.0,-5.99,-2.97,0.0,10.91,275.0
"2025-01-21 00:00:00",UA,5,16,-11.0,-10.07,-7.92,-5.0,0.0,5.0
"2025-01-21 00:00:00",DL,14,112,-10.0,-5.0,0.0,13.87,37.72,207.0
"2025-01-21 00:00:00",DL,5,61,-15.0,-10.07,-7.03,0.0,26.84,247.0
"2025-01-21 00:00:00",AA,13,121,-13.0,-5.0,-1.99,4.01,27.94,1206.0
"2025-01-21 00:00:00",UA,19,82,-21.0,-4.01,0.0,8.94,27.94,163.0
"2025-01-21 00:00:00",AA,8,180,-14.0,-5.0,-1.99,1.99,17.99,157.0
"2025-01-21 00:00:00",WN,15,214,-11.0,-5.0,-0.99,10.91,25.79,249.0
"2025-01-21 00:00:00",WN,8,216,-11.0,-4.01,-0.99,5.99,27.94,205.0
"2025-01-21 00:00:00",UA,15,68,-12.0,-7.03,-1.99,10.91,30.88,135.0
"2025-01-22 00:00:00",DL,5,58,-19.0,-7.03,-4.01,0.99,89.13,407.0
"2025-01-22 00:00:00",WN,15,217,-13.0,-5.0,-1.99,5.99,15.96,71.0
"2025-01-22 00:00:00",AA,13,119,-13.0,-5.99,-1.99,4.01,34.13,330.0
"2025-01-22 00:00:00",UA,15,80,-15.0,-5.99,-0.99,5.0,15.96,169.0
"2025-01-22 00:00:00",DL,1,2,-7.0,-7.0,-7.0,-7.0,-7.0,73.0
"2025-01-22 00:00:00",DL,14,100,-15.0,-4.01,13.87,89.13,165.69,286.0
"2025-01-22 00:00:00",AA,17,150,-20.0,-7.03,-4.01,4.01,27.94,223.0
"2025-01-22 00:00:00",AA,18,133,-22.0,-5.0,-1.99,5.99,32.79,197.0
"2025-01-22 00:00:00",UA,19,96,-18.0,-5.99,-0.99,10.07,15.96,253.0
"2025-01-22 00:00:00",AA,7,146,-13.0,-5.99,-4.01,0.99,37.72,277.0
"2025-01-22 00:00:00",WN,20,161,-15.0,-5.99,-2.97,0.99,8.94,60.0
"2025-01-22 00:00:00",UA,22,25,-12.0,-7.92,-5.99,-2.97,-1.99,62.0
"2025-01-22 00:00:00",AA,23,19,-12.0,-8.94,-5.0,-0.99,7.92,16.0
"2025-01-22 00:00:00",AA,8,179,-13.0,-7.03,-4.01,0.0,32.14,364.0
"2025-01-22 00:00:00",UA,9,127,-16.0,-5.0,-1.99,19.11,100.49,402.0
"2025-01-22 00:00:00",WN,8,210,-11.0,-5.0,-2.97,0.0,10.07,143.0
"2025-01-22 00:00:00",AA,11,133,-15.0,-5.0,-2.97,2.97,21.12,223.0
"2025-01-22 00:00:00",UA,14,105,-20.0,-5.99,-0.99,13.07,57.4,201.0
"2025-01-22 00:00:00",UA,5,21,-11.0,-7.03,-5.0,-0.99,1.99,129.0
"2025-01-22 00:00:00",UA,1,1,1.0,1.0,1.0,1.0,1.0,1.0
"2025-01-22 00:00:00",WN,13,230,-13.0,-5.0,-1.99,2.97,15.96,122.0
"2025-01-22 00:00:00",UA,11,103,-12.0,-4.01,-1.99,4.01,16.95,209.0
"2025-01-23 00:00:00",UA,19,103,-17.0,-5.99,-1.99,5.0,16.95,158.0
"2025-01-23 00:00:00",AA,23,25,-11.0,-5.0,-2.97,-0.99,0.99,10.0
"2025-01-23 00:00:00",UA,1,1,17.0,17.0,17.0,17.0,17.0,17.0
"2025-01-23 00:00:00",AA,11,155,-18.0,-7.03,-2.97,0.0,15.96,374.0
"2025-01-23 00:00:00",UA,22,24,-12.0,-7.92,-5.99,-0.99,5.0,38.0
"2025-01-23 00:00:00",WN,20,167,-12.0,-4.01,1.99,19.89,45.15,215.0
"2025-01-23 00:00:00",DL,1,2,-14.0,-13.87,-13.87,-13.87,-13.87,-5.0
"2025-01-23 00:00:00",UA,5,24,-11.0,-8.94,-5.0,-2.97,-2.97,-1.0
"2025-01-23 00:00:00",DL,5,65,-12.0,-8.94,-5.0,-0.99,34.82,139.0
"2025-01-23 00:00:00",AA,7,200,-16.0,-7.92,-5.0,-1.99,4.01,893.0
"2025-01-23 00:00:00",AA,8,189,-18.0,-5.99,-4.01,-0.99,21.12,2214.0
"2025-01-23 00:00:00",UA,11,115,-12.0,-5.99,-1.99,2.97,16.95,167.0
"2025-01-23 00:00:00",AA,18,164,-14.0,-4.01,0.0,23.81,50.91,918.0
"2025-01-23 00:00:00",WN,8,233,-12.0,-5.99,-2.97,0.0,7.92,150.0
"2025-01-23 00:00:00",UA,15,92,-19.0,-7.03,-4.01,0.99,13.87,179.0
"2025-01-23 00:00:00",WN,15,230,-14.0,-4.01,-0.99,15.96,71.53,332.0
"2025-01-23 00:00:00",AA,17,154,-12.0,-4.01,0.0,24.78,82.28,274.0
"2025-01-23 00:00:00",UA,14,115,-17.0,-7.03,-2.97,0.99,21.12,165.0
"2025-01-23 00:00:00",DL,14,133,-13.0,-4.01,0.0,19.11,48.91,268.0
"2025-01-23 00:00:00",UA,9,151,-19.0,-5.0,-2.97,2.97,19.11,468.0
"2025-01-23 00:00:00",WN,13,234,-12.0,-5.0,-1.99,5.0,27.94,296.0
"2025-01-23 00:00:00",AA,13,137,-15.0,-5.99,-1.99,10.07,40.05,1019.0
"2025-01-24 00:00:00",UA,19,102,-19.0,-5.99,-2.97,1.99,21.12,142.0
"2025-01-24 00:00:00",AA,23,21,-12.0,-5.0,-0.99,2.97,15.03,31.0
"2025-01-24 00:00:00",UA,1,1,-3.0,-3.0,-3.0,-3.0,-3.0,-3.0
"2025-01-24 00:00:00",UA,5,23,-10.0,-8.94,-5.99,-2.97,-1.99,15.0
"2025-01-24 00:00:00",UA,14,118,-13.0,-7.03,-2.97,0.99,17.99,190.0
"2025-01-24 00:00:00",DL,1,2,-2.0,-1.99,-1.99,-1.99,-1.99,82.0
"2025-01-24 00:00:00",AA,13,134,-11.0,-5.99,-1.99,13.87,52.99,462.0
"2025-01-24 00:00:00",WN,20,167,-12.0,-5.0,-0.99,5.0,10.91,104.0
"2025-01-24 00:00:00",AA,8,190,-15.0,-5.0,-2.97,0.99,27.94,847.0
"2025-01-24 00:00:00",DL,5,67,-16.0,-10.07,-5.0,-1.99,2.97,221.0
"2025-01-24 00:00:00",UA,22,25,-11.0,-7.92,-5.99,-1.99,1.99,70.0
"2025-01-24 00:00:00",AA,7,208,-13.0,-7.03,-4.01,-0.99,5.99,739.0
"2025-01-24 00:00:00",WN,13,242,-14.0,-5.0,-1.99,4.01,13.07,157.0
"2025-01-24 00:00:00",AA,18,146,-13.0,-5.0,-2.97,10.07,40.86,204.0
"2025-01-24 00:00:00",UA,15,92,-13.0,-7.03,-4.01,0.0,17.99,322.0
"2025-01-24 00:00:00",WN,8,246,-14.0,-4.01,-1.99,0.99,8.94,117.0
"2025-01-24 00:00:00",AA,17,155,-16.0,-7.03,-2.97,12.06,36.24,186.0
"2025-01-24 00:00:00",WN,15,231,-14.0,-5.0,-1.99,4.01,19.89,116.0
"2025-01-24 00:00:00",DL,14,138,-16.0,-5.99,0.0,13.87,52.99,167.0
"2025-01-24 00:00:00",AA,11,159,-11.0,-5.0,-1.99,8.94,43.38,210.0
"2025-01-24 00:00:00",UA,11,118,-16.0,-7.03,-2.97,0.0,8.94,154.0
"2025-01-24 00:00:00",UA,9,156,-23.0,-7.03,-4.01,2.97,25.79,775.0
"2025-01-25 00:00:00",AA,18,138,-18.0,-5.99,-2.97,1.99,19.89,647.0
"2025-01-25 00:00:00",UA,1,1,14.0,14.0,14.0,14.0,14.0,14.0
"2025-01-25 00:00:00",DL,1,2,35.0,35.0,35.0,35.0,35.0,50.0
"2025-01-25 00:00:00",UA,5,25,-10.0,-7.03,-5.0,-1.99,10.07,35.0
"2025-01-25 00:00:00",DL,5,58,-14.0,-7.92,-5.99,-1.99,8.94,446.0
"2025-01-25 00:00:00",AA,7,155,-17.0,-7.03,-5.0,-1.99,4.01,139.0
"2025-01-25 00:00:00",WN,8,235,-13.0,-5.99,-2.97,0.0,5.99,136.0
"2025-01-25 00:00:00",AA,8,177,-15.0,-7.03,-4.01,0.0,10.91,216.0
"2025-01-25 00:00:00",UA,9,132,-15.0,-5.0,-0.99,8.94,46.07,199.0
"2025-01-25 00:00:00",AA,11,134,-12.0,-5.99,-4.01,0.99,22.88,203.0
"2025-01-25 00:00:00",UA,11,107,-18.0,-5.99,0.0,24.78,98.5,483.0
"2025-01-25 00:00:00",AA,13,112,-12.0,-7.03,-4.01,1.99,19.11,186.0
"2025-01-25 00:00:00",WN,13,201,-11.0,-5.0,-0.99,10.07,44.26,206.0
"2025-01-25 00:00:00",DL,14,116,-18.0,-7.03,-5.0,5.0,22.88,139.0
"2025-01-25 00:00:00",UA,14,107,-12.0,-7.03,-0.99,10.91,54.06,281.0
"2025-01-25 00:00:00",WN,20,36,-10.0,-7.03,-5.0,-1.99,7.03,56.0
"2025-01-25 00:00:00",WN,15,179,-14.0,-5.0,0.0,10.07,30.88,129.0
"2025-01-25 00:00:00",UA,15,76,-14.0,-7.03,-1.99,16.95,63.44,150.0
"2025-01-25 00:00:00",AA,17,141,-19.0,-7.92,-5.0,5.0,29.08,305.0
"2025-01-25 00:00:00",UA,22,22,-18.0,-7.92,-7.03,-4.01,4.01,57.0
"2025-01-25 00:00:00",UA,19,81,-14.0,-7.03,0.99,12.06,21.12,64.0
"2025-01-25 00:00:00",AA,23,20,-9.0,-2.97,4.01,16.95,56.27,68.0
"2025-01-26 00:00:00",UA,9,146,-11.0,-5.99,-2.97,2.97,16.95,207.0
"2025-01-26 00:00:00",UA,15,92,-16.0,-7.03,-2.97,4.01,12.06,157.0
"2025-01-26 00:00:00",AA,18,163,-20.0,-5.99,-1.99,7.92,34.82,469.0
"2025-01-26 00:00:00",AA,23,27,-17.0,-7.03,-1.99,7.92,23.81,56.0
"2025-01-26 00:00:00",DL,1,2,-14.0,-13.87,-13.87,-13.87,-13.87,-9.0
"2025-01-26 00:00:00",UA,1,1,-10.0,-10.0,-10.0,-10.0,-10.0,-10.0
"2025-01-26 00:00:00",DL,14,135,-13.0,-7.03,-4.01,0.0,13.07,482.0
"2025-01-26 00:00:00",AA,11,156,-13.0,-5.0,-2.97,1.99,15.03,524.0
"2025-01-26 00:00:00",UA,14,113,-16.0,-5.99,-2.97,0.0,10.91,143.0
"2025-01-26 00:00:00",UA,22,25,-11.0,-7.92,-4.01,5.0,13.87,332.0
"2025-01-26 00:00:00",WN,13,245,-12.0,-4.01,-0.99,8.94,32.79,163.0
"2025-01-26 00:00:00",UA,11,116,-11.0,-5.99,-0.99,5.99,13.07,208.0
"2025-01-26 00:00:00",UA,19,105,-16.0,-5.99,-2.97,4.01,10.91,56.0
"2025-01-26 00:00:00",AA,13,140,-11.0,-5.0,-1.99,5.99,23.81,409.0
"2025-01-26 00:00:00",WN,20,180,-15.0,-5.99,-1.99,2.97,23.81,124.0
"2025-01-26 00:00:00",AA,17,159,-13.0,-5.0,-0.99,5.99,34.82,874.0
"2025-01-26 00:00:00",WN,8,270,-14.0,-5.99,-4.01,-0.99,4.01,271.0
"2025-01-26 00:00:00",AA,7,178,-14.0,-7.92,-5.0,-1.99,7.03,82.0
"2025-01-26 00:00:00",AA,8,191,-12.0,-5.99,-4.01,-0.99,19.11,860.0
"2025-01-26 00:00:00",DL,5,68,-22.0,-10.91,-7.03,-4.01,0.0,87.0
"2025-01-26 00:00:00",WN,15,228,-13.0,-4.01,0.0,10.07,23.81,118.0
"2025-01-26 00:00:00",UA,5,25,-13.0,-7.92,-5.0,-2.97,8.94,39.0
"2025-01-27 00:00:00",UA,22,23,-14.0,-10.07,-7.92,-5.0,-1.99,12.0
"2025-01-27 00:00:00",AA,23,21,-15.0,-10.07,-7.03,-0.99,17.99,60.0
"2025-01-27 00:00:00",AA,7,207,-13.0,-5.99,-4.01,-0.99,5.0,990.0
"2025-01-27 00:00:00",WN,13,242,-15.0,-5.0,-2.97,0.99,12.06,121.0
"2025-01-27 00:00:00",AA,8,191,-12.0,-7.03,-4.01,-0.99,16.95,464.0
"2025-01-27 00:00:00",AA,11,159,-14.0,-5.0,-1.99,5.99,32.79,1782.0
"2025-01-27 00:00:00",UA,11,120,-15.0,-7.03,-4.01,-0.99,5.99,113.0
"2025-01-27 00:00:00",UA,9,156,-16.0,-7.03,-4.01,0.0,10.07,279.0
"2025-01-27 00:00:00",WN,8,246,-13.0,-5.0,-2.97,0.0,7.03,123.0
"2025-01-27 00:00:00",DL,5,68,-15.0,-8.94,-4.01,-0.99,5.0,154.0
"2025-01-27 00:00:00",AA,13,133,-12.0,-5.0,-1.99,7.92,30.27,272.0
"2025-01-27 00:00:00",DL,1,2,-15.0,-15.0,-15.0,-15.0,-15.0,2.0
"2025-01-27 00:00:00",UA,5,25,-11.0,-7.92,-5.99,-5.0,-2.97,2.0
"2025-01-27 00:00:00",AA,17,156,-19.0,-7.92,-4.01,0.99,19.11,226.0
"2025-01-27 00:00:00",UA,1,1,-15.0,-15.0,-15.0,-15.0,-15.0,-15.0
"2025-01-27 00:00:00",AA,18,144,-19.0,-5.99,-2.97,4.01,30.88,769.0
"2025-01-27 00:00:00",UA,14,115,-16.0,-7.92,-5.99,-0.99,10.91,167.0
"2025-01-27 00:00:00",UA,15,93,-20.0,-7.92,-5.99,-2.97,5.99,318.0
"2025-01-27 00:00:00",WN,15,230,-15.0,-7.03,-2.97,0.0,8.94,104.0
"2025-01-27 00:00:00",UA,19,104,-17.0,-8.94,-5.99,-0.99,7.92,105.0
"2025-01-27 00:00:00",DL,14,133,-16.0,-5.99,-4.01,0.99,10.07,108.0
"2025-01-27 00:00:00",WN,20,166,-15.0,-5.99,-4.01,1.99,15.03,89.0
