"2025-03-09 00:00:00",WN,11,220,-11.0,-2.97,0.99,13.87,37.72,169.0
"2025-03-09 00:00:00",UA,10,123,-11.0,-7.03,-4.01,0.0,17.99,291.0
"2025-03-09 00:00:00",AA,12,146,-11.0,-4.01,0.0,10.07,40.05,348.0
"2025-03-09 00:00:00",UA,21,65,-19.0,-5.99,-2.97,1.99,23.81,150.0
"2025-03-09 00:00:00",DL,12,163,-18.0,-5.0,-1.99,7.92,27.94,99.0
"2025-03-09 00:00:00",WN,16,234,-12.0,-0.99,5.0,19.11,39.25,227.0
"2025-03-09 00:00:00",UA,23,45,-13.0,-10.07,-5.0,-1.99,1.99,50.0
"2025-03-09 00:00:00",AA,22,105,-14.0,-5.0,0.0,13.07,39.25,164.0
"2025-03-09 00:00:00",DL,10,160,-20.0,-7.03,-2.97,0.0,21.98,266.0
"2025-03-09 00:00:00",UA,8,169,-13.0,-7.03,-5.0,-0.99,10.07,90.0
"2025-03-09 00:00:00",WN,18,228,-12.0,-0.99,8.94,22.88,56.27,218.0
"2025-03-09 00:00:00",DL,19,170,-14.0,-4.01,8.94,32.14,63.44,262.0
"2025-03-09 00:00:00",WN,19,244,-15.0,-1.99,4.01,19.89,36.97,215.0
"2025-03-09 00:00:00",UA,18,149,-12.0,-5.0,-1.99,7.92,27.94,149.0
"2025-03-09 00:00:00",DL,9,132,-16.0,-5.99,-2.97,0.99,15.03,236.0
"2025-03-09 00:00:00",DL,18,166,-13.0,-5.0,0.0,13.87,48.91,360.0
"2025-03-09 00:00:00",AA,10,140,-13.0,-5.0,-0.99,7.92,30.27,210.0
"2025-03-09 00:00:00",UA,12,120,-15.0,-5.99,-2.97,1.99,27.94,240.0
"2025-03-09 00:00:00",DL,8,184,-13.0,-5.99,-4.01,-0.99,12.06,696.0
"2025-03-09 00:00:00",DL,7,238,-16.0,-7.03,-5.0,0.0,8.94,120.0
"2025-03-09 00:00:00",AA,0,11,-10.0,-7.03,-1.99,-1.99,1.99,37.0
"2025-03-09 00:00:00",UA,0,9,-10.0,-7.92,-7.92,-2.97,-1.99,2.0
"2025-03-10 00:00:00",WN,19,220,-14.0,-5.99,-2.97,2.97,19.89,148.0
"2025-03-10 00:00:00",DL,12,168,-17.0,-5.0,-1.99,10.91,34.82,132.0
"2025-03-10 00:00:00",UA,12,130,-14.0,-5.99,-4.01,0.0,13.87,122.0
"2025-03-10 00:00:00",WN,16,233,-13.0,-4.01,0.0,10.07,32.79,101.0
"2025-03-10 00:00:00",WN,18,248,-15.0,-5.99,-1.99,7.92,34.13,165.0
"2025-03-10 00:00:00",UA,18,152,-19.0,-7.03,-5.0,0.0,13.87,182.0
"2025-03-10 00:00:00",DL,19,164,-24.0,-7.03,-0.99,21.98,67.36,173.0
"2025-03-10 00:00:00",UA,21,57,-17.0,-8.94,-5.99,-2.97,2.97,37.0
"2025-03-10 00:00:00",UA,0,8,-8.0,-7.92,-5.99,1.99,1.99,51.0
"2025-03-10 00:00:00",AA,0,12,-14.0,-10.91,-8.94,-7.03,-5.99,-5.0
"2025-03-10 00:00:00",AA,22,101,-14.0,-7.92,-4.01,8.94,54.06,479.0
"2025-03-10 00:00:00",UA,23,38,-24.0,-13.87,-7.92,-2.97,4.01,435.0
"2025-03-10 00:00:00",AA,12,144,-13.0,-5.0,-1.99,10.07,40.05,246.0
"2025-03-10 00:00:00",UA,8,172,-13.0,-7.03,-5.0,-1.99,5.0,183.0
"2025-03-10 00:00:00",DL,9,134,-14.0,-5.0,-2.97,0.99,15.96,87.0
"2025-03-10 00:00:00",DL,18,171,-32.0,-7.03,-0.99,21.12,54.06,196.0
"2025-03-10 00:00:00",DL,8,183,-14.0,-5.99,-2.97,0.99,15.03,185.0
"2025-03-10 00:00:00",AA,10,140,-11.0,-5.99,-1.99,7.03,37.72,645.0
"2025-03-10 00:00:00",WN,11,235,-11.0,-4.01,-0.99,5.99,21.12,100.0
"2025-03-10 00:00:00",DL,7,245,-15.0,-7.03,-4.01,0.0,13.07,636.0
"2025-03-10 00:00:00",DL,10,161,-19.0,-5.99,-2.97,8.94,32.79,161.0
"2025-03-10 00:00:00",UA,10,127,-14.0,-7.92,-4.01,0.99,21.98,140.0
"2025-03-11 00:00:00",AA,22,102,-15.0,-7.92,-5.99,-1.99,17.99,384.0
"2025-03-11 00:00:00",UA,8,170,-16.0,-8.94,-7.03,-4.01,0.99,107.0
"2025-03-11 00:00:00",WN,18,218,-14.0,-5.99,-4.01,0.0,7.92,170.0
"2025-03-11 00:00:00",UA,23,34,-18.0,-10.07,-7.92,-5.99,-2.97,8.0
"2025-03-11 00:00:00",DL,8,177,-15.0,-7.92,-5.99,-1.99,0.99,230.0
"2025-03-11 00:00:00",AA,0,9,-18.0,-10.91,-10.07,-7.03,-5.0,-4.0
"2025-03-11 00:00:00",DL,7,244,-17.0,-8.94,-5.99,-1.99,1.99,169.0
"2025-03-11 00:00:00",UA,0,6,-15.0,-8.94,-5.99,-2.97,-1.99,12.0
"2025-03-11 00:00:00",DL,10,158,-20.0,-7.92,-5.99,-2.97,8.94,167.0
"2025-03-11 00:00:00",DL,18,153,-20.0,-7.92,-4.01,0.0,21.12,128.0
"2025-03-11 00:00:00",UA,10,129,-15.0,-7.92,-5.99,-2.97,5.0,66.0
"2025-03-11 00:00:00",WN,19,277,-20.0,-7.03,-5.0,0.0,12.06,233.0
"2025-03-11 00:00:00",DL,19,129,-18.0,-10.07,-5.99,0.0,24.78,767.0
"2025-03-11 00:00:00",UA,21,42,-16.0,-8.94,-5.99,-2.97,7.03,127.0
"2025-03-11 00:00:00",DL,9,132,-18.0,-7.03,-5.0,-0.99,5.99,128.0
"2025-03-11 00:00:00",WN,11,223,-11.0,-5.0,-1.99,2.97,15.96,242.0
"2025-03-11 00:00:00",UA,18,134,-19.0,-7.03,-5.0,0.0,8.94,292.0
"2025-03-11 00:00:00",AA,10,139,-13.0,-7.03,-4.01,-0.99,13.07,219.0
"2025-03-11 00:00:00",WN,16,238,-13.0,-5.99,-2.97,1.99,17.99,180.0
"2025-03-11 00:00:00",UA,12,126,-17.0,-7.92,-5.99,-1.99,5.99,55.0
"2025-03-11 00:00:00",AA,12,143,-14.0,-7.03,-4.01,0.0,10.91,76.0
"2025-03-11 00:00:00",DL,12,166,-16.0,-7.92,-5.0,-0.99,13.87,161.0
"2025-03-12 00:00:00",WN,18,217,-14.0,-4.01,-0.99,5.99,21.98,156.0
"2025-03-12 00:00:00",AA,22,102,-13.0,-5.99,-2.97,1.99,21.98,386.0
"2025-03-12 00:00:00",UA,0,4,-13.0,-13.0,-10.07,-8.94,-8.94,4.0
"2025-03-12 00:00:00",DL,10,158,-20.0,-7.03,-5.0,-1.99,4.01,130.0
"2025-03-12 00:00:00",WN,16,239,-13.0,-5.0,-1.99,7.92,25.79,160.0
"2025-03-12 00:00:00",DL,18,155,-16.0,-7.03,-4.01,1.99,34.82,137.0
"2025-03-12 00:00:00",UA,18,147,-16.0,-5.99,-2.97,7.03,34.82,376.0
"2025-03-12 00:00:00",UA,10,125,-23.0,-7.03,-2.97,4.01,36.97,96.0
"2025-03-12 00:00:00",DL,12,166,-17.0,-7.92,-5.0,-0.99,12.06,300.0
"2025-03-12 00:00:00",UA,12,122,-14.0,-7.03,-4.01,1.99,25.79,299.0
"2025-03-12 00:00:00",WN,11,225,-12.0,-5.0,-2.97,0.99,10.07,111.0
"2025-03-12 00:00:00",AA,12,141,-11.0,-5.0,-1.99,1.99,30.27,348.0
"2025-03-12 00:00:00",DL,8,178,-13.0,-7.92,-5.99,-2.97,0.0,81.0
"2025-03-12 00:00:00",UA,8,170,-14.0,-7.92,-5.99,-2.97,5.99,251.0
"2025-03-12 00:00:00",AA,10,138,-14.0,-5.99,-4.01,0.0,10.91,246.0
"2025-03-12 00:00:00",DL,9,132,-17.0,-7.03,-4.01,0.0,10.91,136.0
"2025-03-12 00:00:00",AA,0,9,-9.0,-7.03,-5.99,-5.99,-5.0,-5.0
"2025-03-12 00:00:00",DL,7,244,-17.0,-7.92,-5.99,-0.99,1.99,99.0
"2025-03-12 00:00:00",WN,19,279,-14.0,-5.99,-1.99,7.03,22.88,106.0
"2025-03-12 00:00:00",DL,19,134,-19.0,-7.92,-2.97,5.99,21.12,339.0
"2025-03-12 00:00:00",UA,21,57,-14.0,-7.03,-2.97,5.99,15.96,145.0
"2025-03-12 00:00:00",UA,23,44,-14.0,-7.92,-5.0,5.99,13.07,51.0
"2025-03-13 00:00:00",DL,10,162,-15.0,-7.03,-4.01,-0.99,5.0,197.0
"2025-03-13 00:00:00",DL,18,172,-18.0,-5.99,-0.99,19.11,44.26,213.0
"2025-03-13 00:00:00",AA,10,141,-11.0,-5.0,-2.97,1.99,24.78,339.0
"2025-03-13 00:00:00",DL,12,167,-16.0,-7.03,-2.97,0.99,27.94,218.0
"2025-03-13 00:00:00",WN,11,232,-10.0,-4.01,-0.99,7.03,34.82,159.0
"2025-03-13 00:00:00",UA,0,6,-9.0,-7.03,-0.99,4.01,7.92,14.0
"2025-03-13 00:00:00",WN,16,231,-12.0,-2.97,5.0,27.94,64.72,195.0
"2025-03-13 00:00:00",UA,10,127,-15.0,-7.03,-4.01,-0.99,24.78,350.0
"2025-03-13 00:00:00",UA,8,172,-15.0,-7.03,-4.01,-0.99,5.99,227.0
"2025-03-13 00:00:00",DL,8,181,-16.0,-7.03,-5.0,-0.99,10.07,514.0
"2025-03-13 00:00:00",AA,0,9,-8.0,-5.99,-5.0,-4.01,-1.99,6.0
"2025-03-13 00:00:00",UA,23,45,-13.0,-7.03,-2.97,2.97,10.91,87.0
"2025-03-13 00:00:00",UA,21,63,-14.0,-5.99,-1.99,7.03,25.79,87.0
"2025-03-13 00:00:00",UA,12,126,-13.0,-7.03,-4.01,-0.99,16.95,211.0
"2025-03-13 00:00:00",DL,9,133,-16.0,-5.99,-2.97,0.0,10.07,464.0
"2025-03-13 00:00:00",AA,12,145,-19.0,-5.0,-1.99,4.01,36.24,415.0
"2025-03-13 00:00:00",UA,18,153,-20.0,-5.0,-1.99,4.01,32.14,134.0
"2025-03-13 00:00:00",WN,18,248,-10.0,-1.99,7.92,43.38,85.64,252.0
"2025-03-13 00:00:00",DL,19,167,-18.0,-7.03,-1.99,5.0,36.97,201.0
"2025-03-13 00:00:00",WN,19,220,-9.0,-0.99,10.07,34.13,70.11,222.0
"2025-03-13 00:00:00",AA,22,103,-10.0,-5.0,-2.97,5.99,21.12,666.0
"2025-03-13 00:00:00",DL,7,247,-16.0,-7.03,-4.01,-0.99,5.0,228.0
