"2025-04-15 00:00:00",WN,10,255,-13.0,-5.99,-2.97,0.0,7.03,180.0
"2025-04-15 00:00:00",UA,7,190,-15.0,-8.94,-5.99,-2.97,0.99,129.0
"2025-04-15 00:00:00",WN,22,7,-14.0,-10.91,-7.92,-4.01,-0.99,0.0
"2025-04-15 00:00:00",DL,20,96,-20.0,-7.03,-5.0,-0.99,34.13,667.0
"2025-04-15 00:00:00",UA,20,76,-16.0,-7.03,-4.01,15.03,34.13,78.0
"2025-04-15 00:00:00",DL,22,106,-13.0,-7.92,-5.0,-1.99,7.03,105.0
"2025-04-15 00:00:00",WN,23,6,-10.0,-8.94,-5.99,-4.01,0.0,17.0
"2025-04-15 00:00:00",DL,17,176,-27.0,-8.94,-5.99,0.0,17.99,159.0
"2025-04-15 00:00:00",AA,15,138,-15.0,-7.03,-2.97,7.03,34.82,169.0
"2025-04-15 00:00:00",UA,6,126,-15.0,-8.94,-5.99,-4.01,0.0,72.0
"2025-04-15 00:00:00",WN,12,218,-14.0,-5.99,-2.97,0.99,8.94,239.0
"2025-04-15 00:00:00",WN,5,91,-10.0,-5.99,-5.0,-2.97,-1.99,148.0
"2025-04-15 00:00:00",AA,14,143,-15.0,-7.03,-2.97,0.99,21.98,207.0
"2025-04-15 00:00:00",DL,0,8,-23.0,-15.96,-10.91,10.91,16.95,64.0
"2025-04-15 00:00:00",WN,14,220,-10.0,-5.99,-2.97,1.99,19.11,222.0
"2025-04-15 00:00:00",WN,6,292,-15.0,-5.99,-5.0,-1.99,0.0,222.0
"2025-04-15 00:00:00",UA,17,128,-13.0,-7.92,-4.01,7.03,27.94,167.0
"2025-04-15 00:00:00",WN,7,230,-13.0,-5.99,-4.01,-1.99,0.0,97.0
"2025-04-15 00:00:00",AA,16,142,-15.0,-5.99,-2.97,0.99,21.12,366.0
"2025-04-16 00:00:00",DL,0,4,-11.0,-10.91,-10.07,-10.07,-10.07,95.0
"2025-04-16 00:00:00",AA,16,151,-12.0,-5.99,-2.97,2.97,55.15,371.0
"2025-04-16 00:00:00",WN,5,91,-11.0,-5.0,-4.01,-1.99,0.0,46.0
"2025-04-16 00:00:00",UA,6,127,-16.0,-8.94,-7.03,-4.01,-0.99,221.0
"2025-04-16 00:00:00",WN,6,292,-12.0,-5.99,-4.01,-1.99,0.0,40.0
"2025-04-16 00:00:00",UA,7,192,-18.0,-7.92,-5.99,-2.97,0.99,376.0
"2025-04-16 00:00:00",WN,7,231,-14.0,-5.99,-4.01,-1.99,0.0,117.0
"2025-04-16 00:00:00",WN,10,256,-10.0,-5.0,-1.99,1.99,10.07,94.0
"2025-04-16 00:00:00",WN,12,218,-12.0,-5.0,-1.99,0.99,10.07,91.0
"2025-04-16 00:00:00",AA,14,147,-14.0,-5.0,-1.99,5.0,34.13,283.0
"2025-04-16 00:00:00",WN,14,220,-14.0,-4.01,-0.99,4.01,15.96,105.0
"2025-04-16 00:00:00",AA,15,140,-13.0,-5.99,-1.99,13.87,50.91,888.0
"2025-04-16 00:00:00",WN,23,6,-5.0,-4.01,-4.01,-1.99,0.99,14.0
"2025-04-16 00:00:00",WN,22,7,-10.0,-5.0,-4.01,0.0,5.0,6.0
"2025-04-16 00:00:00",DL,20,99,-16.0,-7.03,-4.01,0.0,25.79,151.0
"2025-04-16 00:00:00",DL,22,107,-15.0,-7.03,-4.01,0.99,8.94,77.0
"2025-04-16 00:00:00",DL,17,176,-19.0,-7.03,-1.99,7.03,46.07,184.0
"2025-04-16 00:00:00",UA,20,82,-23.0,-7.92,-1.99,13.07,50.91,147.0
"2025-04-16 00:00:00",UA,17,134,-14.0,-5.0,-1.99,7.92,36.24,345.0
"2025-04-17 00:00:00",WN,10,236,-13.0,-4.01,-1.99,4.01,15.96,95.0
"2025-04-17 00:00:00",WN,14,228,-11.0,-1.99,4.01,19.11,45.15,240.0
"2025-04-17 00:00:00",AA,15,143,-15.0,-4.01,0.0,16.95,50.91,423.0
"2025-04-17 00:00:00",AA,16,149,-21.0,-4.01,-0.99,7.92,34.82,389.0
"2025-04-17 00:00:00",WN,23,6,-3.0,0.0,0.99,4.01,10.07,22.0
"2025-04-17 00:00:00",DL,17,184,-14.0,-4.01,0.0,15.96,39.25,297.0
"2025-04-17 00:00:00",AA,14,150,-15.0,-4.01,-0.99,10.91,47.95,334.0
"2025-04-17 00:00:00",DL,0,5,-17.0,-7.92,-4.01,-2.97,-2.97,9.0
"2025-04-17 00:00:00",WN,7,276,-11.0,-5.0,-2.97,0.0,7.92,154.0
"2025-04-17 00:00:00",DL,20,122,-14.0,-4.01,-0.99,12.06,40.05,220.0
"2025-04-17 00:00:00",UA,20,82,-7.0,-1.99,7.03,32.79,72.97,130.0
"2025-04-17 00:00:00",WN,22,16,-5.0,5.0,15.03,21.98,47.0,67.0
"2025-04-17 00:00:00",WN,12,234,-12.0,-2.97,0.0,10.91,25.79,235.0
"2025-04-17 00:00:00",UA,7,201,-13.0,-7.92,-5.99,-2.97,1.99,87.0
"2025-04-17 00:00:00",WN,5,212,-11.0,-5.0,-2.97,-1.99,0.99,105.0
"2025-04-17 00:00:00",UA,6,132,-17.0,-8.94,-7.03,-4.01,0.0,462.0
"2025-04-17 00:00:00",WN,6,281,-13.0,-5.99,-4.01,-0.99,0.99,118.0
"2025-04-17 00:00:00",UA,17,135,-11.0,-2.97,2.97,25.79,62.18,280.0
"2025-04-17 00:00:00",DL,22,115,-14.0,-5.0,-0.99,7.92,36.24,108.0
"2025-04-18 00:00:00",WN,12,235,-11.0,-1.99,1.99,21.12,77.49,241.0
"2025-04-18 00:00:00",DL,20,124,-18.0,-5.99,-2.97,12.06,25.79,137.0
"2025-04-18 00:00:00",WN,23,6,-4.0,-1.99,-0.99,0.0,13.07,102.0
"2025-04-18 00:00:00",UA,20,81,-11.0,-5.0,0.99,50.91,127.75,318.0
"2025-04-18 00:00:00",DL,22,117,-19.0,-7.92,-5.0,-0.99,8.94,138.0
"2025-04-18 00:00:00",WN,22,16,-10.0,-2.97,0.0,12.06,40.05,57.0
"2025-04-18 00:00:00",WN,14,227,-12.0,-1.99,4.01,22.88,70.11,246.0
"2025-04-18 00:00:00",UA,17,132,-16.0,-4.01,13.07,102.52,172.45,828.0
"2025-04-18 00:00:00",DL,17,185,-19.0,-7.92,-4.01,1.99,16.95,247.0
"2025-04-18 00:00:00",AA,15,143,-17.0,-5.99,-1.99,15.96,58.56,2310.0
"2025-04-18 00:00:00",AA,16,150,-17.0,-5.99,-2.97,15.03,39.25,245.0
"2025-04-18 00:00:00",WN,10,238,-10.0,-2.97,0.99,19.11,96.55,190.0
"2025-04-18 00:00:00",AA,14,151,-13.0,-5.99,-2.97,5.99,25.79,226.0
"2025-04-18 00:00:00",UA,7,201,-15.0,-7.03,-5.0,-1.99,8.94,260.0
"2025-04-18 00:00:00",UA,6,133,-13.0,-7.92,-5.99,-2.97,2.97,247.0
"2025-04-18 00:00:00",WN,7,277,-10.0,-4.01,-1.99,0.99,13.07,164.0
"2025-04-18 00:00:00",WN,6,281,-12.0,-5.0,-2.97,-0.99,1.99,208.0
"2025-04-18 00:00:00",DL,0,8,-10.0,-8.94,-5.99,-4.01,-2.97,40.0
"2025-04-18 00:00:00",WN,5,212,-10.0,-5.0,-2.97,-0.99,0.0,279.0
"2025-04-19 00:00:00",WN,12,200,-12.0,-5.0,-1.99,7.03,22.88,320.0
"2025-04-19 00:00:00",DL,0,8,-12.0,-7.92,-5.0,-1.99,5.0,21.0
"2025-04-19 00:00:00",WN,5,125,-12.0,-5.99,-4.01,-0.99,4.01,249.0
"2025-04-19 00:00:00",WN,7,241,-13.0,-5.0,-2.97,0.99,15.96,283.0
"2025-04-19 00:00:00",WN,10,210,-12.0,-5.0,-1.99,4.01,24.78,270.0
"2025-04-19 00:00:00",WN,6,257,-14.0,-5.0,-4.01,-0.99,2.97,470.0
"2025-04-19 00:00:00",AA,14,127,-13.0,-5.0,0.0,13.07,36.97,212.0
"2025-04-19 00:00:00",WN,23,6,-16.0,-8.94,-4.01,-4.01,-2.97,0.0
"2025-04-19 00:00:00",UA,7,183,-15.0,-7.92,-5.0,-2.97,1.99,85.0
"2025-04-19 00:00:00",DL,22,80,-21.0,-7.03,-2.97,0.0,8.94,98.0
"2025-04-19 00:00:00",UA,6,134,-14.0,-7.92,-5.99,-1.99,0.99,155.0
"2025-04-19 00:00:00",WN,14,203,-14.0,-5.0,-0.99,7.92,27.94,126.0
"2025-04-19 00:00:00",UA,20,69,-18.0,-7.92,-2.97,5.99,19.89,135.0
"2025-04-19 00:00:00",DL,20,93,-15.0,-7.03,-1.99,7.03,19.11,115.0
"2025-04-19 00:00:00",WN,22,8,-10.0,-7.03,-5.99,-5.0,-4.01,2.0
"2025-04-19 00:00:00",AA,15,130,-15.0,-4.01,2.97,19.11,64.72,305.0
"2025-04-19 00:00:00",AA,16,133,-20.0,-5.0,0.0,16.95,48.91,270.0
"2025-04-19 00:00:00",DL,17,149,-30.0,-8.94,-4.01,2.97,32.79,302.0
"2025-04-19 00:00:00",UA,17,127,-17.0,-7.03,-4.01,0.0,15.96,198.0
"2025-04-20 00:00:00",WN,12,241,-14.0,-5.0,-1.99,4.01,17.99,303.0
"2025-04-20 00:00:00",UA,6,130,-16.0,-8.94,-5.0,-1.99,0.99,85.0
"2025-04-20 00:00:00",DL,22,117,-11.0,-5.99,-1.99,5.99,23.81,133.0
"2025-04-20 00:00:00",UA,7,192,-15.0,-7.92,-5.0,-1.99,5.99,389.0
"2025-04-20 00:00:00",AA,14,149,-18.0,-5.99,-2.97,7.03,41.68,1349.0
"2025-04-20 00:00:00",WN,7,232,-14.0,-5.99,-5.0,-1.99,4.01,214.0
"2025-04-20 00:00:00",WN,10,260,-14.0,-5.0,-2.97,0.0,16.95,405.0
"2025-04-20 00:00:00",WN,6,327,-15.0,-5.99,-5.0,-1.99,1.99,124.0
"2025-04-20 00:00:00",DL,0,4,-7.0,-7.0,-4.01,0.0,0.0,16.0
"2025-04-20 00:00:00",WN,22,142,-13.0,-4.01,0.99,13.07,41.68,137.0
"2025-04-20 00:00:00",WN,23,7,-9.0,-5.0,-2.97,0.0,0.99,26.0
"2025-04-20 00:00:00",DL,20,120,-22.0,-5.99,-1.99,10.07,40.86,106.0
"2025-04-20 00:00:00",UA,20,85,-10.0,-1.99,23.81,115.6,159.19,795.0
"2025-04-20 00:00:00",WN,14,217,-14.0,-5.0,-0.99,5.0,19.11,186.0
"2025-04-20 00:00:00",WN,5,116,-15.0,-7.03,-4.01,-1.99,0.99,80.0
"2025-04-20 00:00:00",AA,15,141,-13.0,-4.01,-0.99,21.98,52.99,298.0
"2025-04-20 00:00:00",UA,17,132,-13.0,-5.99,-1.99,13.07,49.9,389.0
"2025-04-20 00:00:00",AA,16,149,-10.0,-5.0,0.99,25.79,75.95,1278.0
"2025-04-20 00:00:00",DL,17,183,-15.0,-7.03,-4.01,5.0,32.79,373.0
