"2025-02-24 00:00:00",DL,8,173,-16.0,-5.99,-4.01,-0.99,8.94,187.0
"2025-02-24 00:00:00",WN,19,267,-17.0,-5.99,-2.97,5.0,21.12,170.0
"2025-02-24 00:00:00",UA,21,42,-15.0,-8.94,-5.99,-2.97,5.99,78.0
"2025-02-24 00:00:00",AA,10,141,-12.0,-4.01,-0.99,5.0,25.79,147.0
"2025-02-24 00:00:00",UA,23,34,-20.0,-8.94,-7.03,-0.99,0.99,19.0
"2025-02-24 00:00:00",UA,8,192,-13.0,-5.99,-4.01,-0.99,8.94,241.0
"2025-02-24 00:00:00",DL,19,165,-23.0,-8.94,-2.97,5.99,30.27,193.0
"2025-02-24 00:00:00",UA,18,154,-19.0,-7.03,-4.01,0.0,13.87,153.0
"2025-02-24 00:00:00",WN,11,223,-11.0,-5.0,-0.99,1.99,12.06,235.0
"2025-02-24 00:00:00",AA,22,70,-15.0,-7.03,-2.97,1.99,15.96,385.0
"2025-02-24 00:00:00",WN,18,227,-14.0,-5.99,-1.99,4.01,21.12,110.0
"2025-02-24 00:00:00",AA,0,11,-10.0,-5.99,-5.0,-2.97,4.01,14.0
"2025-02-24 00:00:00",DL,18,159,-21.0,-7.92,-1.99,5.99,23.81,163.0
"2025-02-24 00:00:00",UA,0,3,-8.0,-7.92,-4.01,-4.01,-4.01,2.0
"2025-02-24 00:00:00",DL,7,234,-20.0,-7.03,-4.01,-0.99,8.94,282.0
"2025-02-24 00:00:00",WN,16,226,-12.0,-5.0,-0.99,5.99,19.11,114.0
"2025-02-24 00:00:00",DL,9,124,-16.0,-5.99,-4.01,-0.99,21.12,143.0
"2025-02-24 00:00:00",DL,10,159,-15.0,-7.03,-4.01,0.0,13.87,259.0
"2025-02-24 00:00:00",UA,10,127,-13.0,-7.03,-5.0,-0.99,10.07,204.0
"2025-02-24 00:00:00",UA,12,124,-13.0,-7.03,-4.01,0.0,7.92,178.0
"2025-02-24 00:00:00",DL,12,181,-20.0,-5.99,-2.97,8.94,30.88,457.0
"2025-02-24 00:00:00",AA,12,137,-13.0,-5.0,-0.99,7.03,22.88,502.0
"2025-02-25 00:00:00",UA,12,120,-16.0,-7.92,-5.0,-0.99,4.01,83.0
"2025-02-25 00:00:00",DL,19,116,-25.0,-8.94,-5.0,-0.99,5.99,45.0
"2025-02-25 00:00:00",DL,9,122,-17.0,-7.03,-5.0,-1.99,5.0,72.0
"2025-02-25 00:00:00",DL,10,153,-15.0,-7.92,-5.0,-1.99,10.07,215.0
"2025-02-25 00:00:00",UA,0,3,-10.0,-10.0,-7.03,-7.03,-7.03,-1.0
"2025-02-25 00:00:00",DL,18,147,-22.0,-10.07,-5.99,-1.99,5.0,123.0
"2025-02-25 00:00:00",DL,7,230,-18.0,-7.92,-5.0,-1.99,4.01,792.0
"2025-02-25 00:00:00",DL,8,175,-13.0,-7.92,-5.0,-2.97,0.99,119.0
"2025-02-25 00:00:00",AA,0,9,-11.0,-10.07,-10.07,-7.92,-7.03,-5.0
"2025-02-25 00:00:00",UA,8,186,-14.0,-7.92,-5.99,-2.97,1.99,93.0
"2025-02-25 00:00:00",UA,23,24,-14.0,-10.07,-7.92,-5.99,0.99,48.0
"2025-02-25 00:00:00",AA,10,134,-14.0,-7.92,-4.01,0.0,15.03,133.0
"2025-02-25 00:00:00",WN,16,209,-14.0,-5.99,-2.97,0.0,10.91,261.0
"2025-02-25 00:00:00",UA,18,130,-18.0,-7.92,-5.99,-0.99,21.12,200.0
"2025-02-25 00:00:00",UA,10,125,-15.0,-7.92,-5.0,-1.99,7.03,168.0
"2025-02-25 00:00:00",UA,21,30,-14.0,-8.94,-7.03,-4.01,5.99,70.0
"2025-02-25 00:00:00",AA,22,62,-15.0,-7.92,-5.0,2.97,47.0,79.0
"2025-02-25 00:00:00",WN,18,266,-12.0,-5.99,-2.97,0.0,15.03,157.0
"2025-02-25 00:00:00",AA,12,127,-17.0,-7.03,-4.01,-0.99,10.07,191.0
"2025-02-25 00:00:00",WN,19,121,-13.0,-7.03,-4.01,0.0,7.92,142.0
"2025-02-25 00:00:00",DL,12,170,-19.0,-8.94,-4.01,-0.99,5.0,105.0
"2025-02-25 00:00:00",WN,11,262,-13.0,-5.0,-2.97,0.99,10.91,116.0
"2025-02-26 00:00:00",DL,19,118,-27.0,-7.03,-5.0,-0.99,5.99,105.0
"2025-02-26 00:00:00",AA,22,66,-11.0,-5.99,-4.01,-0.99,7.92,934.0
"2025-02-26 00:00:00",UA,10,120,-15.0,-5.99,-4.01,-0.99,5.0,151.0
"2025-02-26 00:00:00",UA,12,122,-14.0,-7.03,-5.0,-2.97,5.99,481.0
"2025-02-26 00:00:00",WN,16,209,-13.0,-5.0,-1.99,5.0,15.96,115.0
"2025-02-26 00:00:00",UA,23,32,-15.0,-8.94,-5.0,-4.01,-0.99,4.0
"2025-02-26 00:00:00",DL,12,173,-18.0,-7.92,-4.01,0.0,12.06,395.0
"2025-02-26 00:00:00",WN,11,265,-13.0,-5.0,-1.99,0.99,8.94,93.0
"2025-02-26 00:00:00",AA,12,127,-12.0,-5.99,-2.97,1.99,40.05,1192.0
"2025-02-26 00:00:00",DL,8,176,-16.0,-7.92,-5.0,-1.99,1.99,462.0
"2025-02-26 00:00:00",AA,10,136,-14.0,-5.99,-2.97,0.0,7.92,1299.0
"2025-02-26 00:00:00",DL,10,155,-20.0,-7.92,-5.0,-1.99,0.99,156.0
"2025-02-26 00:00:00",UA,8,189,-15.0,-7.92,-5.0,-2.97,-0.99,113.0
"2025-02-26 00:00:00",DL,9,123,-16.0,-7.03,-5.0,-2.97,7.92,507.0
"2025-02-26 00:00:00",DL,18,146,-30.0,-7.92,-4.01,0.99,25.79,903.0
"2025-02-26 00:00:00",AA,0,9,-14.0,-12.06,-0.99,0.0,5.0,8.0
"2025-02-26 00:00:00",UA,0,2,-14.0,-13.87,-13.87,-13.87,-13.87,-5.0
"2025-02-26 00:00:00",DL,7,227,-15.0,-7.92,-5.0,-2.97,0.99,497.0
"2025-02-26 00:00:00",UA,18,141,-17.0,-7.03,-2.97,4.01,30.88,137.0
"2025-02-26 00:00:00",WN,19,122,-13.0,-5.99,-1.99,1.99,13.87,100.0
"2025-02-26 00:00:00",UA,21,35,-13.0,-7.92,-4.01,-0.99,7.03,36.0
"2025-02-26 00:00:00",WN,18,265,-12.0,-5.0,-2.97,1.99,13.87,70.0
"2025-02-27 00:00:00",UA,21,43,-10.0,-7.03,-5.0,-1.99,0.99,93.0
"2025-02-27 00:00:00",DL,19,167,-19.0,-5.99,-0.99,10.07,32.14,261.0
"2025-02-27 00:00:00",AA,12,139,-11.0,-5.0,-0.99,7.03,27.94,131.0
"2025-02-27 00:00:00",AA,0,9,-12.0,-5.0,-4.01,-2.97,-2.97,-2.0
"2025-02-27 00:00:00",UA,18,153,-28.0,-7.03,-4.01,0.0,19.89,346.0
"2025-02-27 00:00:00",WN,18,206,-13.0,-2.97,1.99,15.03,30.88,169.0
"2025-02-27 00:00:00",DL,18,161,-17.0,-7.03,-2.97,5.99,36.24,208.0
"2025-02-27 00:00:00",WN,16,221,-11.0,-2.97,1.99,15.03,36.24,170.0
"2025-02-27 00:00:00",DL,12,178,-17.0,-7.03,-4.01,0.0,15.03,335.0
"2025-02-27 00:00:00",UA,12,123,-13.0,-7.03,-4.01,-0.99,8.94,280.0
"2025-02-27 00:00:00",UA,0,2,-2.0,-2.0,-2.0,-2.0,-2.0,-2.0
"2025-02-27 00:00:00",WN,11,223,-14.0,-5.0,-1.99,4.01,15.96,246.0
"2025-02-27 00:00:00",AA,10,145,-11.0,-5.0,-1.99,5.0,30.88,1118.0
"2025-02-27 00:00:00",DL,10,157,-16.0,-7.03,-4.01,0.0,12.06,443.0
"2025-02-27 00:00:00",WN,19,240,-10.0,-4.01,0.0,13.87,29.08,126.0
"2025-02-27 00:00:00",UA,10,126,-13.0,-7.03,-4.01,-0.99,13.07,263.0
"2025-02-27 00:00:00",UA,8,190,-15.0,-7.92,-5.99,-2.97,5.99,1094.0
"2025-02-27 00:00:00",DL,9,126,-13.0,-7.03,-4.01,-0.99,5.0,126.0
"2025-02-27 00:00:00",DL,8,176,-14.0,-7.03,-5.0,-0.99,7.03,288.0
"2025-02-27 00:00:00",DL,7,233,-16.0,-5.99,-4.01,0.0,7.03,300.0
"2025-02-27 00:00:00",AA,22,99,-9.0,-4.01,0.0,10.91,34.82,372.0
"2025-02-27 00:00:00",UA,23,35,-14.0,-8.94,-5.0,-1.99,2.97,15.0
"2025-02-28 00:00:00",AA,22,97,-13.0,-5.0,-1.99,7.92,30.27,423.0
"2025-02-28 00:00:00",UA,10,126,-13.0,-5.99,-5.0,-1.99,0.99,78.0
"2025-02-28 00:00:00",WN,11,223,-11.0,-5.0,-1.99,0.99,10.07,246.0
"2025-02-28 00:00:00",DL,12,179,-21.0,-7.03,-4.01,-0.99,8.94,132.0
"2025-02-28 00:00:00",AA,0,12,-9.0,-5.99,-4.01,-1.99,-0.99,85.0
"2025-02-28 00:00:00",DL,7,233,-18.0,-5.99,-4.01,-0.99,5.0,303.0
"2025-02-28 00:00:00",AA,10,147,-10.0,-5.0,-2.97,0.99,10.07,186.0
"2025-02-28 00:00:00",DL,10,159,-21.0,-7.03,-5.0,-1.99,13.07,245.0
"2025-02-28 00:00:00",DL,8,174,-26.0,-7.03,-4.01,-0.99,8.94,225.0
"2025-02-28 00:00:00",DL,9,126,-15.0,-5.99,-4.01,-0.99,5.99,159.0
"2025-02-28 00:00:00",UA,8,194,-19.0,-7.03,-5.0,-1.99,5.0,221.0
"2025-02-28 00:00:00",UA,23,35,-13.0,-7.92,-5.0,-1.99,2.97,63.0
"2025-02-28 00:00:00",UA,0,3,-10.0,-10.0,-5.99,-5.99,-5.99,0.0
"2025-02-28 00:00:00",WN,16,221,-12.0,-4.01,-0.99,5.99,21.98,211.0
"2025-02-28 00:00:00",UA,21,42,-13.0,-7.03,-4.01,0.0,13.87,119.0
"2025-02-28 00:00:00",DL,18,161,-19.0,-7.92,-2.97,7.03,34.82,324.0
"2025-02-28 00:00:00",DL,19,166,-24.0,-7.92,-2.97,5.0,26.84,132.0
"2025-02-28 00:00:00",UA,18,152,-15.0,-7.03,-4.01,0.99,15.03,173.0
"2025-02-28 00:00:00",WN,19,239,-18.0,-5.99,-2.97,2.97,19.89,184.0
"2025-02-28 00:00:00",WN,18,206,-13.0,-5.0,-1.99,0.99,12.06,166.0
"2025-02-28 00:00:00",AA,12,138,-13.0,-5.0,-2.97,4.01,15.03,237.0
"2025-02-28 00:00:00",UA,12,124,-15.0,-5.99,-4.01,0.0,15.03,170.0
"2025-03-01 00:00:00",DL,19,90,-20.0,-7.03,-4.01,2.97,16.95,65.0
"2025-03-01 00:00:00",WN,19,232,-15.0,-5.99,-1.99,5.0,21.98,190.0
"2025-03-01 00:00:00",UA,21,28,-8.0,-5.0,-1.99,12.06,21.12,75.0
"2025-03-01 00:00:00",UA,23,26,-10.0,-4.01,-1.99,0.0,5.99,45.0
"2025-03-01 00:00:00",AA,0,11,-14.0,-7.03,-5.0,-2.97,-0.99,8.0
"2025-03-01 00:00:00",UA,0,3,-9.0,-8.94,-7.03,-7.03,-7.03,-7.0
"2025-03-01 00:00:00",DL,7,204,-17.0,-7.03,-5.0,-0.99,4.01,292.0
"2025-03-01 00:00:00",AA,22,64,-11.0,-5.0,-2.97,4.01,13.07,1217.0
"2025-03-01 00:00:00",DL,8,150,-14.0,-7.03,-4.01,0.0,15.96,599.0
"2025-03-01 00:00:00",UA,8,164,-16.0,-7.92,-5.0,-0.99,7.92,365.0
"2025-03-01 00:00:00",DL,9,120,-15.0,-7.03,-2.97,0.0,17.99,212.0
"2025-03-01 00:00:00",AA,10,122,-10.0,-5.99,-2.97,0.99,21.12,124.0
"2025-03-01 00:00:00",DL,10,128,-16.0,-7.03,-4.01,0.0,27.94,174.0
"2025-03-01 00:00:00",UA,10,118,-17.0,-5.99,-2.97,0.99,12.06,218.0
"2025-03-01 00:00:00",WN,11,208,-13.0,-5.0,-1.99,1.99,8.94,109.0
"2025-03-01 00:00:00",DL,12,155,-17.0,-7.92,-4.01,0.99,17.99,360.0
"2025-03-01 00:00:00",UA,12,100,-10.0,-5.99,-1.99,7.03,47.95,403.0
"2025-03-01 00:00:00",AA,12,132,-12.0,-5.0,-2.97,2.97,22.88,1447.0
"2025-03-01 00:00:00",WN,16,190,-15.0,-5.0,-0.99,5.99,19.89,301.0
"2025-03-01 00:00:00",DL,18,110,-18.0,-7.03,-4.01,5.99,25.79,124.0
"2025-03-01 00:00:00",UA,18,109,-16.0,-5.0,-2.97,2.97,19.11,209.0
"2025-03-01 00:00:00",WN,18,227,-13.0,-5.0,-1.99,5.99,22.88,215.0
