"2025-03-09 00:00:00",DL,21,101,-12.0,-4.01,0.0,19.11,43.38,119.0
"2025-03-09 00:00:00",UA,2,1,16.0,16.0,16.0,16.0,16.0,16.0
"2025-03-09 00:00:00",DL,6,180,-16.0,-7.03,-5.0,-0.99,5.0,294.0
"2025-03-09 00:00:00",UA,13,139,-14.0,-5.99,-2.97,0.0,16.95,313.0
"2025-03-09 00:00:00",UA,16,138,-14.0,-5.99,-2.97,4.01,43.38,155.0
"2025-03-09 00:00:00",AA,9,134,-13.0,-5.99,-2.97,1.99,23.81,684.0
"2025-03-09 00:00:00",DL,13,161,-18.0,-5.0,-0.99,7.03,37.72,441.0
"2025-03-09 00:00:00",WN,9,202,-12.0,-4.01,-0.99,4.01,19.89,246.0
"2025-03-09 00:00:00",DL,11,209,-16.0,-5.99,-1.99,8.94,30.27,712.0
"2025-03-09 00:00:00",AA,5,111,-14.0,-7.92,-5.0,-1.99,5.99,1743.0
"2025-03-09 00:00:00",AA,6,189,-15.0,-7.92,-5.0,-0.99,10.07,498.0
"2025-03-09 00:00:00",WN,17,242,-14.0,0.0,7.92,26.84,59.75,441.0
"2025-03-09 00:00:00",AA,19,158,-12.0,-5.0,0.99,24.78,64.72,655.0
"2025-03-09 00:00:00",AA,20,135,-27.0,-4.01,0.99,13.87,39.25,825.0
"2025-03-09 00:00:00",AA,21,97,-14.0,-5.0,0.0,13.87,58.56,475.0
"2025-03-09 00:00:00",DL,16,138,-16.0,-2.97,1.99,13.07,36.97,874.0
"2025-03-09 00:00:00",DL,23,39,-15.0,-7.03,-4.01,0.0,21.98,138.0
"2025-03-09 00:00:00",DL,15,181,-17.0,-5.0,0.0,13.07,55.15,271.0
"2025-03-09 00:00:00",WN,21,194,-14.0,-4.01,4.01,21.98,57.4,184.0
"2025-03-10 00:00:00",UA,16,140,-14.0,-7.03,-2.97,2.97,23.81,104.0
"2025-03-10 00:00:00",DL,6,191,-18.0,-7.92,-5.0,-0.99,1.99,179.0
"2025-03-10 00:00:00",WN,17,243,-10.0,-5.0,0.0,12.06,34.82,187.0
"2025-03-10 00:00:00",AA,20,129,-14.0,-5.0,4.01,26.84,63.44,178.0
"2025-03-10 00:00:00",AA,19,160,-19.0,-5.0,1.99,32.14,92.77,206.0
"2025-03-10 00:00:00",DL,15,181,-15.0,-4.01,0.0,25.79,67.36,417.0
"2025-03-10 00:00:00",WN,9,235,-13.0,-5.0,-1.99,4.01,16.95,124.0
"2025-03-10 00:00:00",DL,16,140,-18.0,-5.0,-0.99,10.91,67.36,176.0
"2025-03-10 00:00:00",UA,13,136,-18.0,-7.03,-5.0,-0.99,15.03,143.0
"2025-03-10 00:00:00",WN,21,166,-16.0,-7.92,-4.01,0.99,26.84,128.0
"2025-03-10 00:00:00",DL,23,37,-14.0,-7.92,-4.01,-1.99,5.99,41.0
"2025-03-10 00:00:00",AA,9,134,-10.0,-5.99,-2.97,1.99,34.82,193.0
"2025-03-10 00:00:00",DL,13,156,-15.0,-5.99,-2.97,8.94,43.38,655.0
"2025-03-10 00:00:00",DL,11,206,-16.0,-5.0,-0.99,10.91,32.14,235.0
"2025-03-10 00:00:00",DL,21,103,-15.0,-7.03,-2.97,5.0,23.81,105.0
"2025-03-10 00:00:00",AA,21,85,-16.0,-7.03,-1.99,19.89,60.95,126.0
"2025-03-10 00:00:00",AA,5,110,-15.0,-8.94,-5.99,-2.97,0.0,77.0
"2025-03-10 00:00:00",AA,6,188,-13.0,-7.92,-5.0,-2.97,5.99,908.0
"2025-03-11 00:00:00",AA,6,189,-19.0,-8.94,-7.03,-4.01,1.99,653.0
"2025-03-11 00:00:00",UA,13,134,-15.0,-7.92,-5.0,-1.99,2.97,104.0
"2025-03-11 00:00:00",DL,6,188,-18.0,-10.07,-7.03,-2.97,0.0,389.0
"2025-03-11 00:00:00",DL,11,205,-17.0,-7.92,-5.0,-0.99,7.03,109.0
"2025-03-11 00:00:00",DL,13,147,-21.0,-7.92,-5.0,-0.99,16.95,139.0
"2025-03-11 00:00:00",WN,9,202,-11.0,-5.0,-2.97,0.0,5.99,216.0
"2025-03-11 00:00:00",AA,9,131,-13.0,-7.03,-4.01,0.99,16.95,789.0
"2025-03-11 00:00:00",AA,5,111,-15.0,-10.07,-7.03,-2.97,2.97,223.0
"2025-03-11 00:00:00",AA,19,159,-27.0,-8.94,-5.0,0.0,16.95,267.0
"2025-03-11 00:00:00",DL,23,32,-15.0,-10.91,-7.03,-4.01,4.01,45.0
"2025-03-11 00:00:00",UA,16,139,-17.0,-8.94,-5.99,-1.99,4.01,117.0
"2025-03-11 00:00:00",WN,21,160,-15.0,-7.03,-4.01,0.0,13.87,183.0
"2025-03-11 00:00:00",DL,21,78,-15.0,-7.92,-5.0,-0.99,10.91,145.0
"2025-03-11 00:00:00",AA,21,87,-18.0,-5.99,-4.01,0.99,21.98,125.0
"2025-03-11 00:00:00",DL,16,130,-17.0,-7.03,-4.01,1.99,29.08,210.0
"2025-03-11 00:00:00",AA,20,128,-18.0,-7.03,-4.01,2.97,21.98,144.0
"2025-03-11 00:00:00",WN,17,228,-16.0,-5.99,-2.97,1.99,19.89,223.0
"2025-03-11 00:00:00",DL,15,178,-20.0,-7.03,-4.01,0.99,16.95,252.0
"2025-03-12 00:00:00",DL,11,206,-17.0,-7.03,-4.01,0.0,7.03,165.0
"2025-03-12 00:00:00",DL,23,34,-13.0,-7.03,-2.97,4.01,13.87,47.0
"2025-03-12 00:00:00",AA,5,111,-14.0,-10.07,-7.03,-5.0,-1.99,122.0
"2025-03-12 00:00:00",AA,9,133,-17.0,-7.03,-4.01,-0.99,10.07,140.0
"2025-03-12 00:00:00",AA,6,190,-16.0,-8.94,-5.99,-2.97,0.0,114.0
"2025-03-12 00:00:00",DL,6,186,-15.0,-8.94,-5.99,-1.99,0.99,163.0
"2025-03-12 00:00:00",WN,9,201,-10.0,-5.0,-2.97,0.0,5.99,116.0
"2025-03-12 00:00:00",DL,13,152,-17.0,-7.03,-4.01,0.0,15.96,191.0
"2025-03-12 00:00:00",AA,19,159,-13.0,-5.99,-1.99,13.07,39.25,156.0
"2025-03-12 00:00:00",AA,20,130,-14.0,-5.0,-2.97,5.99,25.79,164.0
"2025-03-12 00:00:00",WN,21,159,-12.0,-5.99,-2.97,5.0,21.12,73.0
"2025-03-12 00:00:00",DL,21,78,-16.0,-5.99,-1.99,4.01,21.98,125.0
"2025-03-12 00:00:00",AA,21,86,-15.0,-5.99,-2.97,7.03,21.98,430.0
"2025-03-12 00:00:00",UA,16,136,-15.0,-7.03,-2.97,5.99,27.94,271.0
"2025-03-12 00:00:00",UA,13,138,-20.0,-7.03,-2.97,8.94,44.26,212.0
"2025-03-12 00:00:00",DL,16,131,-15.0,-7.03,-2.97,5.99,29.08,145.0
"2025-03-12 00:00:00",WN,17,230,-11.0,-4.01,-0.99,4.01,23.81,147.0
"2025-03-12 00:00:00",DL,15,178,-16.0,-5.99,-2.97,0.99,13.07,206.0
"2025-03-13 00:00:00",DL,13,159,-16.0,-5.99,-2.97,0.0,30.88,438.0
"2025-03-13 00:00:00",AA,9,132,-13.0,-5.99,-4.01,0.99,23.81,630.0
"2025-03-13 00:00:00",AA,21,88,-12.0,-4.01,0.99,25.79,43.38,455.0
"2025-03-13 00:00:00",WN,9,234,-12.0,-4.01,-1.99,1.99,12.06,79.0
"2025-03-13 00:00:00",DL,6,190,-17.0,-7.92,-5.0,-2.97,0.99,29.0
"2025-03-13 00:00:00",AA,5,111,-13.0,-7.92,-5.99,-4.01,-0.99,97.0
"2025-03-13 00:00:00",DL,21,102,-10.0,-5.0,-0.99,8.94,34.13,158.0
"2025-03-13 00:00:00",AA,6,189,-14.0,-7.03,-5.0,-0.99,7.92,337.0
"2025-03-13 00:00:00",WN,21,166,-14.0,-2.97,7.92,34.82,66.03,153.0
"2025-03-13 00:00:00",DL,23,39,-12.0,-5.0,-1.99,5.0,32.14,104.0
"2025-03-13 00:00:00",UA,13,137,-13.0,-5.99,-4.01,4.01,32.14,335.0
"2025-03-13 00:00:00",AA,19,157,-19.0,-5.99,0.0,19.11,54.06,876.0
"2025-03-13 00:00:00",DL,11,208,-13.0,-5.99,-2.97,1.99,19.11,186.0
"2025-03-13 00:00:00",AA,20,130,-11.0,-4.01,0.99,26.84,52.99,563.0
"2025-03-13 00:00:00",WN,17,242,-9.0,-0.99,5.99,23.81,63.44,212.0
"2025-03-13 00:00:00",DL,15,180,-16.0,-5.0,-0.99,8.94,45.15,154.0
"2025-03-13 00:00:00",UA,16,140,-14.0,-5.0,-0.99,15.03,54.06,236.0
"2025-03-13 00:00:00",DL,16,140,-13.0,-5.99,-1.99,8.94,41.68,116.0
