"2025-01-21 00:00:00",DL,17,142,-20.0,-5.99,5.0,57.4,190.59,1036.0
"2025-01-21 00:00:00",WN,7,168,-10.0,-5.0,-2.97,0.0,19.89,268.0
"2025-01-21 00:00:00",DL,22,66,-18.0,-5.0,37.72,162.41,206.46,1061.0
"2025-01-21 00:00:00",WN,12,170,-13.0,-5.0,0.0,10.07,26.84,197.0
"2025-01-21 00:00:00",DL,0,4,-9.0,-8.94,-7.92,-4.01,-4.01,0.0
"2025-01-21 00:00:00",WN,5,29,-11.0,-5.0,-2.97,0.0,0.99,6.0
"2025-01-21 00:00:00",UA,6,85,-16.0,-7.92,-4.01,-0.99,5.99,68.0
"2025-01-21 00:00:00",UA,7,107,-13.0,-7.03,-5.0,-0.99,7.03,231.0
"2025-01-21 00:00:00",WN,10,185,-10.0,-2.97,2.97,13.07,30.88,188.0
"2025-01-21 00:00:00",AA,14,124,-13.0,-5.0,-1.99,7.03,27.94,468.0
"2025-01-21 00:00:00",WN,6,181,-11.0,-5.99,-2.97,-0.99,5.99,212.0
"2025-01-21 00:00:00",UA,17,117,-22.0,-5.0,-0.99,2.97,21.98,131.0
"2025-01-21 00:00:00",DL,20,66,-14.0,-1.99,21.12,94.64,186.82,677.0
"2025-01-21 00:00:00",UA,20,45,-14.0,-4.01,0.99,23.81,30.88,703.0
"2025-01-21 00:00:00",AA,15,112,-13.0,-5.0,-1.99,5.0,19.89,174.0
"2025-01-21 00:00:00",WN,14,194,-11.0,-4.01,0.99,8.94,24.78,317.0
"2025-01-21 00:00:00",AA,16,119,-16.0,-5.0,-1.99,2.97,15.03,799.0
"2025-01-22 00:00:00",AA,14,132,-13.0,-5.99,-1.99,7.03,30.88,422.0
"2025-01-22 00:00:00",DL,20,71,-17.0,-1.99,10.91,40.86,113.31,152.0
"2025-01-22 00:00:00",UA,20,79,-17.0,-1.99,4.01,10.07,22.88,84.0
"2025-01-22 00:00:00",WN,7,171,-12.0,-5.99,-2.97,0.0,21.98,163.0
"2025-01-22 00:00:00",WN,6,189,-12.0,-5.99,-2.97,-0.99,13.07,277.0
"2025-01-22 00:00:00",WN,5,27,-9.0,-5.99,-5.0,-2.97,1.99,25.0
"2025-01-22 00:00:00",WN,10,184,-10.0,-5.0,-2.97,1.99,10.91,77.0
"2025-01-22 00:00:00",DL,17,150,-17.0,-5.0,1.99,41.68,90.93,925.0
"2025-01-22 00:00:00",WN,12,169,-13.0,-5.0,-1.99,5.0,19.11,266.0
"2025-01-22 00:00:00",AA,15,116,-20.0,-5.99,-2.97,4.01,25.79,86.0
"2025-01-22 00:00:00",UA,6,94,-16.0,-7.92,-5.99,-1.99,46.07,247.0
"2025-01-22 00:00:00",DL,22,80,-10.0,-0.99,7.03,43.38,77.49,649.0
"2025-01-22 00:00:00",UA,7,122,-18.0,-7.92,-4.01,-0.99,49.9,207.0
"2025-01-22 00:00:00",WN,14,203,-11.0,-5.0,-0.99,4.01,13.87,48.0
"2025-01-22 00:00:00",UA,17,141,-21.0,-5.99,-0.99,7.92,32.79,328.0
"2025-01-22 00:00:00",AA,16,124,-20.0,-5.99,-2.97,1.99,32.79,248.0
"2025-01-22 00:00:00",DL,0,2,-20.0,-19.89,-19.89,-19.89,-19.89,-3.0
"2025-01-23 00:00:00",DL,0,2,-10.0,-10.0,-10.0,-10.0,-10.0,-4.0
"2025-01-23 00:00:00",DL,20,99,-17.0,-5.0,0.0,13.87,47.0,129.0
"2025-01-23 00:00:00",UA,20,83,-13.0,-5.0,0.0,17.99,43.38,188.0
"2025-01-23 00:00:00",WN,14,214,-12.0,-5.0,-0.99,10.07,50.91,202.0
"2025-01-23 00:00:00",WN,10,192,-12.0,-5.0,-1.99,4.01,13.07,101.0
"2025-01-23 00:00:00",AA,14,157,-13.0,-5.0,-0.99,24.78,111.06,375.0
"2025-01-23 00:00:00",WN,12,175,-10.0,-5.0,-1.99,2.97,15.03,344.0
"2025-01-23 00:00:00",UA,7,166,-14.0,-7.03,-5.0,-2.97,1.99,400.0
"2025-01-23 00:00:00",WN,5,29,-7.0,-4.01,-1.99,0.0,4.01,99.0
"2025-01-23 00:00:00",UA,6,111,-17.0,-7.92,-5.99,-2.97,7.92,104.0
"2025-01-23 00:00:00",WN,6,216,-13.0,-5.99,-4.01,-1.99,2.97,221.0
"2025-01-23 00:00:00",WN,7,179,-12.0,-5.99,-4.01,-0.99,1.99,54.0
"2025-01-23 00:00:00",DL,22,91,-13.0,-5.0,-1.99,10.91,39.25,542.0
"2025-01-23 00:00:00",AA,15,113,-12.0,-5.99,-1.99,12.06,51.94,295.0
"2025-01-23 00:00:00",AA,16,150,-11.0,-4.01,-0.99,21.12,71.53,375.0
"2025-01-23 00:00:00",DL,17,167,-24.0,-5.99,0.0,13.87,58.56,274.0
"2025-01-23 00:00:00",UA,17,147,-14.0,-5.99,-2.97,5.99,41.68,740.0
"2025-01-24 00:00:00",WN,14,220,-12.0,-5.0,-0.99,7.92,26.84,414.0
"2025-01-24 00:00:00",DL,20,100,-18.0,-5.99,-4.01,5.0,36.97,167.0
"2025-01-24 00:00:00",UA,20,81,-14.0,-7.03,-2.97,5.0,30.27,220.0
"2025-01-24 00:00:00",UA,17,147,-16.0,-7.03,-4.01,0.99,13.07,227.0
"2025-01-24 00:00:00",DL,22,91,-14.0,-7.03,-5.0,0.0,16.95,82.0
"2025-01-24 00:00:00",AA,16,141,-18.0,-5.99,-2.97,10.07,55.15,127.0
"2025-01-24 00:00:00",AA,14,150,-13.0,-5.0,-1.99,12.06,39.25,150.0
"2025-01-24 00:00:00",AA,15,118,-16.0,-5.0,-1.99,8.94,37.72,134.0
"2025-01-24 00:00:00",DL,17,170,-20.0,-7.03,-2.97,10.91,58.56,274.0
"2025-01-24 00:00:00",UA,6,109,-13.0,-7.92,-5.0,-1.99,2.97,565.0
"2025-01-24 00:00:00",WN,10,201,-10.0,-4.01,-0.99,5.0,16.95,165.0
"2025-01-24 00:00:00",WN,12,182,-15.0,-4.01,-0.99,2.97,19.11,101.0
"2025-01-24 00:00:00",WN,6,223,-10.0,-5.0,-2.97,-0.99,7.03,106.0
"2025-01-24 00:00:00",WN,7,189,-13.0,-5.0,-2.97,0.0,7.03,208.0
"2025-01-24 00:00:00",UA,7,173,-14.0,-7.92,-5.99,-2.97,5.99,704.0
"2025-01-24 00:00:00",WN,5,29,-7.0,-5.0,-2.97,-0.99,0.0,5.0
"2025-01-24 00:00:00",DL,0,4,-15.0,-15.0,-15.0,-11.0,-11.0,-11.0
"2025-01-25 00:00:00",AA,15,109,-17.0,-7.92,-5.0,-0.99,15.96,163.0
"2025-01-25 00:00:00",UA,20,74,-15.0,-5.0,-0.99,10.07,39.25,165.0
"2025-01-25 00:00:00",DL,0,4,-15.0,-15.0,-13.07,-13.07,-13.07,8.0
"2025-01-25 00:00:00",DL,22,66,-17.0,-5.0,-1.99,4.01,10.91,139.0
"2025-01-25 00:00:00",WN,5,58,-10.0,-5.99,-4.01,-1.99,1.99,7.0
"2025-01-25 00:00:00",WN,6,193,-13.0,-5.99,-4.01,-1.99,0.0,139.0
"2025-01-25 00:00:00",UA,6,107,-14.0,-8.94,-5.0,-0.99,7.92,168.0
"2025-01-25 00:00:00",DL,20,63,-18.0,-7.92,-4.01,4.01,17.99,136.0
"2025-01-25 00:00:00",AA,16,127,-26.0,-7.03,-4.01,2.97,24.78,147.0
"2025-01-25 00:00:00",DL,17,152,-21.0,-10.07,-5.99,-0.99,23.81,191.0
"2025-01-25 00:00:00",UA,17,129,-15.0,-5.0,-0.99,16.95,52.99,262.0
"2025-01-25 00:00:00",WN,14,239,-13.0,-5.0,-0.99,10.91,39.25,181.0
"2025-01-25 00:00:00",UA,7,159,-16.0,-7.03,-5.0,-0.99,8.94,292.0
"2025-01-25 00:00:00",AA,14,129,-16.0,-7.92,-5.0,0.99,13.07,324.0
"2025-01-25 00:00:00",WN,12,190,-14.0,-5.0,-1.99,7.03,32.14,139.0
"2025-01-25 00:00:00",WN,7,201,-11.0,-5.99,-4.01,-1.99,0.99,168.0
"2025-01-25 00:00:00",WN,10,210,-13.0,-5.0,-2.97,2.97,15.03,107.0
"2025-01-26 00:00:00",DL,20,100,-15.0,-7.03,-1.99,5.0,36.97,299.0
"2025-01-26 00:00:00",DL,17,170,-19.0,-7.03,-4.01,0.0,13.07,140.0
"2025-01-26 00:00:00",WN,6,299,-12.0,-7.03,-5.0,-1.99,1.99,326.0
"2025-01-26 00:00:00",UA,7,165,-16.0,-7.92,-5.99,-1.99,1.99,169.0
"2025-01-26 00:00:00",UA,20,85,-16.0,-2.97,0.99,10.91,36.24,129.0
"2025-01-26 00:00:00",WN,5,96,-12.0,-5.99,-4.01,-0.99,5.0,98.0
"2025-01-26 00:00:00",UA,17,145,-14.0,-5.99,-2.97,0.0,5.99,67.0
"2025-01-26 00:00:00",DL,22,90,-16.0,-5.99,-2.97,2.97,16.95,156.0
"2025-01-26 00:00:00",WN,10,232,-14.0,-5.99,-2.97,0.99,10.07,176.0
"2025-01-26 00:00:00",UA,6,110,-13.0,-7.92,-5.99,-2.97,0.99,88.0
"2025-01-26 00:00:00",WN,22,3,-13.0,-13.0,-7.92,-7.92,-7.92,7.0
"2025-01-26 00:00:00",DL,0,1,-10.0,-10.0,-10.0,-10.0,-10.0,-10.0
"2025-01-26 00:00:00",AA,15,113,-11.0,-5.0,-1.99,10.07,30.88,381.0
"2025-01-26 00:00:00",WN,7,213,-13.0,-7.03,-5.0,-1.99,2.97,211.0
"2025-01-26 00:00:00",AA,16,157,-20.0,-5.0,-0.99,7.92,34.13,462.0
"2025-01-26 00:00:00",WN,12,227,-12.0,-5.0,-0.99,7.03,21.98,125.0
"2025-01-26 00:00:00",WN,14,220,-14.0,-4.01,0.0,10.07,22.88,142.0
"2025-01-26 00:00:00",AA,14,157,-21.0,-4.01,-1.99,7.03,22.88,250.0
"2025-01-27 00:00:00",WN,7,190,-10.0,-5.99,-4.01,-1.99,5.0,97.0
"2025-01-27 00:00:00",UA,17,141,-17.0,-7.92,-5.0,-1.99,8.94,161.0
"2025-01-27 00:00:00",DL,20,92,-19.0,-7.92,-5.0,-0.99,10.91,124.0
"2025-01-27 00:00:00",UA,20,81,-19.0,-7.92,-4.01,-0.99,17.99,121.0
"2025-01-27 00:00:00",UA,6,110,-16.0,-8.94,-5.99,-4.01,-0.99,33.0
"2025-01-27 00:00:00",UA,7,172,-18.0,-8.94,-5.99,-2.97,0.0,552.0
"2025-01-27 00:00:00",WN,6,224,-14.0,-5.99,-4.01,-1.99,0.99,564.0
"2025-01-27 00:00:00",DL,0,4,-18.0,-17.99,-16.95,-10.07,-10.07,5.0
"2025-01-27 00:00:00",WN,5,29,-12.0,-7.03,-5.0,-2.97,-0.99,2.0
"2025-01-27 00:00:00",DL,22,91,-16.0,-8.94,-5.99,-1.99,5.99,444.0
"2025-01-27 00:00:00",WN,10,201,-11.0,-5.0,-1.99,1.99,13.07,93.0
"2025-01-27 00:00:00",AA,15,120,-17.0,-5.99,-4.01,2.97,25.79,206.0
"2025-01-27 00:00:00",DL,17,167,-17.0,-10.07,-5.99,-0.99,13.07,157.0
"2025-01-27 00:00:00",AA,16,142,-15.0,-5.99,-2.97,0.99,21.98,154.0
"2025-01-27 00:00:00",WN,12,182,-12.0,-5.0,-1.99,2.97,15.96,55.0
"2025-01-27 00:00:00",AA,14,147,-18.0,-5.99,-2.97,5.0,22.88,168.0
"2025-01-27 00:00:00",WN,14,220,-12.0,-5.0,-1.99,1.99,17.99,100.0
