"2025-03-27 00:00:00",UA,14,127,-14.0,-5.99,-4.01,0.99,12.06,192.0
"2025-03-27 00:00:00",UA,15,94,-12.0,-5.99,-2.97,1.99,29.08,196.0
"2025-03-27 00:00:00",WN,15,214,-13.0,-2.97,0.0,8.94,24.78,238.0
"2025-03-27 00:00:00",UA,9,134,-13.0,-7.92,-5.0,-2.97,1.99,480.0
"2025-03-27 00:00:00",DL,14,155,-15.0,-5.99,-2.97,2.97,15.96,181.0
"2025-03-27 00:00:00",AA,13,146,-12.0,-5.0,-2.97,0.99,21.12,259.0
"2025-03-27 00:00:00",WN,13,245,-11.0,-2.97,0.0,7.92,17.99,139.0
"2025-03-27 00:00:00",AA,18,167,-14.0,-5.0,0.0,8.94,29.08,88.0
"2025-03-27 00:00:00",UA,19,136,-15.0,-5.99,-2.97,5.99,24.78,127.0
"2025-03-27 00:00:00",WN,20,274,-11.0,-4.01,0.0,8.94,22.88,160.0
"2025-03-27 00:00:00",AA,23,29,-14.0,-5.0,-2.97,5.0,10.07,44.0
"2025-03-27 00:00:00",AA,7,221,-15.0,-7.03,-4.01,-0.99,4.01,166.0
"2025-03-27 00:00:00",UA,11,126,-13.0,-7.03,-4.01,-0.99,12.06,198.0
"2025-03-27 00:00:00",WN,8,267,-10.0,-4.01,-1.99,0.0,7.03,60.0
"2025-03-27 00:00:00",AA,8,200,-12.0,-5.99,-4.01,0.0,34.82,206.0
"2025-03-27 00:00:00",DL,5,69,-22.0,-8.94,-5.99,-2.97,0.99,490.0
"2025-03-27 00:00:00",DL,1,2,-10.0,-10.0,-10.0,-10.0,-10.0,7.0
"2025-03-27 00:00:00",AA,11,166,-16.0,-4.01,-1.99,5.0,22.88,178.0
"2025-03-27 00:00:00",UA,5,42,-12.0,-7.03,-5.99,-2.97,1.99,122.0
"2025-03-27 00:00:00",AA,17,156,-23.0,-5.0,2.97,17.99,47.0,188.0
"2025-03-27 00:00:00",UA,1,1,29.0,29.0,29.0,29.0,29.0,29.0
"2025-03-27 00:00:00",UA,22,35,-11.0,-5.99,-1.99,7.92,13.87,96.0
"2025-03-28 00:00:00",DL,1,2,-7.0,-7.0,-7.0,-7.0,-7.0,-5.0
"2025-03-28 00:00:00",AA,8,200,-16.0,-5.99,-2.97,0.0,23.81,551.0
"2025-03-28 00:00:00",AA,7,222,-13.0,-7.03,-5.0,-0.99,7.92,80.0
"2025-03-28 00:00:00",WN,8,266,-12.0,-4.01,-1.99,2.97,19.11,122.0
"2025-03-28 00:00:00",AA,11,166,-12.0,-5.0,-1.99,2.97,36.24,152.0
"2025-03-28 00:00:00",WN,13,243,-10.0,-2.97,1.99,10.91,21.98,336.0
"2025-03-28 00:00:00",AA,13,147,-13.0,-5.0,-0.99,10.91,56.27,442.0
"2025-03-28 00:00:00",UA,1,1,-7.0,-7.0,-7.0,-7.0,-7.0,-7.0
"2025-03-28 00:00:00",DL,5,69,-14.0,-7.03,-5.0,-1.99,4.01,700.0
"2025-03-28 00:00:00",UA,5,42,-13.0,-8.94,-7.03,-4.01,-2.97,27.0
"2025-03-28 00:00:00",DL,14,154,-15.0,-7.03,-1.99,4.01,22.88,329.0
"2025-03-28 00:00:00",WN,20,273,-17.0,-4.01,0.0,15.96,40.86,218.0
"2025-03-28 00:00:00",UA,11,126,-14.0,-5.99,-2.97,2.97,23.81,578.0
"2025-03-28 00:00:00",UA,22,34,-11.0,-7.03,-5.0,-2.97,0.99,24.0
"2025-03-28 00:00:00",AA,23,29,-15.0,-7.03,-2.97,4.01,16.95,117.0
"2025-03-28 00:00:00",UA,9,134,-12.0,-7.03,-4.01,2.97,23.81,305.0
"2025-03-28 00:00:00",UA,14,128,-13.0,-5.99,-2.97,5.0,30.27,187.0
"2025-03-28 00:00:00",AA,18,165,-12.0,-5.0,0.0,13.87,41.68,249.0
"2025-03-28 00:00:00",UA,19,137,-15.0,-5.99,-1.99,5.99,37.72,163.0
"2025-03-28 00:00:00",UA,15,89,-14.0,-5.99,-2.97,8.94,47.0,410.0
"2025-03-28 00:00:00",AA,17,155,-15.0,-5.0,-2.97,8.94,26.84,961.0
"2025-03-28 00:00:00",WN,15,213,-11.0,-2.97,1.99,13.07,48.91,234.0
"2025-03-29 00:00:00",AA,8,177,-10.0,-5.99,-4.01,1.99,22.88,718.0
"2025-03-29 00:00:00",UA,22,37,-10.0,-5.99,-1.99,4.01,30.88,172.0
"2025-03-29 00:00:00",AA,13,134,-14.0,-5.0,-2.97,2.97,40.86,326.0
"2025-03-29 00:00:00",WN,20,232,-19.0,-4.01,0.0,15.03,58.56,188.0
"2025-03-29 00:00:00",DL,1,2,-16.0,-15.96,-15.96,-15.96,-15.96,-5.0
"2025-03-29 00:00:00",UA,9,112,-12.0,-5.99,-4.01,-0.99,7.92,68.0
"2025-03-29 00:00:00",AA,11,151,-12.0,-7.03,-4.01,1.99,27.94,753.0
"2025-03-29 00:00:00",UA,11,110,-14.0,-7.03,-4.01,-1.99,5.99,238.0
"2025-03-29 00:00:00",WN,13,236,-12.0,-4.01,-0.99,4.01,21.12,247.0
"2025-03-29 00:00:00",DL,5,69,-16.0,-8.94,-7.03,-1.99,0.99,313.0
"2025-03-29 00:00:00",UA,19,123,-11.0,-5.99,0.0,13.07,44.26,132.0
"2025-03-29 00:00:00",AA,7,206,-14.0,-7.92,-5.0,-0.99,7.03,963.0
"2025-03-29 00:00:00",UA,1,1,-6.0,-6.0,-6.0,-6.0,-6.0,-6.0
"2025-03-29 00:00:00",AA,17,147,-13.0,-5.99,-1.99,13.87,52.99,979.0
"2025-03-29 00:00:00",AA,18,148,-13.0,-5.0,-0.99,15.96,62.18,1100.0
"2025-03-29 00:00:00",WN,15,220,-11.0,-4.01,-0.99,10.07,36.24,235.0
"2025-03-29 00:00:00",UA,15,79,-14.0,-5.99,-4.01,0.0,36.97,202.0
"2025-03-29 00:00:00",UA,14,114,-17.0,-7.92,-5.0,-1.99,7.03,89.0
"2025-03-29 00:00:00",DL,14,125,-17.0,-7.03,-2.97,2.97,15.03,343.0
"2025-03-29 00:00:00",WN,8,217,-12.0,-5.0,-2.97,0.0,5.0,96.0
"2025-03-29 00:00:00",AA,23,28,-7.0,-4.01,0.99,7.03,34.13,96.0
"2025-03-29 00:00:00",UA,5,50,-14.0,-7.92,-5.0,-2.97,0.0,127.0
"2025-03-30 00:00:00",DL,5,69,-23.0,-8.94,-5.0,-1.99,7.92,383.0
"2025-03-30 00:00:00",UA,19,141,-11.0,7.92,57.4,122.75,159.19,686.0
"2025-03-30 00:00:00",AA,7,222,-18.0,-7.03,-4.01,0.0,15.03,777.0
"2025-03-30 00:00:00",UA,9,142,-15.0,-7.03,-1.99,13.87,36.24,212.0
"2025-03-30 00:00:00",DL,14,148,-15.0,-5.0,0.0,13.87,80.65,1115.0
"2025-03-30 00:00:00",AA,18,137,-14.0,-0.99,19.89,87.37,175.94,1783.0
"2025-03-30 00:00:00",UA,14,122,-12.0,-1.99,13.07,58.56,102.52,384.0
"2025-03-30 00:00:00",UA,15,93,-9.0,0.0,15.03,59.75,125.22,469.0
"2025-03-30 00:00:00",AA,17,128,-13.0,-0.99,24.78,94.64,232.79,1010.0
"2025-03-30 00:00:00",WN,15,220,-10.0,0.99,13.07,41.68,100.49,395.0
"2025-03-30 00:00:00",WN,13,231,-14.0,-0.99,7.03,36.97,72.97,314.0
"2025-03-30 00:00:00",AA,11,160,-15.0,-4.01,0.0,12.06,45.15,1374.0
"2025-03-30 00:00:00",UA,11,117,-14.0,-2.97,2.97,15.03,55.15,235.0
"2025-03-30 00:00:00",AA,13,134,-14.0,-5.0,0.0,30.27,55.15,298.0
"2025-03-30 00:00:00",UA,1,1,58.0,58.0,58.0,58.0,58.0,58.0
"2025-03-30 00:00:00",WN,20,243,-11.0,5.99,25.79,77.49,149.92,385.0
"2025-03-30 00:00:00",UA,5,39,-10.0,-5.99,-2.97,1.99,15.96,119.0
"2025-03-30 00:00:00",UA,22,36,-10.0,-2.97,1.99,26.84,106.71,165.0
"2025-03-30 00:00:00",AA,23,26,-9.0,0.0,16.95,46.07,106.71,219.0
"2025-03-30 00:00:00",AA,8,194,-15.0,-5.99,-2.97,1.99,24.78,165.0
"2025-03-30 00:00:00",WN,8,244,-13.0,-5.0,-1.99,5.0,22.88,143.0
"2025-03-30 00:00:00",DL,1,2,-9.0,-8.94,-8.94,-8.94,-8.94,-8.0
"2025-03-31 00:00:00",UA,14,124,-13.0,-5.0,0.99,47.0,87.37,541.0
"2025-03-31 00:00:00",UA,15,92,-10.0,-1.99,7.92,48.91,104.6,503.0
"2025-03-31 00:00:00",AA,8,188,-13.0,-5.0,-1.99,17.99,66.03,759.0
"2025-03-31 00:00:00",UA,1,2,-10.0,-10.0,-10.0,-10.0,-10.0,13.0
"2025-03-31 00:00:00",DL,1,2,-14.0,-13.87,-13.87,-13.87,-13.87,-8.0
"2025-03-31 00:00:00",AA,13,136,-15.0,-1.99,5.0,41.68,162.41,373.0
"2025-03-31 00:00:00",DL,14,141,-21.0,-1.99,36.97,100.49,183.12,448.0
"2025-03-31 00:00:00",WN,8,261,-13.0,-4.01,-0.99,7.03,46.07,217.0
"2025-03-31 00:00:00",WN,13,242,-7.0,1.99,13.87,47.95,90.93,262.0
"2025-03-31 00:00:00",UA,11,122,-10.0,-4.01,-1.99,13.07,34.13,194.0
"2025-03-31 00:00:00",UA,9,143,-17.0,-5.0,-1.99,7.03,43.38,163.0
"2025-03-31 00:00:00",AA,11,158,-11.0,-2.97,5.0,25.79,79.05,339.0
"2025-03-31 00:00:00",AA,23,24,-6.0,-1.99,16.95,55.15,85.64,208.0
"2025-03-31 00:00:00",WN,15,205,-11.0,0.0,16.95,48.91,120.31,490.0
"2025-03-31 00:00:00",AA,7,211,-11.0,-5.99,-2.97,0.0,21.12,1713.0
"2025-03-31 00:00:00",DL,5,67,-15.0,-7.03,-4.01,-0.99,12.06,698.0
"2025-03-31 00:00:00",UA,5,44,-12.0,-7.03,-5.0,-1.99,2.97,373.0
"2025-03-31 00:00:00",UA,19,138,-17.0,-0.99,13.87,58.56,152.95,929.0
"2025-03-31 00:00:00",WN,20,253,-12.0,4.01,34.82,80.65,141.19,357.0
"2025-03-31 00:00:00",UA,22,29,-10.0,-5.0,7.03,22.88,70.11,282.0
"2025-03-31 00:00:00",AA,18,138,-13.0,0.0,32.14,85.64,172.45,987.0
"2025-03-31 00:00:00",AA,17,135,-14.0,-1.99,22.88,74.45,165.69,1051.0
"2025-04-01 00:00:00",UA,11,124,-15.0,-5.99,-2.97,0.99,10.91,96.0
"2025-04-01 00:00:00",UA,5,38,-14.0,-8.94,-7.03,-4.01,0.0,245.0
"2025-04-01 00:00:00",UA,9,143,-13.0,-5.99,-2.97,0.99,19.89,181.0
"2025-04-01 00:00:00",WN,20,178,-15.0,-5.99,-1.99,10.91,34.13,209.0
"2025-04-01 00:00:00",WN,13,234,-10.0,-4.01,-0.99,7.92,26.84,125.0
"2025-04-01 00:00:00",UA,14,130,-15.0,-7.03,-4.01,0.99,15.96,128.0
"2025-04-01 00:00:00",WN,15,217,-15.0,-4.01,0.99,15.96,32.14,139.0
"2025-04-01 00:00:00",AA,23,27,-15.0,-7.03,-2.97,17.99,58.56,686.0
"2025-04-01 00:00:00",UA,22,31,-13.0,-8.94,-5.0,0.0,19.11,67.0
"2025-04-01 00:00:00",AA,7,210,-16.0,-5.99,-2.97,0.0,16.95,234.0
"2025-04-01 00:00:00",AA,18,163,-15.0,-5.0,-0.99,22.88,71.53,2186.0
"2025-04-01 00:00:00",UA,1,1,13.0,13.0,13.0,13.0,13.0,13.0
"2025-04-01 00:00:00",UA,19,126,-23.0,-7.03,-0.99,7.92,21.12,286.0
"2025-04-01 00:00:00",AA,17,151,-11.0,-5.0,0.99,17.99,62.18,316.0
"2025-04-01 00:00:00",UA,15,97,-16.0,-7.03,-2.97,1.99,29.08,167.0
"2025-04-01 00:00:00",DL,14,137,-15.0,-5.0,0.0,16.95,40.86,1032.0
"2025-04-01 00:00:00",AA,8,188,-17.0,-5.0,-2.97,2.97,49.9,1863.0
"2025-04-01 00:00:00",DL,5,63,-20.0,-10.07,-5.0,-1.99,24.78,416.0
"2025-04-01 00:00:00",DL,1,2,-8.0,-7.92,-7.92,-7.92,-7.92,0.0
"2025-04-01 00:00:00",AA,13,143,-13.0,-5.0,-0.99,19.89,64.72,581.0
"2025-04-01 00:00:00",AA,11,164,-13.0,-5.0,-1.99,7.92,34.82,398.0
"2025-04-01 00:00:00",WN,8,268,-10.0,-4.01,-1.99,1.99,13.07,294.0
"2025-04-02 00:00:00",UA,5,38,-18.0,-8.94,-5.99,-4.01,-1.99,188.0
"2025-04-02 00:00:00",AA,7,216,-14.0,-7.03,-4.01,1.99,24.78,215.0
"2025-04-02 00:00:00",AA,8,193,-13.0,-5.0,-1.99,13.87,47.95,509.0
"2025-04-02 00:00:00",AA,11,157,-14.0,-4.01,7.03,40.86,94.64,586.0
"2025-04-02 00:00:00",UA,11,122,-12.0,-4.01,0.99,59.75,223.66,564.0
"2025-04-02 00:00:00",AA,13,139,-23.0,-2.97,7.03,60.95,146.95,438.0
"2025-04-02 00:00:00",WN,13,230,-14.0,-1.99,5.0,27.94,67.36,284.0
"2025-04-02 00:00:00",DL,14,139,-13.0,-4.01,1.99,16.95,57.4,386.0
"2025-04-02 00:00:00",UA,14,121,-13.0,-5.0,0.99,52.99,156.04,329.0
"2025-04-02 00:00:00",WN,15,215,-11.0,-1.99,8.94,30.88,74.45,350.0
"2025-04-02 00:00:00",UA,15,94,-13.0,-5.99,1.99,40.86,159.19,307.0
"2025-04-02 00:00:00",AA,17,137,-25.0,-1.99,16.95,66.03,159.19,1167.0
"2025-04-02 00:00:00",AA,18,145,-11.0,-0.99,12.06,56.27,115.6,843.0
"2025-04-02 00:00:00",UA,19,130,-20.0,-4.01,4.01,41.68,156.04,897.0
"2025-04-02 00:00:00",WN,20,179,-11.0,-1.99,12.06,43.38,92.77,284.0
"2025-04-02 00:00:00",UA,22,32,-9.0,-5.0,-1.99,7.92,27.94,142.0
"2025-04-02 00:00:00",AA,23,21,-11.0,-1.99,1.99,17.99,82.28,480.0
"2025-04-02 00:00:00",DL,1,2,24.0,24.0,24.0,24.0,24.0,135.0
"2025-04-02 00:00:00",DL,5,68,-14.0,-10.07,-7.03,-4.01,1.99,86.0
"2025-04-02 00:00:00",UA,1,1,-8.0,-8.0,-8.0,-8.0,-8.0,-8.0
"2025-04-02 00:00:00",WN,8,258,-12.0,-5.0,-1.99,5.0,29.08,284.0
"2025-04-02 00:00:00",UA,9,142,-16.0,-5.99,-1.99,12.06,104.6,390.0
