"2025-04-15 00:00:00",AA,9,139,-13.0,-5.99,-4.01,0.0,15.96,240.0
"2025-04-15 00:00:00",DL,21,81,-16.0,-7.03,-4.01,0.0,13.07,55.0
"2025-04-15 00:00:00",WN,17,248,-13.0,-5.0,-1.99,7.03,22.88,256.0
"2025-04-15 00:00:00",DL,23,29,-18.0,-10.07,-5.99,-1.99,1.99,17.0
"2025-04-15 00:00:00",DL,6,190,-21.0,-8.94,-5.99,-2.97,1.99,291.0
"2025-04-15 00:00:00",AA,21,82,-15.0,-5.99,-2.97,2.97,13.87,83.0
"2025-04-15 00:00:00",WN,21,95,-14.0,-7.03,-4.01,2.97,19.89,100.0
"2025-04-15 00:00:00",AA,1,1,-16.0,-16.0,-16.0,-16.0,-16.0,-16.0
"2025-04-15 00:00:00",AA,19,151,-16.0,-7.03,-4.01,2.97,21.12,244.0
"2025-04-15 00:00:00",AA,6,188,-19.0,-7.92,-5.99,-2.97,0.99,269.0
"2025-04-15 00:00:00",AA,20,132,-16.0,-5.99,-4.01,1.99,17.99,210.0
"2025-04-15 00:00:00",UA,16,138,-17.0,-7.92,-5.0,-0.99,13.07,158.0
"2025-04-15 00:00:00",UA,13,123,-14.0,-7.92,-4.01,0.99,13.87,114.0
"2025-04-15 00:00:00",DL,16,129,-15.0,-7.03,-5.0,-0.99,12.06,329.0
"2025-04-15 00:00:00",WN,9,195,-11.0,-5.0,-2.97,0.99,8.94,62.0
"2025-04-15 00:00:00",DL,15,180,-17.0,-7.03,-4.01,0.99,16.95,538.0
"2025-04-15 00:00:00",DL,11,208,-17.0,-7.92,-5.0,0.0,8.94,148.0
"2025-04-15 00:00:00",AA,5,103,-14.0,-8.94,-7.03,-2.97,13.07,556.0
"2025-04-15 00:00:00",DL,13,147,-21.0,-8.94,-5.0,-1.99,7.03,52.0
"2025-04-16 00:00:00",AA,5,109,-16.0,-7.92,-5.99,-2.97,1.99,79.0
"2025-04-16 00:00:00",DL,6,188,-18.0,-10.07,-7.03,-2.97,2.97,559.0
"2025-04-16 00:00:00",AA,9,135,-15.0,-5.99,-4.01,0.0,13.07,214.0
"2025-04-16 00:00:00",DL,11,206,-17.0,-7.03,-4.01,0.0,13.07,153.0
"2025-04-16 00:00:00",DL,13,148,-19.0,-7.03,-2.97,1.99,21.12,1138.0
"2025-04-16 00:00:00",UA,13,125,-14.0,-7.03,-5.0,-0.99,5.0,220.0
"2025-04-16 00:00:00",DL,15,178,-14.0,-5.99,-2.97,1.99,30.88,196.0
"2025-04-16 00:00:00",DL,16,130,-15.0,-5.99,-4.01,1.99,27.94,132.0
"2025-04-16 00:00:00",UA,16,139,-15.0,-7.03,-2.97,0.0,21.98,160.0
"2025-04-16 00:00:00",AA,1,1,-13.0,-13.0,-13.0,-13.0,-13.0,-13.0
"2025-04-16 00:00:00",WN,17,249,-10.0,-4.01,0.0,10.91,48.91,121.0
"2025-04-16 00:00:00",AA,19,155,-19.0,-5.99,-1.99,10.91,56.27,297.0
"2025-04-16 00:00:00",AA,20,130,-18.0,-5.0,-1.99,13.07,47.95,1550.0
"2025-04-16 00:00:00",AA,21,87,-14.0,-5.99,-2.97,5.0,27.94,175.0
"2025-04-16 00:00:00",WN,21,95,-10.0,-5.99,-0.99,15.03,54.06,158.0
"2025-04-16 00:00:00",DL,21,82,-15.0,-5.99,-4.01,-0.99,8.94,182.0
"2025-04-16 00:00:00",DL,23,28,-15.0,-8.94,-5.99,-0.99,19.11,31.0
"2025-04-16 00:00:00",AA,6,193,-16.0,-7.92,-5.99,-2.97,0.0,234.0
"2025-04-16 00:00:00",WN,9,194,-13.0,-5.0,-2.97,0.0,5.0,121.0
"2025-04-17 00:00:00",AA,19,158,-14.0,-2.97,2.97,30.88,58.56,826.0
"2025-04-17 00:00:00",DL,15,189,-11.0,-5.0,-1.99,5.0,34.82,482.0
"2025-04-17 00:00:00",AA,5,111,-13.0,-7.92,-5.99,-2.97,0.99,376.0
"2025-04-17 00:00:00",AA,6,195,-12.0,-7.03,-5.0,-1.99,0.0,1049.0
"2025-04-17 00:00:00",DL,6,189,-16.0,-7.92,-5.0,-1.99,0.99,75.0
"2025-04-17 00:00:00",AA,9,134,-12.0,-5.0,-2.97,4.01,29.08,330.0
"2025-04-17 00:00:00",WN,9,235,-10.0,-4.01,-1.99,1.99,15.03,107.0
"2025-04-17 00:00:00",DL,11,210,-16.0,-7.03,-2.97,4.01,19.89,382.0
"2025-04-17 00:00:00",UA,13,125,-13.0,-7.03,-4.01,5.0,30.88,217.0
"2025-04-17 00:00:00",DL,13,153,-18.0,-5.99,-1.99,7.92,36.97,214.0
"2025-04-17 00:00:00",DL,16,140,-11.0,-5.0,-1.99,10.07,23.81,251.0
"2025-04-17 00:00:00",UA,16,142,-16.0,-5.0,-0.99,21.12,67.36,580.0
"2025-04-17 00:00:00",WN,17,243,-10.0,1.99,13.87,36.97,63.44,445.0
"2025-04-17 00:00:00",DL,23,34,-14.0,-5.0,0.99,13.07,32.79,161.0
"2025-04-17 00:00:00",AA,1,1,-5.0,-5.0,-5.0,-5.0,-5.0,-5.0
"2025-04-17 00:00:00",AA,20,134,-11.0,-4.01,0.0,13.87,32.14,122.0
"2025-04-17 00:00:00",AA,21,88,-9.0,-4.01,0.0,17.99,46.07,621.0
"2025-04-17 00:00:00",DL,21,102,-17.0,-5.0,-0.99,5.99,19.11,874.0
"2025-04-17 00:00:00",WN,21,193,-13.0,-0.99,10.07,32.79,58.56,119.0
"2025-04-18 00:00:00",AA,5,111,-14.0,-7.92,-5.99,-4.01,0.0,77.0
"2025-04-18 00:00:00",UA,16,140,-14.0,-5.0,1.99,89.13,219.23,410.0
"2025-04-18 00:00:00",AA,1,1,-9.0,-9.0,-9.0,-9.0,-9.0,-9.0
"2025-04-18 00:00:00",AA,21,87,-16.0,-5.99,-2.97,7.92,36.97,726.0
"2025-04-18 00:00:00",DL,21,101,-13.0,-7.03,-4.01,2.97,15.03,814.0
"2025-04-18 00:00:00",DL,11,216,-16.0,-7.92,-5.0,-0.99,12.06,199.0
"2025-04-18 00:00:00",WN,21,188,-11.0,-5.0,0.99,34.82,132.97,272.0
"2025-04-18 00:00:00",DL,23,35,-17.0,-8.94,-5.0,1.99,19.89,105.0
"2025-04-18 00:00:00",AA,20,134,-19.0,-5.0,-1.99,13.07,36.97,508.0
"2025-04-18 00:00:00",WN,17,237,-10.0,-2.97,5.0,44.26,141.19,290.0
"2025-04-18 00:00:00",AA,19,159,-18.0,-7.03,-0.99,13.87,41.68,181.0
"2025-04-18 00:00:00",UA,13,127,-13.0,-5.0,0.99,80.65,223.66,474.0
"2025-04-18 00:00:00",AA,6,195,-12.0,-7.03,-5.0,-1.99,0.99,271.0
"2025-04-18 00:00:00",WN,9,236,-12.0,-4.01,0.0,10.07,32.14,150.0
"2025-04-18 00:00:00",DL,13,152,-13.0,-7.03,-4.01,0.99,10.91,155.0
"2025-04-18 00:00:00",DL,6,190,-16.0,-7.92,-5.0,-1.99,5.0,384.0
"2025-04-18 00:00:00",DL,15,192,-17.0,-5.99,-2.97,4.01,22.88,299.0
"2025-04-18 00:00:00",AA,9,134,-11.0,-5.99,-2.97,2.97,16.95,123.0
"2025-04-18 00:00:00",DL,16,139,-14.0,-5.99,-1.99,5.99,26.84,272.0
"2025-04-19 00:00:00",AA,6,183,-14.0,-7.03,-4.01,7.03,85.64,478.0
"2025-04-19 00:00:00",AA,9,116,-13.0,-5.0,-0.99,13.07,71.53,543.0
"2025-04-19 00:00:00",DL,16,118,-23.0,-5.99,-2.97,7.92,30.27,248.0
"2025-04-19 00:00:00",WN,9,222,-12.0,-5.0,-1.99,5.0,15.96,275.0
"2025-04-19 00:00:00",UA,16,117,-15.0,-8.94,-5.99,-1.99,7.03,122.0
"2025-04-19 00:00:00",WN,17,223,-16.0,-5.99,-1.99,5.99,25.79,174.0
"2025-04-19 00:00:00",UA,13,116,-19.0,-7.92,-4.01,1.99,21.12,272.0
"2025-04-19 00:00:00",DL,15,185,-18.0,-7.92,-4.01,1.99,15.96,233.0
"2025-04-19 00:00:00",DL,13,142,-16.0,-8.94,-5.0,1.99,26.84,592.0
"2025-04-19 00:00:00",DL,11,194,-22.0,-7.03,-4.01,1.99,21.12,139.0
"2025-04-19 00:00:00",AA,20,126,-18.0,-4.01,0.0,19.11,48.91,766.0
"2025-04-19 00:00:00",AA,5,101,-14.0,-8.94,-5.0,0.0,44.26,446.0
"2025-04-19 00:00:00",DL,6,179,-16.0,-8.94,-5.99,-2.97,1.99,932.0
"2025-04-19 00:00:00",AA,21,83,-17.0,-7.03,-1.99,5.0,60.95,185.0
"2025-04-19 00:00:00",DL,21,84,-14.0,-8.94,-5.0,0.0,16.95,169.0
"2025-04-19 00:00:00",WN,21,36,-12.0,-4.01,-0.99,7.92,23.81,45.0
"2025-04-19 00:00:00",DL,23,29,-18.0,-7.03,-2.97,2.97,30.27,545.0
"2025-04-19 00:00:00",AA,19,126,-16.0,-7.03,-1.99,21.12,59.75,242.0
"2025-04-19 00:00:00",AA,1,1,-7.0,-7.0,-7.0,-7.0,-7.0,-7.0
"2025-04-20 00:00:00",UA,13,125,-13.0,-7.03,-4.01,2.97,22.88,353.0
"2025-04-20 00:00:00",DL,11,215,-20.0,-7.03,-4.01,0.0,25.79,362.0
"2025-04-20 00:00:00",DL,15,193,-14.0,-5.99,-2.97,2.97,30.27,332.0
"2025-04-20 00:00:00",AA,6,178,-14.0,-7.92,-4.01,7.92,62.18,1139.0
"2025-04-20 00:00:00",DL,13,152,-19.0,-7.03,-4.01,7.03,24.78,503.0
"2025-04-20 00:00:00",AA,5,95,-19.0,-8.94,-5.99,-0.99,36.24,157.0
"2025-04-20 00:00:00",AA,9,129,-14.0,-5.99,-2.97,7.92,37.72,141.0
"2025-04-20 00:00:00",DL,16,141,-13.0,-5.0,-1.99,5.0,36.97,217.0
"2025-04-20 00:00:00",WN,9,207,-13.0,-5.99,-4.01,0.0,10.07,173.0
"2025-04-20 00:00:00",DL,6,181,-21.0,-7.92,-5.0,0.0,8.94,481.0
"2025-04-20 00:00:00",WN,21,181,-15.0,-2.97,1.99,19.11,52.99,173.0
"2025-04-20 00:00:00",UA,16,138,-11.0,-5.99,-0.99,13.07,117.93,401.0
"2025-04-20 00:00:00",DL,21,101,-17.0,-5.0,-1.99,7.03,29.08,242.0
"2025-04-20 00:00:00",DL,23,35,-12.0,-5.99,-2.97,1.99,10.07,34.0
"2025-04-20 00:00:00",WN,17,231,-14.0,-4.01,-0.99,7.92,36.24,217.0
"2025-04-20 00:00:00",AA,20,136,-11.0,-4.01,2.97,21.12,47.95,611.0
"2025-04-20 00:00:00",AA,21,87,-16.0,-4.01,4.01,23.81,59.75,437.0
"2025-04-20 00:00:00",AA,19,161,-18.0,-5.0,-0.99,34.82,108.86,820.0
