"2025-01-28 00:00:00",AA,23,19,-10.0,-8.94,-4.01,0.0,23.81,46.0
"2025-01-28 00:00:00",UA,22,21,-21.0,-13.07,-7.03,-1.99,46.07,102.0
"2025-01-28 00:00:00",UA,14,112,-20.0,-10.07,-7.03,-4.01,4.01,123.0
"2025-01-28 00:00:00",WN,8,246,-12.0,-5.99,-5.0,-2.97,5.0,101.0
"2025-01-28 00:00:00",UA,9,139,-15.0,-7.92,-5.99,-1.99,7.03,102.0
"2025-01-28 00:00:00",DL,5,68,-18.0,-10.91,-7.92,-5.0,0.0,49.0
"2025-01-28 00:00:00",AA,7,161,-16.0,-8.94,-7.03,-4.01,-0.99,87.0
"2025-01-28 00:00:00",UA,15,81,-16.0,-10.07,-5.99,-1.99,8.94,53.0
"2025-01-28 00:00:00",WN,20,167,-15.0,-7.92,-5.99,-4.01,0.0,56.0
"2025-01-28 00:00:00",UA,5,23,-13.0,-10.07,-7.03,-5.0,8.94,120.0
"2025-01-28 00:00:00",AA,8,186,-18.0,-7.92,-5.0,-1.99,2.97,94.0
"2025-01-28 00:00:00",WN,15,231,-14.0,-7.03,-5.0,-2.97,1.99,91.0
"2025-01-28 00:00:00",DL,1,2,-9.0,-8.94,-8.94,-8.94,-8.94,-6.0
"2025-01-28 00:00:00",AA,17,148,-16.0,-8.94,-5.99,0.0,12.06,180.0
"2025-01-28 00:00:00",UA,19,94,-24.0,-8.94,-5.99,-1.99,10.07,125.0
"2025-01-28 00:00:00",AA,11,146,-16.0,-7.92,-4.01,-1.99,2.97,109.0
"2025-01-28 00:00:00",UA,11,116,-15.0,-7.92,-5.0,-1.99,2.97,107.0
"2025-01-28 00:00:00",AA,18,137,-24.0,-8.94,-5.0,-1.99,10.91,940.0
"2025-01-28 00:00:00",AA,13,124,-15.0,-7.92,-5.0,-2.97,8.94,110.0
"2025-01-28 00:00:00",WN,13,240,-14.0,-7.03,-5.0,-1.99,4.01,117.0
"2025-01-28 00:00:00",DL,14,118,-17.0,-7.92,-5.0,-0.99,10.91,62.0
"2025-01-28 00:00:00",UA,1,1,-14.0,-14.0,-14.0,-14.0,-14.0,-14.0
"2025-01-29 00:00:00",UA,22,26,-12.0,-7.03,-5.99,-4.01,-0.99,3.0
"2025-01-29 00:00:00",AA,23,18,-11.0,-5.99,-5.0,-0.99,1.99,64.0
"2025-01-29 00:00:00",AA,13,123,-14.0,-7.03,-4.01,0.0,8.94,135.0
"2025-01-29 00:00:00",UA,14,116,-18.0,-8.94,-5.99,-0.99,19.89,158.0
"2025-01-29 00:00:00",WN,15,230,-14.0,-7.03,-4.01,-0.99,5.99,258.0
"2025-01-29 00:00:00",UA,5,25,-13.0,-10.07,-7.92,-1.99,1.99,169.0
"2025-01-29 00:00:00",UA,11,118,-19.0,-7.92,-5.0,0.0,5.0,101.0
"2025-01-29 00:00:00",UA,1,1,4.0,4.0,4.0,4.0,4.0,4.0
"2025-01-29 00:00:00",WN,13,242,-15.0,-5.99,-4.01,-0.99,7.03,267.0
"2025-01-29 00:00:00",DL,5,68,-21.0,-10.07,-7.03,-4.01,2.97,133.0
"2025-01-29 00:00:00",UA,9,141,-17.0,-7.03,-4.01,0.0,7.92,285.0
"2025-01-29 00:00:00",AA,11,144,-14.0,-7.03,-4.01,0.0,12.06,140.0
"2025-01-29 00:00:00",AA,7,161,-14.0,-8.94,-5.99,-2.97,2.97,640.0
"2025-01-29 00:00:00",WN,8,246,-12.0,-5.99,-4.01,-1.99,0.0,100.0
"2025-01-29 00:00:00",AA,8,185,-14.0,-7.03,-5.0,-1.99,2.97,361.0
"2025-01-29 00:00:00",DL,14,121,-21.0,-8.94,-5.0,-1.99,5.99,95.0
"2025-01-29 00:00:00",UA,15,83,-19.0,-7.03,-4.01,0.99,16.95,84.0
"2025-01-29 00:00:00",AA,17,150,-14.0,-7.92,-5.0,-0.99,21.12,277.0
"2025-01-29 00:00:00",AA,18,128,-26.0,-7.03,-2.97,1.99,19.89,1126.0
"2025-01-29 00:00:00",DL,1,2,-11.0,-10.91,-10.91,-10.91,-10.91,13.0
"2025-01-29 00:00:00",UA,19,99,-16.0,-7.92,-2.97,1.99,13.07,110.0
"2025-01-29 00:00:00",WN,20,162,-15.0,-7.03,-5.0,-0.99,19.89,86.0
"2025-01-30 00:00:00",DL,5,68,-19.0,-7.92,-5.99,-1.99,1.99,586.0
"2025-01-30 00:00:00",AA,18,166,-17.0,-5.0,-0.99,13.87,51.94,212.0
"2025-01-30 00:00:00",DL,1,2,-10.0,-10.0,-10.0,-10.0,-10.0,72.0
"2025-01-30 00:00:00",UA,5,25,-12.0,-10.07,-7.03,-5.0,-2.97,42.0
"2025-01-30 00:00:00",UA,14,117,-19.0,-7.03,-4.01,0.99,19.11,402.0
"2025-01-30 00:00:00",UA,19,103,-14.0,-7.92,-2.97,0.0,8.94,171.0
"2025-01-30 00:00:00",AA,23,27,-9.0,-5.0,-1.99,0.99,2.97,36.0
"2025-01-30 00:00:00",UA,11,119,-14.0,-7.03,-4.01,5.0,15.03,144.0
"2025-01-30 00:00:00",WN,20,165,-15.0,-5.0,-0.99,7.03,30.27,70.0
"2025-01-30 00:00:00",UA,22,24,-13.0,-7.92,-5.0,-1.99,0.99,59.0
"2025-01-30 00:00:00",WN,15,228,-13.0,-4.01,-0.99,5.99,19.89,242.0
"2025-01-30 00:00:00",UA,1,1,-9.0,-9.0,-9.0,-9.0,-9.0,-9.0
"2025-01-30 00:00:00",UA,15,93,-16.0,-7.03,-2.97,0.0,15.96,149.0
"2025-01-30 00:00:00",AA,17,158,-14.0,-4.01,1.99,24.78,74.45,239.0
"2025-01-30 00:00:00",DL,14,131,-18.0,-7.03,-2.97,1.99,15.96,143.0
"2025-01-30 00:00:00",AA,7,177,-14.0,-7.03,-4.01,-0.99,8.94,388.0
"2025-01-30 00:00:00",AA,8,160,-13.0,-5.99,-4.01,-0.99,10.07,868.0
"2025-01-30 00:00:00",WN,13,238,-13.0,-4.01,-0.99,5.99,19.11,140.0
"2025-01-30 00:00:00",AA,13,134,-16.0,-5.0,-0.99,12.06,57.4,367.0
"2025-01-30 00:00:00",AA,11,149,-12.0,-5.0,-0.99,10.07,51.94,599.0
"2025-01-30 00:00:00",WN,8,243,-11.0,-5.0,-2.97,0.0,8.94,84.0
"2025-01-30 00:00:00",UA,9,155,-19.0,-7.03,-2.97,5.0,19.89,184.0
"2025-01-31 00:00:00",UA,14,118,-15.0,-7.03,-4.01,0.99,16.95,171.0
"2025-01-31 00:00:00",DL,5,68,-12.0,-7.92,-5.0,-0.99,1.99,183.0
"2025-01-31 00:00:00",AA,7,208,-13.0,-7.03,-4.01,0.0,7.92,1368.0
"2025-01-31 00:00:00",AA,8,190,-12.0,-5.99,-4.01,-0.99,15.03,245.0
"2025-01-31 00:00:00",UA,15,92,-17.0,-7.03,-2.97,5.99,21.98,187.0
"2025-01-31 00:00:00",AA,11,159,-12.0,-5.0,-1.99,2.97,24.78,1155.0
"2025-01-31 00:00:00",UA,11,119,-12.0,-5.99,-2.97,0.0,19.89,141.0
"2025-01-31 00:00:00",WN,13,240,-14.0,-5.0,-0.99,4.01,21.98,164.0
"2025-01-31 00:00:00",DL,1,2,-7.0,-7.0,-7.0,-7.0,-7.0,-2.0
"2025-01-31 00:00:00",DL,14,133,-16.0,-5.99,-1.99,5.0,19.11,152.0
"2025-01-31 00:00:00",UA,1,1,-14.0,-14.0,-14.0,-14.0,-14.0,-14.0
"2025-01-31 00:00:00",WN,8,242,-12.0,-5.0,-1.99,0.0,16.95,144.0
"2025-01-31 00:00:00",WN,15,230,-12.0,-4.01,0.0,7.92,30.88,157.0
"2025-01-31 00:00:00",AA,17,158,-17.0,-5.99,-2.97,0.99,22.88,142.0
"2025-01-31 00:00:00",UA,19,101,-15.0,-7.03,-2.97,5.99,19.89,92.0
"2025-01-31 00:00:00",WN,20,167,-13.0,-5.0,-1.99,4.01,15.96,79.0
"2025-01-31 00:00:00",UA,22,25,-12.0,-5.99,-2.97,2.97,7.92,13.0
"2025-01-31 00:00:00",AA,23,21,-19.0,-7.03,-4.01,0.0,24.78,101.0
"2025-01-31 00:00:00",UA,9,157,-16.0,-7.03,-2.97,0.99,15.96,197.0
"2025-01-31 00:00:00",AA,13,133,-15.0,-5.99,-2.97,5.99,34.13,247.0
"2025-01-31 00:00:00",UA,5,25,-13.0,-7.92,-5.0,-2.97,8.94,377.0
"2025-01-31 00:00:00",AA,18,144,-18.0,-5.0,-1.99,1.99,13.87,149.0
"2025-02-01 00:00:00",UA,11,108,-13.0,-5.99,-1.99,4.01,16.95,112.0
"2025-02-01 00:00:00",UA,22,23,-15.0,-7.03,-1.99,8.94,30.27,56.0
"2025-02-01 00:00:00",DL,14,118,-15.0,-7.03,-2.97,7.92,21.12,228.0
"2025-02-01 00:00:00",UA,14,109,-15.0,-7.03,-4.01,2.97,13.07,281.0
"2025-02-01 00:00:00",WN,15,181,-13.0,-5.99,-2.97,1.99,19.11,192.0
"2025-02-01 00:00:00",AA,18,138,-22.0,-7.03,-4.01,4.01,19.89,251.0
"2025-02-01 00:00:00",WN,20,36,-13.0,-7.03,-5.0,-0.99,0.99,12.0
"2025-02-01 00:00:00",AA,23,21,-10.0,-5.99,-4.01,-0.99,0.0,126.0
"2025-02-01 00:00:00",WN,13,202,-12.0,-5.0,-1.99,1.99,10.91,86.0
"2025-02-01 00:00:00",UA,1,1,-8.0,-8.0,-8.0,-8.0,-8.0,-8.0
"2025-02-01 00:00:00",UA,5,24,-10.0,-8.94,-5.99,0.99,10.91,131.0
"2025-02-01 00:00:00",UA,15,76,-15.0,-7.92,-5.0,1.99,16.95,393.0
"2025-02-01 00:00:00",AA,11,133,-13.0,-5.99,-4.01,0.0,12.06,334.0
"2025-02-01 00:00:00",AA,8,176,-16.0,-7.03,-5.0,-1.99,19.89,1731.0
"2025-02-01 00:00:00",DL,1,2,-10.0,-10.0,-10.0,-10.0,-10.0,-7.0
"2025-02-01 00:00:00",DL,5,57,-18.0,-8.94,-5.99,-1.99,7.92,246.0
"2025-02-01 00:00:00",UA,19,81,-16.0,-5.99,-2.97,5.0,15.03,99.0
"2025-02-01 00:00:00",WN,8,235,-13.0,-5.99,-4.01,-0.99,4.01,165.0
"2025-02-01 00:00:00",AA,7,155,-13.0,-7.92,-5.0,-1.99,4.01,221.0
"2025-02-01 00:00:00",AA,13,116,-14.0,-7.03,-4.01,0.0,13.87,1346.0
"2025-02-01 00:00:00",UA,9,131,-13.0,-5.99,-2.97,2.97,21.12,401.0
"2025-02-01 00:00:00",AA,17,142,-15.0,-8.94,-5.0,-0.99,7.03,145.0
"2025-02-02 00:00:00",UA,5,24,-15.0,-10.07,-5.0,-5.0,-4.01,116.0
"2025-02-02 00:00:00",UA,22,25,-13.0,-7.03,-1.99,13.07,16.95,43.0
"2025-02-02 00:00:00",UA,19,105,-14.0,-5.0,-0.99,10.91,43.38,135.0
"2025-02-02 00:00:00",WN,8,269,-14.0,-5.99,-4.01,-0.99,8.94,329.0
"2025-02-02 00:00:00",WN,13,242,-13.0,-4.01,0.0,5.99,24.78,159.0
"2025-02-02 00:00:00",UA,14,113,-15.0,-7.03,-4.01,1.99,24.78,305.0
"2025-02-02 00:00:00",AA,8,192,-13.0,-7.92,-4.01,-0.99,10.91,160.0
"2025-02-02 00:00:00",AA,7,178,-13.0,-7.92,-5.0,-1.99,8.94,1023.0
"2025-02-02 00:00:00",UA,11,116,-12.0,-5.99,-0.99,5.0,16.95,227.0
"2025-02-02 00:00:00",UA,9,146,-14.0,-5.99,-4.01,-0.99,13.07,232.0
"2025-02-02 00:00:00",AA,13,140,-10.0,-5.0,-1.99,4.01,26.84,601.0
"2025-02-02 00:00:00",AA,23,27,-16.0,-8.94,-1.99,0.0,13.87,54.0
"2025-02-02 00:00:00",AA,18,165,-13.0,-5.0,-1.99,4.01,30.88,170.0
"2025-02-02 00:00:00",WN,15,224,-13.0,-4.01,0.0,10.91,34.82,152.0
"2025-02-02 00:00:00",AA,17,159,-14.0,-5.99,-1.99,8.94,32.79,136.0
"2025-02-02 00:00:00",UA,1,1,-12.0,-12.0,-12.0,-12.0,-12.0,-12.0
"2025-02-02 00:00:00",UA,15,92,-17.0,-7.92,-5.0,2.97,27.94,168.0
"2025-02-02 00:00:00",DL,1,2,-6.0,-5.99,-5.99,-5.99,-5.99,70.0
"2025-02-02 00:00:00",DL,5,68,-17.0,-8.94,-5.99,-2.97,19.11,318.0
"2025-02-02 00:00:00",AA,11,155,-14.0,-5.0,-2.97,1.99,39.25,1311.0
"2025-02-02 00:00:00",DL,14,132,-15.0,-7.03,-2.97,2.97,21.98,229.0
"2025-02-02 00:00:00",WN,20,176,-12.0,-4.01,0.0,16.95,43.38,148.0
"2025-02-03 00:00:00",AA,7,209,-14.0,-7.03,-5.0,-0.99,5.99,502.0
"2025-02-03 00:00:00",WN,20,164,-15.0,-7.03,-4.01,0.0,15.03,161.0
"2025-02-03 00:00:00",AA,18,144,-17.0,-7.03,-5.0,0.0,12.06,352.0
"2025-02-03 00:00:00",UA,5,24,-14.0,-7.92,-5.99,-1.99,0.0,10.0
"2025-02-03 00:00:00",UA,19,102,-16.0,-7.03,-2.97,5.99,39.25,201.0
"2025-02-03 00:00:00",DL,5,68,-15.0,-8.94,-5.99,-0.99,15.03,1052.0
"2025-02-03 00:00:00",AA,23,21,-15.0,-10.07,-5.0,-0.99,7.92,58.0
"2025-02-03 00:00:00",DL,1,2,-8.0,-7.92,-7.92,-7.92,-7.92,76.0
"2025-02-03 00:00:00",UA,22,23,-19.0,-8.94,-7.03,-4.01,4.01,82.0
"2025-02-03 00:00:00",UA,1,1,7.0,7.0,7.0,7.0,7.0,7.0
"2025-02-03 00:00:00",AA,8,194,-12.0,-5.99,-4.01,-0.99,10.07,828.0
"2025-02-03 00:00:00",WN,13,238,-15.0,-5.0,-1.99,1.99,19.11,325.0
"2025-02-03 00:00:00",UA,15,93,-19.0,-7.92,-4.01,5.0,57.4,161.0
"2025-02-03 00:00:00",AA,17,156,-15.0,-7.03,-4.01,0.99,34.82,838.0
"2025-02-03 00:00:00",DL,14,131,-18.0,-5.99,-1.99,8.94,40.86,87.0
"2025-02-03 00:00:00",WN,15,229,-15.0,-5.99,-2.97,7.03,19.89,122.0
"2025-02-03 00:00:00",UA,14,117,-13.0,-7.03,-2.97,5.99,19.89,225.0
"2025-02-03 00:00:00",WN,8,243,-10.0,-5.0,-1.99,0.99,15.96,239.0
"2025-02-03 00:00:00",UA,11,120,-15.0,-5.0,-2.97,1.99,19.89,284.0
"2025-02-03 00:00:00",AA,13,131,-15.0,-7.03,-4.01,2.97,24.78,231.0
"2025-02-03 00:00:00",UA,9,155,-11.0,-5.99,-2.97,-0.99,10.07,129.0
"2025-02-03 00:00:00",AA,11,156,-15.0,-5.0,-2.97,0.99,13.07,634.0
