"2025-03-21 00:00:00",DL,23,40,-12.0,-4.01,0.0,15.03,24.78,198.0
"2025-03-21 00:00:00",WN,17,244,-11.0,-2.97,0.99,12.06,34.82,242.0
"2025-03-21 00:00:00",DL,11,205,-15.0,-5.99,-0.99,13.87,55.15,539.0
"2025-03-21 00:00:00",AA,6,190,-14.0,-7.03,-4.01,-1.99,5.0,809.0
"2025-03-21 00:00:00",UA,13,139,-15.0,-5.99,-2.97,1.99,22.88,710.0
"2025-03-21 00:00:00",AA,5,110,-14.0,-7.92,-5.0,-1.99,4.01,1598.0
"2025-03-21 00:00:00",AA,9,133,-13.0,-5.99,-2.97,0.0,21.12,420.0
"2025-03-21 00:00:00",WN,21,167,-13.0,-5.0,0.99,15.03,41.68,173.0
"2025-03-21 00:00:00",UA,16,145,-15.0,-7.03,-2.97,4.01,32.14,333.0
"2025-03-21 00:00:00",DL,13,159,-19.0,-5.99,-0.99,13.07,57.4,396.0
"2025-03-21 00:00:00",DL,15,176,-13.0,-5.0,-0.99,23.81,71.53,141.0
"2025-03-21 00:00:00",WN,9,237,-12.0,-4.01,-1.99,0.99,13.87,209.0
"2025-03-21 00:00:00",DL,6,189,-18.0,-7.92,-5.0,-0.99,4.01,265.0
"2025-03-21 00:00:00",AA,21,89,-17.0,-4.01,0.0,15.96,74.45,1420.0
"2025-03-21 00:00:00",DL,16,137,-15.0,-5.99,-0.99,19.11,36.24,237.0
"2025-03-21 00:00:00",DL,21,101,-14.0,-5.0,-1.99,4.01,26.84,82.0
"2025-03-21 00:00:00",AA,20,130,-19.0,-5.0,-0.99,16.95,60.95,478.0
"2025-03-21 00:00:00",AA,19,161,-14.0,-5.0,-0.99,23.81,68.72,428.0
"2025-03-22 00:00:00",WN,21,170,-12.0,-4.01,0.0,10.91,36.24,89.0
"2025-03-22 00:00:00",DL,15,165,-17.0,-5.99,-2.97,5.0,39.25,374.0
"2025-03-22 00:00:00",DL,13,132,-16.0,-7.03,-2.97,2.97,26.84,191.0
"2025-03-22 00:00:00",DL,21,86,-15.0,-5.0,-1.99,4.01,15.96,67.0
"2025-03-22 00:00:00",DL,11,198,-19.0,-5.99,-4.01,0.0,12.06,114.0
"2025-03-22 00:00:00",DL,23,25,-12.0,-7.92,-2.97,-0.99,2.97,28.0
"2025-03-22 00:00:00",AA,5,109,-12.0,-7.03,-5.0,-1.99,5.0,1089.0
"2025-03-22 00:00:00",AA,9,117,-12.0,-5.99,-2.97,0.99,17.99,358.0
"2025-03-22 00:00:00",AA,20,127,-20.0,-5.0,0.0,23.81,50.91,154.0
"2025-03-22 00:00:00",UA,16,128,-19.0,-5.99,-1.99,4.01,52.99,200.0
"2025-03-22 00:00:00",AA,21,90,-13.0,-2.97,2.97,22.88,66.03,623.0
"2025-03-22 00:00:00",DL,16,108,-18.0,-7.03,-2.97,4.01,34.13,305.0
"2025-03-22 00:00:00",DL,6,180,-18.0,-8.94,-5.0,0.0,7.03,561.0
"2025-03-22 00:00:00",AA,6,183,-14.0,-7.03,-5.0,-1.99,15.03,873.0
"2025-03-22 00:00:00",WN,17,219,-12.0,-4.01,0.0,8.94,30.27,129.0
"2025-03-22 00:00:00",AA,19,154,-15.0,-5.0,-0.99,19.89,71.53,767.0
"2025-03-22 00:00:00",WN,9,197,-10.0,-5.0,-2.97,0.0,7.03,49.0
"2025-03-22 00:00:00",UA,13,128,-16.0,-5.99,-2.97,2.97,19.11,195.0
"2025-03-23 00:00:00",AA,21,89,-13.0,-2.97,0.0,13.87,39.25,112.0
"2025-03-23 00:00:00",WN,17,242,-11.0,-1.99,2.97,15.03,34.82,184.0
"2025-03-23 00:00:00",AA,19,160,-12.0,-5.0,-0.99,12.06,50.91,215.0
"2025-03-23 00:00:00",AA,20,126,-10.0,-2.97,0.0,15.96,47.0,165.0
"2025-03-23 00:00:00",AA,5,111,-14.0,-7.03,-5.0,-1.99,5.0,145.0
"2025-03-23 00:00:00",UA,16,139,-14.0,-4.01,-0.99,7.92,29.08,332.0
"2025-03-23 00:00:00",DL,16,139,-14.0,-5.99,-1.99,13.07,36.97,310.0
"2025-03-23 00:00:00",AA,6,187,-14.0,-7.03,-4.01,-0.99,10.07,781.0
"2025-03-23 00:00:00",UA,13,139,-16.0,-5.99,-1.99,5.99,36.24,365.0
"2025-03-23 00:00:00",DL,13,161,-18.0,-5.99,-1.99,5.0,23.81,132.0
"2025-03-23 00:00:00",DL,15,180,-13.0,-5.0,-0.99,8.94,29.08,241.0
"2025-03-23 00:00:00",DL,11,209,-18.0,-5.99,-1.99,8.94,32.79,324.0
"2025-03-23 00:00:00",DL,6,181,-19.0,-7.03,-4.01,-0.99,7.03,249.0
"2025-03-23 00:00:00",AA,9,135,-12.0,-7.03,-2.97,0.0,15.03,342.0
"2025-03-23 00:00:00",WN,9,202,-9.0,-4.01,-1.99,2.97,12.06,126.0
"2025-03-23 00:00:00",WN,21,193,-13.0,-2.97,2.97,22.88,51.94,193.0
"2025-03-23 00:00:00",DL,23,39,-11.0,-4.01,-0.99,16.95,40.86,942.0
"2025-03-23 00:00:00",DL,21,100,-14.0,-5.0,-0.99,8.94,40.86,211.0
"2025-03-24 00:00:00",DL,13,158,-15.0,-5.0,-0.99,13.87,46.07,420.0
"2025-03-24 00:00:00",AA,20,129,-12.0,-4.01,0.0,13.87,30.27,164.0
"2025-03-24 00:00:00",WN,9,236,-9.0,-4.01,-0.99,5.0,16.95,178.0
"2025-03-24 00:00:00",AA,5,110,-14.0,-7.03,-4.01,-0.99,7.92,248.0
"2025-03-24 00:00:00",AA,21,87,-13.0,-5.0,-1.99,7.92,25.79,100.0
"2025-03-24 00:00:00",AA,19,161,-15.0,-5.0,-0.99,19.89,63.44,284.0
"2025-03-24 00:00:00",UA,13,137,-15.0,-7.03,-4.01,0.99,12.06,506.0
"2025-03-24 00:00:00",WN,17,244,-12.0,-2.97,1.99,19.11,43.38,190.0
"2025-03-24 00:00:00",DL,15,182,-21.0,-5.0,-0.99,19.11,49.9,225.0
"2025-03-24 00:00:00",DL,16,139,-18.0,-5.0,0.0,25.79,58.56,453.0
"2025-03-24 00:00:00",UA,16,139,-14.0,-5.0,-1.99,17.99,36.97,233.0
"2025-03-24 00:00:00",DL,23,37,-14.0,-7.92,-1.99,4.01,15.03,30.0
"2025-03-24 00:00:00",DL,11,206,-16.0,-5.0,-1.99,12.06,40.05,600.0
"2025-03-24 00:00:00",DL,21,103,-15.0,-5.0,-0.99,15.96,30.88,206.0
"2025-03-24 00:00:00",WN,21,168,-13.0,-5.99,-2.97,8.94,34.13,115.0
"2025-03-24 00:00:00",AA,9,133,-12.0,-5.0,-2.97,1.99,13.87,406.0
"2025-03-24 00:00:00",AA,6,189,-13.0,-7.03,-5.0,-1.99,4.01,118.0
"2025-03-24 00:00:00",DL,6,188,-14.0,-7.92,-5.0,-0.99,4.01,367.0
"2025-03-25 00:00:00",AA,9,132,-16.0,-7.03,-5.0,0.99,19.89,97.0
"2025-03-25 00:00:00",WN,9,202,-10.0,-5.0,-2.97,0.0,7.92,90.0
"2025-03-25 00:00:00",DL,11,206,-20.0,-7.03,-4.01,0.0,15.03,219.0
"2025-03-25 00:00:00",AA,5,111,-21.0,-10.07,-7.92,-5.0,-1.99,134.0
"2025-03-25 00:00:00",AA,6,190,-16.0,-8.94,-5.99,-2.97,-0.99,293.0
"2025-03-25 00:00:00",DL,6,187,-24.0,-10.07,-5.99,-2.97,2.97,525.0
"2025-03-25 00:00:00",AA,20,127,-14.0,-5.99,-0.99,22.88,64.72,691.0
"2025-03-25 00:00:00",UA,13,134,-20.0,-7.92,-4.01,0.0,15.96,276.0
"2025-03-25 00:00:00",DL,23,32,-17.0,-10.07,-7.03,-2.97,8.94,109.0
"2025-03-25 00:00:00",WN,21,160,-14.0,-5.99,-1.99,8.94,41.68,139.0
"2025-03-25 00:00:00",AA,21,87,-14.0,-4.01,8.94,27.94,72.97,275.0
"2025-03-25 00:00:00",DL,21,77,-16.0,-7.03,-5.0,-0.99,5.99,189.0
"2025-03-25 00:00:00",UA,16,138,-13.0,-7.92,-5.0,-0.99,21.98,258.0
"2025-03-25 00:00:00",WN,17,228,-11.0,-5.99,-2.97,5.0,30.27,137.0
"2025-03-25 00:00:00",AA,19,160,-18.0,-7.92,0.99,36.97,80.65,667.0
"2025-03-25 00:00:00",DL,16,129,-25.0,-7.92,-4.01,0.99,30.27,404.0
"2025-03-25 00:00:00",DL,13,148,-20.0,-7.03,-4.01,-0.99,8.94,293.0
"2025-03-25 00:00:00",DL,15,178,-14.0,-7.03,-4.01,0.99,27.94,483.0
"2025-03-26 00:00:00",AA,9,133,-13.0,-7.03,-4.01,0.0,25.79,672.0
"2025-03-26 00:00:00",AA,5,110,-16.0,-8.94,-5.99,-4.01,4.01,1061.0
"2025-03-26 00:00:00",WN,9,203,-11.0,-5.0,-2.97,-0.99,2.97,195.0
"2025-03-26 00:00:00",AA,6,190,-17.0,-8.94,-5.99,-2.97,0.0,84.0
"2025-03-26 00:00:00",DL,6,185,-22.0,-8.94,-7.03,-4.01,0.0,19.0
"2025-03-26 00:00:00",UA,16,137,-22.0,-7.03,-4.01,0.0,15.03,306.0
"2025-03-26 00:00:00",WN,17,230,-11.0,-5.0,-0.99,5.99,27.94,249.0
"2025-03-26 00:00:00",DL,11,206,-17.0,-7.03,-5.0,-0.99,7.03,523.0
"2025-03-26 00:00:00",DL,13,152,-15.0,-7.92,-5.0,0.0,25.79,348.0
"2025-03-26 00:00:00",UA,13,138,-25.0,-7.03,-4.01,2.97,21.12,235.0
"2025-03-26 00:00:00",DL,15,178,-24.0,-5.99,-1.99,4.01,27.94,247.0
"2025-03-26 00:00:00",DL,16,129,-16.0,-7.03,-4.01,0.0,19.89,260.0
"2025-03-26 00:00:00",DL,21,79,-15.0,-5.99,-4.01,0.0,21.12,106.0
"2025-03-26 00:00:00",DL,23,34,-14.0,-7.03,-5.0,-1.99,0.0,10.0
"2025-03-26 00:00:00",WN,21,159,-14.0,-5.99,-2.97,2.97,21.98,136.0
"2025-03-26 00:00:00",AA,19,160,-17.0,-7.03,-1.99,13.87,39.25,217.0
"2025-03-26 00:00:00",AA,20,129,-11.0,-5.0,-1.99,7.03,23.81,136.0
"2025-03-26 00:00:00",AA,21,87,-13.0,-5.99,-0.99,10.91,34.82,215.0
