"2025-04-15 00:00:00",AA,8,199,-14.0,-7.03,-5.0,-1.99,10.07,289.0
"2025-04-15 00:00:00",DL,14,146,-17.0,-7.92,-5.0,-0.99,13.07,252.0
"2025-04-15 00:00:00",WN,20,191,-13.0,-5.99,-4.01,0.99,17.99,169.0
"2025-04-15 00:00:00",AA,18,160,-14.0,-5.0,-1.99,7.03,25.79,874.0
"2025-04-15 00:00:00",UA,14,125,-15.0,-7.03,-2.97,4.01,19.11,233.0
"2025-04-15 00:00:00",WN,8,294,-14.0,-5.99,-4.01,-0.99,2.97,107.0
"2025-04-15 00:00:00",UA,11,124,-13.0,-7.92,-5.0,0.0,12.06,144.0
"2025-04-15 00:00:00",UA,19,128,-15.0,-7.92,-4.01,0.99,34.13,101.0
"2025-04-15 00:00:00",AA,13,143,-13.0,-5.99,-2.97,4.01,26.84,104.0
"2025-04-15 00:00:00",WN,13,241,-13.0,-5.0,-1.99,2.97,13.87,162.0
"2025-04-15 00:00:00",UA,9,143,-15.0,-7.03,-5.0,-1.99,7.92,249.0
"2025-04-15 00:00:00",UA,15,98,-14.0,-7.03,-4.01,0.99,10.91,940.0
"2025-04-15 00:00:00",WN,15,223,-13.0,-5.0,-2.97,0.99,15.03,200.0
"2025-04-15 00:00:00",AA,7,213,-19.0,-8.94,-5.99,-2.97,4.01,129.0
"2025-04-15 00:00:00",UA,5,38,-10.0,-7.92,-5.0,-1.99,1.99,52.0
"2025-04-15 00:00:00",DL,1,2,-16.0,-15.96,-15.96,-15.96,-15.96,-14.0
"2025-04-15 00:00:00",DL,5,76,-19.0,-10.91,-7.92,-4.01,-0.99,62.0
"2025-04-15 00:00:00",AA,17,155,-16.0,-7.03,-2.97,5.0,22.88,311.0
"2025-04-15 00:00:00",UA,1,1,22.0,22.0,22.0,22.0,22.0,22.0
"2025-04-15 00:00:00",UA,22,32,-13.0,-7.92,-4.01,0.99,21.12,193.0
"2025-04-15 00:00:00",AA,23,31,-17.0,-10.07,-7.92,-5.0,0.0,17.0
"2025-04-15 00:00:00",AA,11,162,-15.0,-5.99,-2.97,0.0,10.07,166.0
"2025-04-16 00:00:00",AA,23,31,-14.0,-7.03,-1.99,2.97,10.91,61.0
"2025-04-16 00:00:00",UA,15,92,-11.0,-5.99,-4.01,0.99,27.94,156.0
"2025-04-16 00:00:00",UA,1,1,6.0,6.0,6.0,6.0,6.0,6.0
"2025-04-16 00:00:00",AA,13,146,-12.0,-5.99,-2.97,4.01,30.88,913.0
"2025-04-16 00:00:00",AA,8,202,-15.0,-7.03,-5.0,-1.99,13.07,569.0
"2025-04-16 00:00:00",WN,15,221,-11.0,-4.01,-0.99,5.99,25.79,208.0
"2025-04-16 00:00:00",UA,22,35,-10.0,-5.99,-2.97,0.0,4.01,49.0
"2025-04-16 00:00:00",WN,8,296,-12.0,-5.99,-4.01,-0.99,0.99,50.0
"2025-04-16 00:00:00",WN,20,191,-10.0,-5.99,-0.99,8.94,34.13,91.0
"2025-04-16 00:00:00",UA,5,38,-17.0,-10.07,-8.94,-5.0,0.0,8.0
"2025-04-16 00:00:00",UA,19,139,-20.0,-5.0,0.0,17.99,83.94,185.0
"2025-04-16 00:00:00",AA,17,157,-12.0,-5.99,-1.99,7.03,40.86,269.0
"2025-04-16 00:00:00",AA,18,164,-16.0,-5.0,-0.99,8.94,32.79,356.0
"2025-04-16 00:00:00",UA,11,125,-15.0,-7.03,-5.0,-0.99,7.03,173.0
"2025-04-16 00:00:00",AA,7,222,-14.0,-7.92,-5.99,-2.97,4.01,247.0
"2025-04-16 00:00:00",DL,5,76,-16.0,-10.07,-5.99,-2.97,0.99,291.0
"2025-04-16 00:00:00",UA,14,124,-15.0,-7.92,-5.0,0.0,10.91,154.0
"2025-04-16 00:00:00",DL,14,146,-17.0,-7.03,-4.01,1.99,29.08,136.0
"2025-04-16 00:00:00",DL,1,2,5.0,5.0,5.0,5.0,5.0,7.0
"2025-04-16 00:00:00",WN,13,242,-12.0,-4.01,-1.99,2.97,10.91,243.0
"2025-04-16 00:00:00",UA,9,143,-20.0,-7.92,-5.0,-2.97,0.0,196.0
"2025-04-16 00:00:00",AA,11,164,-12.0,-5.99,-2.97,0.99,17.99,184.0
"2025-04-17 00:00:00",UA,22,35,-12.0,-5.99,-1.99,4.01,8.94,79.0
"2025-04-17 00:00:00",DL,5,76,-15.0,-7.92,-5.99,-1.99,0.99,412.0
"2025-04-17 00:00:00",UA,15,99,-11.0,-1.99,5.0,34.13,67.36,192.0
"2025-04-17 00:00:00",AA,7,230,-13.0,-7.03,-4.01,-1.99,5.99,214.0
"2025-04-17 00:00:00",WN,8,241,-11.0,-5.0,-1.99,0.99,8.94,85.0
"2025-04-17 00:00:00",AA,8,204,-13.0,-5.99,-2.97,-0.99,27.94,649.0
"2025-04-17 00:00:00",WN,20,200,-12.0,-1.99,7.92,22.88,57.4,244.0
"2025-04-17 00:00:00",UA,5,44,-12.0,-7.03,-5.99,-2.97,1.99,45.0
"2025-04-17 00:00:00",DL,1,2,-10.0,-10.0,-10.0,-10.0,-10.0,6.0
"2025-04-17 00:00:00",UA,9,143,-15.0,-7.03,-5.0,-0.99,21.98,433.0
"2025-04-17 00:00:00",AA,11,165,-12.0,-5.99,-2.97,4.01,40.05,548.0
"2025-04-17 00:00:00",UA,11,124,-22.0,-5.99,-2.97,4.01,36.24,224.0
"2025-04-17 00:00:00",WN,13,247,-11.0,-2.97,2.97,13.07,24.78,265.0
"2025-04-17 00:00:00",DL,14,149,-13.0,-5.0,-0.99,12.06,37.72,493.0
"2025-04-17 00:00:00",UA,1,1,-1.0,-1.0,-1.0,-1.0,-1.0,-1.0
"2025-04-17 00:00:00",AA,17,163,-10.0,-2.97,0.0,21.98,68.72,1496.0
"2025-04-17 00:00:00",UA,19,146,-24.0,-2.97,5.0,27.94,58.56,133.0
"2025-04-17 00:00:00",AA,18,171,-11.0,-2.97,0.99,21.12,46.07,158.0
"2025-04-17 00:00:00",AA,13,146,-12.0,-5.0,-0.99,15.03,46.07,1936.0
"2025-04-17 00:00:00",AA,23,33,-11.0,-5.99,0.0,13.87,29.08,589.0
"2025-04-17 00:00:00",UA,14,132,-15.0,-5.99,-1.99,8.94,55.15,169.0
"2025-04-17 00:00:00",WN,15,231,-9.0,-0.99,7.03,25.79,57.4,342.0
"2025-04-18 00:00:00",UA,19,144,-21.0,-5.0,7.92,87.37,156.04,609.0
"2025-04-18 00:00:00",DL,1,2,-13.0,-13.0,-13.0,-13.0,-13.0,-11.0
"2025-04-18 00:00:00",UA,11,123,-15.0,-5.0,-0.99,13.07,80.65,414.0
"2025-04-18 00:00:00",AA,7,230,-13.0,-5.99,-4.01,-0.99,10.07,820.0
"2025-04-18 00:00:00",AA,13,148,-14.0,-5.0,-1.99,7.92,40.05,192.0
"2025-04-18 00:00:00",UA,15,100,-19.0,-2.97,4.01,106.71,267.77,348.0
"2025-04-18 00:00:00",AA,18,172,-16.0,-5.0,-1.99,12.06,34.82,237.0
"2025-04-18 00:00:00",WN,15,225,-14.0,-1.99,5.99,49.9,152.95,261.0
"2025-04-18 00:00:00",AA,17,163,-13.0,-5.99,-1.99,10.07,25.79,164.0
"2025-04-18 00:00:00",WN,13,246,-13.0,-1.99,5.99,41.68,127.75,218.0
"2025-04-18 00:00:00",DL,14,152,-14.0,-5.99,-2.97,4.01,25.79,243.0
"2025-04-18 00:00:00",UA,14,127,-11.0,-4.01,-0.99,15.96,127.75,338.0
"2025-04-18 00:00:00",AA,11,168,-15.0,-5.99,-4.01,0.99,19.89,207.0
"2025-04-18 00:00:00",AA,23,30,-14.0,-7.03,-2.97,4.01,56.27,113.0
"2025-04-18 00:00:00",UA,9,142,-12.0,-5.0,-1.99,12.06,56.27,245.0
"2025-04-18 00:00:00",AA,8,204,-13.0,-5.99,-4.01,0.99,22.88,511.0
"2025-04-18 00:00:00",UA,1,2,-6.0,-5.99,-5.99,-5.99,-5.99,10.0
"2025-04-18 00:00:00",WN,8,240,-10.0,-4.01,-0.99,4.01,19.89,117.0
"2025-04-18 00:00:00",UA,22,34,-12.0,-7.92,-5.0,-0.99,4.01,137.0
"2025-04-18 00:00:00",WN,20,199,-16.0,-5.99,0.0,36.97,102.52,304.0
"2025-04-18 00:00:00",UA,5,44,-11.0,-7.92,-5.99,-2.97,1.99,29.0
"2025-04-18 00:00:00",DL,5,75,-14.0,-7.92,-5.0,-1.99,4.01,155.0
"2025-04-19 00:00:00",WN,8,215,-14.0,-5.99,-2.97,0.0,8.94,373.0
"2025-04-19 00:00:00",UA,11,118,-16.0,-7.03,-1.99,4.01,13.07,87.0
"2025-04-19 00:00:00",UA,22,35,-15.0,-7.92,-4.01,0.0,10.07,52.0
"2025-04-19 00:00:00",AA,23,27,-12.0,-4.01,-0.99,19.89,63.44,212.0
"2025-04-19 00:00:00",AA,11,147,-13.0,-5.0,0.99,25.79,90.93,439.0
"2025-04-19 00:00:00",AA,8,192,-14.0,-5.99,-1.99,21.98,68.72,410.0
"2025-04-19 00:00:00",AA,18,162,-19.0,-5.0,0.0,17.99,72.97,243.0
"2025-04-19 00:00:00",UA,19,116,-21.0,-7.92,-4.01,1.99,15.03,88.0
"2025-04-19 00:00:00",WN,20,123,-11.0,-5.0,0.0,13.87,26.84,150.0
"2025-04-19 00:00:00",WN,15,203,-14.0,-5.0,-0.99,7.92,21.98,296.0
"2025-04-19 00:00:00",DL,5,73,-15.0,-10.07,-5.99,-1.99,0.0,256.0
"2025-04-19 00:00:00",UA,15,96,-16.0,-7.92,-4.01,-0.99,4.01,340.0
"2025-04-19 00:00:00",AA,17,144,-12.0,-5.99,-1.99,17.99,58.56,812.0
"2025-04-19 00:00:00",UA,14,122,-13.0,-7.92,-4.01,0.0,15.03,352.0
"2025-04-19 00:00:00",WN,13,232,-12.0,-4.01,0.0,5.99,25.79,242.0
"2025-04-19 00:00:00",AA,7,211,-14.0,-5.99,-2.97,5.99,55.15,1554.0
"2025-04-19 00:00:00",AA,13,135,-13.0,-5.0,-0.99,16.95,67.36,310.0
"2025-04-19 00:00:00",DL,14,122,-19.0,-5.99,-1.99,8.94,58.56,361.0
"2025-04-19 00:00:00",UA,1,2,-7.0,-7.0,-7.0,-7.0,-7.0,69.0
"2025-04-19 00:00:00",UA,5,44,-15.0,-8.94,-7.03,-4.01,2.97,204.0
"2025-04-19 00:00:00",UA,9,129,-14.0,-7.03,-4.01,0.0,23.81,173.0
"2025-04-19 00:00:00",DL,1,2,-13.0,-13.0,-13.0,-13.0,-13.0,-8.0
"2025-04-20 00:00:00",AA,7,213,-15.0,-7.03,-4.01,5.99,40.05,164.0
"2025-04-20 00:00:00",UA,15,100,-14.0,-5.0,-0.99,27.94,194.44,390.0
"2025-04-20 00:00:00",WN,15,251,-15.0,-5.0,-0.99,5.0,21.98,227.0
"2025-04-20 00:00:00",AA,8,203,-12.0,-7.03,-4.01,0.0,32.79,258.0
"2025-04-20 00:00:00",WN,8,266,-14.0,-5.99,-4.01,0.0,8.94,126.0
"2025-04-20 00:00:00",AA,11,163,-15.0,-5.99,-2.97,5.0,47.0,169.0
"2025-04-20 00:00:00",DL,1,2,-12.0,-12.0,-12.0,-12.0,-12.0,-8.0
"2025-04-20 00:00:00",UA,5,42,-14.0,-8.94,-7.03,-4.01,29.08,220.0
"2025-04-20 00:00:00",UA,11,126,-17.0,-7.03,-2.97,5.0,94.64,429.0
"2025-04-20 00:00:00",DL,5,74,-18.0,-8.94,-5.99,-2.97,5.99,395.0
"2025-04-20 00:00:00",UA,14,120,-16.0,-7.03,-0.99,36.24,138.4,452.0
"2025-04-20 00:00:00",AA,13,146,-15.0,-5.99,-1.99,13.07,48.91,265.0
"2025-04-20 00:00:00",DL,14,151,-19.0,-7.03,-4.01,0.0,15.96,222.0
"2025-04-20 00:00:00",WN,13,257,-10.0,-5.0,-1.99,1.99,16.95,132.0
"2025-04-20 00:00:00",UA,9,139,-15.0,-7.03,-4.01,0.99,15.96,432.0
"2025-04-20 00:00:00",AA,17,163,-15.0,-5.0,-0.99,21.12,74.45,225.0
"2025-04-20 00:00:00",UA,22,37,-12.0,-5.0,-1.99,15.96,77.49,639.0
"2025-04-20 00:00:00",AA,23,33,-12.0,-4.01,-0.99,21.98,34.82,95.0
"2025-04-20 00:00:00",AA,18,169,-13.0,-4.01,0.0,15.96,39.25,1368.0
"2025-04-20 00:00:00",WN,20,277,-12.0,-5.0,-0.99,13.07,48.91,167.0
"2025-04-20 00:00:00",UA,19,139,-24.0,-4.01,4.01,34.82,102.52,338.0
"2025-04-20 00:00:00",UA,1,1,-7.0,-7.0,-7.0,-7.0,-7.0,-7.0
