"2025-01-28 00:00:00",WN,6,224,-14.0,-7.03,-5.0,-2.97,-0.99,53.0
"2025-01-28 00:00:00",UA,20,74,-20.0,-10.07,-7.03,-2.97,2.97,60.0
"2025-01-28 00:00:00",DL,22,84,-22.0,-10.07,-5.99,-2.97,0.0,30.0
"2025-01-28 00:00:00",WN,10,201,-14.0,-5.99,-4.01,-0.99,5.0,86.0
"2025-01-28 00:00:00",DL,0,1,-5.0,-5.0,-5.0,-5.0,-5.0,-5.0
"2025-01-28 00:00:00",UA,7,150,-16.0,-8.94,-7.03,-2.97,4.01,359.0
"2025-01-28 00:00:00",UA,6,108,-17.0,-8.94,-7.03,-2.97,8.94,157.0
"2025-01-28 00:00:00",WN,5,29,-12.0,-7.92,-5.99,-2.97,-0.99,2.0
"2025-01-28 00:00:00",WN,7,189,-12.0,-7.03,-5.0,-2.97,-0.99,50.0
"2025-01-28 00:00:00",WN,12,182,-15.0,-7.03,-5.0,-0.99,1.99,93.0
"2025-01-28 00:00:00",AA,14,133,-15.0,-7.92,-5.99,-1.99,10.91,320.0
"2025-01-28 00:00:00",WN,14,220,-14.0,-7.03,-5.0,-1.99,0.99,56.0
"2025-01-28 00:00:00",AA,15,115,-13.0,-7.92,-5.99,-2.97,2.97,99.0
"2025-01-28 00:00:00",AA,16,125,-18.0,-7.92,-5.0,-1.99,2.97,94.0
"2025-01-28 00:00:00",DL,17,168,-24.0,-10.07,-7.03,-2.97,2.97,205.0
"2025-01-28 00:00:00",UA,17,138,-19.0,-7.92,-5.99,0.0,12.06,251.0
"2025-01-28 00:00:00",DL,20,65,-18.0,-7.92,-5.99,-0.99,7.92,114.0
"2025-01-29 00:00:00",DL,0,1,-10.0,-10.0,-10.0,-10.0,-10.0,-10.0
"2025-01-29 00:00:00",WN,5,29,-12.0,-5.99,-5.0,-2.97,0.0,6.0
"2025-01-29 00:00:00",UA,6,110,-16.0,-10.07,-7.03,-2.97,4.01,160.0
"2025-01-29 00:00:00",WN,6,223,-14.0,-5.99,-5.0,-2.97,-0.99,104.0
"2025-01-29 00:00:00",UA,7,152,-14.0,-8.94,-7.03,-4.01,0.99,199.0
"2025-01-29 00:00:00",WN,7,188,-15.0,-7.03,-5.0,-2.97,0.0,158.0
"2025-01-29 00:00:00",WN,10,201,-13.0,-5.99,-4.01,-0.99,2.97,117.0
"2025-01-29 00:00:00",WN,12,182,-15.0,-5.99,-2.97,0.0,5.99,130.0
"2025-01-29 00:00:00",AA,14,136,-26.0,-7.03,-4.01,0.0,12.06,137.0
"2025-01-29 00:00:00",WN,14,220,-12.0,-5.99,-4.01,-0.99,4.01,93.0
"2025-01-29 00:00:00",AA,15,118,-13.0,-7.03,-4.01,0.0,26.84,242.0
"2025-01-29 00:00:00",AA,16,123,-12.0,-7.03,-4.01,1.99,13.87,115.0
"2025-01-29 00:00:00",DL,17,166,-21.0,-8.94,-5.99,-1.99,7.03,129.0
"2025-01-29 00:00:00",UA,17,145,-18.0,-7.92,-4.01,0.99,23.81,136.0
"2025-01-29 00:00:00",UA,20,81,-17.0,-5.99,-1.99,1.99,12.06,165.0
"2025-01-29 00:00:00",DL,20,64,-13.0,-7.92,-5.99,-1.99,10.07,71.0
"2025-01-29 00:00:00",DL,22,86,-14.0,-7.92,-5.0,-2.97,7.92,164.0
"2025-01-30 00:00:00",WN,10,199,-12.0,-5.0,-0.99,5.0,19.11,196.0
"2025-01-30 00:00:00",AA,14,157,-16.0,-5.0,0.0,13.07,43.38,126.0
"2025-01-30 00:00:00",DL,17,167,-18.0,-7.92,-4.01,1.99,16.95,108.0
"2025-01-30 00:00:00",UA,17,146,-13.0,-5.0,-2.97,0.99,23.81,351.0
"2025-01-30 00:00:00",WN,5,29,-9.0,-5.0,-2.97,-0.99,0.99,95.0
"2025-01-30 00:00:00",DL,22,90,-19.0,-7.03,-4.01,0.99,15.03,60.0
"2025-01-30 00:00:00",UA,20,81,-13.0,-5.0,-0.99,10.91,30.27,87.0
"2025-01-30 00:00:00",DL,20,92,-21.0,-7.92,-5.0,0.0,12.06,166.0
"2025-01-30 00:00:00",AA,15,112,-12.0,-4.01,0.0,15.96,49.9,191.0
"2025-01-30 00:00:00",AA,16,151,-13.0,-5.0,-0.99,13.87,50.91,1468.0
"2025-01-30 00:00:00",WN,14,216,-11.0,-4.01,-0.99,7.92,24.78,327.0
"2025-01-30 00:00:00",UA,6,110,-13.0,-8.94,-5.99,-4.01,-0.99,53.0
"2025-01-30 00:00:00",WN,12,179,-10.0,-4.01,-0.99,4.01,15.03,144.0
"2025-01-30 00:00:00",DL,0,1,-9.0,-9.0,-9.0,-9.0,-9.0,-9.0
"2025-01-30 00:00:00",WN,7,182,-10.0,-5.0,-4.01,-1.99,0.99,210.0
"2025-01-30 00:00:00",WN,6,216,-11.0,-5.0,-4.01,-0.99,1.99,243.0
"2025-01-30 00:00:00",UA,7,171,-15.0,-7.92,-5.0,-1.99,0.99,219.0
"2025-01-31 00:00:00",AA,14,151,-19.0,-5.99,-1.99,1.99,19.11,311.0
"2025-01-31 00:00:00",DL,20,92,-20.0,-7.92,-4.01,1.99,24.78,96.0
"2025-01-31 00:00:00",DL,0,1,-15.0,-15.0,-15.0,-15.0,-15.0,-15.0
"2025-01-31 00:00:00",WN,12,181,-12.0,-5.0,-0.99,2.97,24.78,165.0
"2025-01-31 00:00:00",UA,20,82,-14.0,-5.99,-2.97,7.03,17.99,51.0
"2025-01-31 00:00:00",DL,22,91,-14.0,-5.99,-2.97,5.99,21.98,471.0
"2025-01-31 00:00:00",AA,15,118,-16.0,-5.0,-2.97,5.99,36.24,397.0
"2025-01-31 00:00:00",DL,17,169,-18.0,-7.03,-4.01,4.01,34.82,1047.0
"2025-01-31 00:00:00",UA,17,147,-13.0,-5.99,-1.99,1.99,30.27,126.0
"2025-01-31 00:00:00",AA,16,140,-14.0,-5.99,-1.99,2.97,15.96,151.0
"2025-01-31 00:00:00",WN,5,28,-12.0,-5.0,-2.97,0.0,5.99,111.0
"2025-01-31 00:00:00",WN,10,200,-10.0,-4.01,-0.99,2.97,25.79,119.0
"2025-01-31 00:00:00",WN,14,220,-14.0,-4.01,0.0,7.92,25.79,157.0
"2025-01-31 00:00:00",WN,7,190,-10.0,-5.99,-4.01,-0.99,16.95,104.0
"2025-01-31 00:00:00",UA,6,112,-17.0,-7.92,-5.99,-2.97,0.0,342.0
"2025-01-31 00:00:00",WN,6,220,-11.0,-5.0,-2.97,0.0,13.07,209.0
"2025-01-31 00:00:00",UA,7,171,-12.0,-7.03,-5.99,-2.97,0.99,143.0
"2025-02-01 00:00:00",UA,20,74,-16.0,-5.0,-2.97,1.99,21.12,195.0
"2025-02-01 00:00:00",WN,5,58,-10.0,-5.0,-2.97,-0.99,5.0,51.0
"2025-02-01 00:00:00",WN,14,240,-15.0,-5.99,-2.97,1.99,19.89,225.0
"2025-02-01 00:00:00",AA,14,130,-17.0,-7.03,-5.0,-0.99,5.99,77.0
"2025-02-01 00:00:00",AA,15,109,-15.0,-7.92,-4.01,0.99,45.15,261.0
"2025-02-01 00:00:00",DL,22,65,-13.0,-7.03,-5.0,0.0,7.03,56.0
"2025-02-01 00:00:00",WN,7,202,-13.0,-5.99,-4.01,-0.99,2.97,163.0
"2025-02-01 00:00:00",WN,10,212,-12.0,-5.99,-4.01,0.0,5.0,61.0
"2025-02-01 00:00:00",UA,7,163,-13.0,-7.92,-5.99,-2.97,5.99,184.0
"2025-02-01 00:00:00",AA,16,127,-17.0,-7.03,-5.0,0.0,7.92,293.0
"2025-02-01 00:00:00",DL,17,157,-22.0,-10.07,-5.99,-1.99,15.03,90.0
"2025-02-01 00:00:00",WN,12,192,-12.0,-5.99,-2.97,1.99,8.94,75.0
"2025-02-01 00:00:00",UA,6,109,-12.0,-7.92,-5.0,-1.99,17.99,529.0
"2025-02-01 00:00:00",DL,20,64,-19.0,-7.92,-5.99,-1.99,5.0,57.0
"2025-02-01 00:00:00",WN,6,195,-13.0,-5.99,-4.01,-1.99,0.0,35.0
"2025-02-01 00:00:00",UA,17,130,-16.0,-7.03,-4.01,0.0,10.07,110.0
"2025-02-01 00:00:00",DL,0,1,-11.0,-11.0,-11.0,-11.0,-11.0,-11.0
"2025-02-02 00:00:00",UA,7,165,-16.0,-7.92,-5.99,-1.99,10.07,434.0
"2025-02-02 00:00:00",WN,14,221,-13.0,-4.01,0.0,8.94,39.25,133.0
"2025-02-02 00:00:00",DL,20,90,-15.0,-5.99,-2.97,12.06,47.95,722.0
"2025-02-02 00:00:00",WN,7,211,-12.0,-5.99,-4.01,-1.99,0.0,84.0
"2025-02-02 00:00:00",UA,17,146,-17.0,-5.99,-1.99,8.94,34.82,949.0
"2025-02-02 00:00:00",DL,22,90,-17.0,-5.99,-2.97,5.0,21.98,122.0
"2025-02-02 00:00:00",WN,22,3,-9.0,-8.94,-5.99,-5.99,-5.99,-5.0
"2025-02-02 00:00:00",WN,6,298,-12.0,-5.99,-5.0,-1.99,1.99,293.0
"2025-02-02 00:00:00",DL,0,1,-9.0,-9.0,-9.0,-9.0,-9.0,-9.0
"2025-02-02 00:00:00",AA,15,113,-12.0,-5.99,-2.97,4.01,26.84,192.0
"2025-02-02 00:00:00",WN,10,229,-14.0,-5.99,-2.97,0.99,12.06,109.0
"2025-02-02 00:00:00",DL,17,165,-19.0,-7.03,-1.99,5.99,30.27,159.0
"2025-02-02 00:00:00",AA,16,158,-15.0,-4.01,-1.99,5.0,19.11,191.0
"2025-02-02 00:00:00",UA,20,86,-13.0,-5.0,-0.99,10.91,40.05,545.0
"2025-02-02 00:00:00",WN,12,225,-12.0,-5.0,-0.99,5.0,30.27,184.0
"2025-02-02 00:00:00",WN,5,98,-11.0,-5.99,-4.01,-1.99,0.0,7.0
"2025-02-02 00:00:00",AA,14,157,-20.0,-5.0,-1.99,4.01,29.08,1165.0
"2025-02-02 00:00:00",UA,6,110,-16.0,-7.92,-5.99,-2.97,10.91,381.0
"2025-02-03 00:00:00",WN,12,178,-11.0,-5.0,-0.99,4.01,30.27,114.0
"2025-02-03 00:00:00",DL,20,92,-20.0,-5.99,-1.99,13.07,29.08,140.0
"2025-02-03 00:00:00",WN,6,222,-12.0,-5.99,-4.01,-1.99,0.0,160.0
"2025-02-03 00:00:00",WN,7,189,-10.0,-5.99,-4.01,-0.99,4.01,151.0
"2025-02-03 00:00:00",UA,7,174,-13.0,-7.92,-5.99,-2.97,10.07,134.0
"2025-02-03 00:00:00",DL,0,1,-7.0,-7.0,-7.0,-7.0,-7.0,-7.0
"2025-02-03 00:00:00",WN,5,27,-9.0,-5.0,-4.01,-2.97,0.99,96.0
"2025-02-03 00:00:00",UA,20,81,-14.0,-5.99,-0.99,5.0,40.86,198.0
"2025-02-03 00:00:00",UA,6,112,-12.0,-7.92,-5.0,-0.99,10.91,714.0
"2025-02-03 00:00:00",WN,10,199,-10.0,-5.0,-1.99,5.99,27.94,177.0
"2025-02-03 00:00:00",DL,22,92,-18.0,-7.92,-5.0,5.0,19.11,132.0
"2025-02-03 00:00:00",AA,14,149,-14.0,-5.99,-2.97,0.99,15.96,1112.0
"2025-02-03 00:00:00",AA,15,119,-15.0,-5.99,-2.97,0.99,24.78,251.0
"2025-02-03 00:00:00",AA,16,142,-20.0,-5.99,-1.99,4.01,22.88,463.0
"2025-02-03 00:00:00",DL,17,167,-20.0,-7.92,-4.01,7.03,51.94,330.0
"2025-02-03 00:00:00",UA,17,140,-17.0,-7.92,-4.01,2.97,25.79,215.0
"2025-02-03 00:00:00",WN,14,216,-14.0,-5.99,-2.97,0.0,10.07,169.0
