"2025-03-14 00:00:00",DL,14,153,-14.0,-5.0,-1.99,8.94,32.79,427.0
"2025-03-14 00:00:00",AA,23,29,-14.0,-4.01,-0.99,5.99,30.88,69.0
"2025-03-14 00:00:00",UA,22,33,-9.0,-5.0,-2.97,1.99,10.91,105.0
"2025-03-14 00:00:00",UA,1,1,-2.0,-2.0,-2.0,-2.0,-2.0,-2.0
"2025-03-14 00:00:00",DL,1,2,-5.0,-5.0,-5.0,-5.0,-5.0,0.0
"2025-03-14 00:00:00",UA,5,42,-12.0,-7.03,-4.01,-0.99,0.99,61.0
"2025-03-14 00:00:00",DL,5,68,-15.0,-8.94,-5.0,-0.99,1.99,75.0
"2025-03-14 00:00:00",AA,7,217,-13.0,-5.99,-4.01,0.0,10.07,127.0
"2025-03-14 00:00:00",AA,8,182,-12.0,-5.0,-2.97,0.0,15.03,887.0
"2025-03-14 00:00:00",WN,8,266,-12.0,-4.01,-1.99,0.99,10.07,208.0
"2025-03-14 00:00:00",UA,9,133,-13.0,-5.99,-2.97,1.99,34.13,399.0
"2025-03-14 00:00:00",AA,11,142,-9.0,-4.01,-0.99,4.01,36.97,566.0
"2025-03-14 00:00:00",UA,11,126,-20.0,-5.0,-0.99,10.91,41.68,234.0
"2025-03-14 00:00:00",AA,13,127,-9.0,-5.0,-1.99,2.97,25.79,213.0
"2025-03-14 00:00:00",WN,13,244,-13.0,-1.99,2.97,16.95,43.38,179.0
"2025-03-14 00:00:00",WN,20,274,-13.0,-0.99,8.94,27.94,57.4,220.0
"2025-03-14 00:00:00",UA,14,129,-13.0,-5.0,0.0,13.07,36.24,438.0
"2025-03-14 00:00:00",WN,15,212,-10.0,-0.99,7.92,24.78,40.86,216.0
"2025-03-14 00:00:00",UA,15,89,-12.0,-4.01,1.99,19.89,49.9,118.0
"2025-03-14 00:00:00",AA,17,135,-11.0,-5.0,-0.99,21.12,75.95,871.0
"2025-03-14 00:00:00",AA,18,153,-12.0,-5.0,0.0,19.89,45.15,780.0
"2025-03-14 00:00:00",UA,19,137,-20.0,-5.0,0.0,12.06,34.13,192.0
"2025-03-15 00:00:00",UA,5,51,-13.0,-7.03,-2.97,0.0,19.11,195.0
"2025-03-15 00:00:00",DL,5,68,-14.0,-7.03,-5.0,0.0,21.12,466.0
"2025-03-15 00:00:00",AA,8,180,-13.0,-5.0,-1.99,5.0,34.82,833.0
"2025-03-15 00:00:00",UA,15,81,-10.0,-1.99,10.07,63.44,132.97,378.0
"2025-03-15 00:00:00",WN,8,215,-14.0,-4.01,-1.99,7.03,26.84,349.0
"2025-03-15 00:00:00",AA,17,148,-16.0,-0.99,12.06,56.27,100.49,712.0
"2025-03-15 00:00:00",AA,18,150,-19.0,-2.97,13.87,43.38,92.77,657.0
"2025-03-15 00:00:00",AA,7,205,-13.0,-5.99,-2.97,1.99,30.27,215.0
"2025-03-15 00:00:00",UA,22,34,-11.0,-2.97,1.99,29.08,64.72,107.0
"2025-03-15 00:00:00",AA,23,28,-8.0,-2.97,0.99,32.14,47.0,152.0
"2025-03-15 00:00:00",WN,20,230,-12.0,2.97,17.99,48.91,98.5,281.0
"2025-03-15 00:00:00",UA,19,125,-15.0,-1.99,8.94,51.94,83.94,172.0
"2025-03-15 00:00:00",WN,15,221,-9.0,2.97,13.87,32.79,83.94,261.0
"2025-03-15 00:00:00",AA,13,132,-16.0,-2.97,2.97,30.27,85.64,520.0
"2025-03-15 00:00:00",UA,11,110,-10.0,-1.99,5.99,43.38,125.22,312.0
"2025-03-15 00:00:00",UA,14,112,-13.0,0.0,34.13,108.86,156.04,327.0
"2025-03-15 00:00:00",DL,14,124,-15.0,-2.97,4.01,30.88,66.03,238.0
"2025-03-15 00:00:00",DL,1,2,-9.0,-8.94,-8.94,-8.94,-8.94,27.0
"2025-03-15 00:00:00",UA,1,1,40.0,40.0,40.0,40.0,40.0,40.0
"2025-03-15 00:00:00",UA,9,116,-11.0,-4.01,0.99,12.06,40.05,243.0
"2025-03-15 00:00:00",WN,13,236,-10.0,-0.99,8.94,26.84,54.06,380.0
"2025-03-15 00:00:00",AA,11,147,-11.0,-5.0,0.0,13.87,51.94,281.0
"2025-03-16 00:00:00",AA,23,34,-9.0,-4.01,1.99,29.08,80.65,450.0
"2025-03-16 00:00:00",WN,20,231,-10.0,8.94,32.14,89.13,149.92,434.0
"2025-03-16 00:00:00",WN,13,226,-8.0,0.0,8.94,34.82,106.71,637.0
"2025-03-16 00:00:00",AA,17,145,-8.0,0.0,27.94,92.77,214.89,1504.0
"2025-03-16 00:00:00",AA,18,153,-8.0,2.97,32.14,82.28,125.22,2206.0
"2025-03-16 00:00:00",UA,15,87,-12.0,-1.99,13.87,62.18,135.65,357.0
"2025-03-16 00:00:00",DL,14,146,-13.0,1.99,32.79,63.44,117.93,447.0
"2025-03-16 00:00:00",UA,14,122,-12.0,-0.99,13.07,71.53,169.04,524.0
"2025-03-16 00:00:00",WN,15,212,-9.0,1.99,16.95,56.27,120.31,534.0
"2025-03-16 00:00:00",WN,8,242,-12.0,-4.01,-1.99,4.01,21.98,434.0
"2025-03-16 00:00:00",UA,11,117,-12.0,-1.99,2.97,32.79,94.64,310.0
"2025-03-16 00:00:00",UA,5,38,-15.0,-7.92,-5.0,-0.99,5.0,50.0
"2025-03-16 00:00:00",UA,19,130,-11.0,5.0,21.12,85.64,183.12,950.0
"2025-03-16 00:00:00",DL,5,57,-15.0,-7.03,-1.99,1.99,17.99,377.0
"2025-03-16 00:00:00",UA,9,127,-10.0,-4.01,-0.99,16.95,54.06,571.0
"2025-03-16 00:00:00",AA,7,208,-14.0,-5.0,-2.97,4.01,19.89,287.0
"2025-03-16 00:00:00",AA,11,157,-13.0,-1.99,12.06,47.95,127.75,1305.0
"2025-03-16 00:00:00",DL,1,2,-12.0,-12.0,-12.0,-12.0,-12.0,-2.0
"2025-03-16 00:00:00",UA,1,2,23.0,23.0,23.0,23.0,23.0,56.0
"2025-03-16 00:00:00",AA,13,141,-15.0,-1.99,21.12,75.95,172.45,1151.0
"2025-03-16 00:00:00",AA,8,191,-10.0,-5.0,-1.99,10.91,37.72,1478.0
"2025-03-16 00:00:00",UA,22,35,-13.0,13.07,34.82,102.52,111.06,214.0
"2025-03-17 00:00:00",UA,1,1,15.0,15.0,15.0,15.0,15.0,15.0
"2025-03-17 00:00:00",WN,20,271,-12.0,0.0,15.03,44.26,74.45,239.0
"2025-03-17 00:00:00",AA,17,154,-16.0,-5.0,0.0,17.99,56.27,296.0
"2025-03-17 00:00:00",WN,13,245,-10.0,0.99,10.07,26.84,66.03,233.0
"2025-03-17 00:00:00",DL,14,153,-13.0,-5.0,-0.99,19.11,51.94,232.0
"2025-03-17 00:00:00",AA,18,167,-10.0,-2.97,5.0,21.98,47.95,347.0
"2025-03-17 00:00:00",UA,15,94,-11.0,-5.0,-0.99,19.89,48.91,202.0
"2025-03-17 00:00:00",UA,14,128,-12.0,-5.0,-1.99,10.07,54.06,176.0
"2025-03-17 00:00:00",WN,15,214,-9.0,1.99,13.07,37.72,67.36,165.0
"2025-03-17 00:00:00",DL,1,1,-14.0,-14.0,-14.0,-14.0,-14.0,-14.0
"2025-03-17 00:00:00",AA,8,190,-13.0,-4.01,-1.99,7.92,32.79,696.0
"2025-03-17 00:00:00",UA,11,123,-14.0,-5.0,-0.99,5.0,30.27,158.0
"2025-03-17 00:00:00",AA,13,149,-13.0,-2.97,2.97,19.89,71.53,1214.0
"2025-03-17 00:00:00",AA,11,168,-12.0,-2.97,1.99,27.94,74.45,617.0
"2025-03-17 00:00:00",WN,8,265,-7.0,-1.99,0.99,13.87,44.26,298.0
"2025-03-17 00:00:00",UA,9,133,-13.0,-5.0,-1.99,1.99,23.81,163.0
"2025-03-17 00:00:00",UA,19,128,-17.0,-2.97,5.0,25.79,58.56,106.0
"2025-03-17 00:00:00",UA,5,42,-10.0,-7.92,-5.0,1.99,15.03,128.0
"2025-03-17 00:00:00",DL,5,64,-12.0,-5.0,-2.97,0.0,12.06,138.0
"2025-03-17 00:00:00",AA,23,26,-10.0,-5.99,-2.97,1.99,12.06,29.0
"2025-03-17 00:00:00",UA,22,34,-16.0,-5.0,0.0,10.07,41.68,68.0
"2025-03-17 00:00:00",AA,7,207,-13.0,-5.0,-2.97,2.97,36.97,1417.0
"2025-03-18 00:00:00",AA,23,27,-17.0,-7.03,-4.01,-0.99,39.25,548.0
"2025-03-18 00:00:00",WN,20,179,-14.0,-5.99,-1.99,13.87,48.91,154.0
"2025-03-18 00:00:00",DL,5,67,-14.0,-7.92,-5.0,-1.99,0.99,48.0
"2025-03-18 00:00:00",DL,1,2,-7.0,-7.0,-7.0,-7.0,-7.0,-4.0
"2025-03-18 00:00:00",UA,1,1,5.0,5.0,5.0,5.0,5.0,5.0
"2025-03-18 00:00:00",UA,22,31,-13.0,-7.92,-5.0,-2.97,0.0,102.0
"2025-03-18 00:00:00",AA,8,198,-17.0,-5.99,-4.01,0.0,30.27,413.0
"2025-03-18 00:00:00",AA,13,148,-12.0,-5.99,-2.97,0.99,36.97,406.0
"2025-03-18 00:00:00",WN,13,233,-13.0,-5.0,-1.99,1.99,10.91,101.0
"2025-03-18 00:00:00",UA,15,86,-12.0,-7.92,-4.01,4.01,27.94,131.0
"2025-03-18 00:00:00",WN,15,212,-11.0,-4.01,0.0,8.94,36.24,375.0
"2025-03-18 00:00:00",AA,17,154,-14.0,-5.0,-0.99,19.11,41.68,870.0
"2025-03-18 00:00:00",UA,19,114,-16.0,-8.94,-0.99,10.07,43.38,616.0
"2025-03-18 00:00:00",AA,18,167,-17.0,-5.0,-1.99,12.06,52.99,275.0
"2025-03-18 00:00:00",UA,14,120,-14.0,-7.92,-4.01,0.99,25.79,167.0
"2025-03-18 00:00:00",WN,8,269,-9.0,-4.01,-1.99,1.99,10.91,78.0
"2025-03-18 00:00:00",UA,11,120,-13.0,-7.03,-4.01,-1.99,8.94,473.0
"2025-03-18 00:00:00",DL,14,143,-19.0,-5.99,-2.97,4.01,16.95,140.0
"2025-03-18 00:00:00",UA,9,129,-19.0,-7.03,-5.0,-1.99,2.97,235.0
"2025-03-18 00:00:00",AA,11,167,-12.0,-7.03,-4.01,2.97,22.88,269.0
"2025-03-18 00:00:00",UA,5,36,-15.0,-8.94,-5.99,-2.97,2.97,44.0
"2025-03-18 00:00:00",AA,7,222,-13.0,-7.03,-5.0,-1.99,7.03,694.0
"2025-03-19 00:00:00",DL,1,2,-10.0,-10.0,-10.0,-10.0,-10.0,0.0
"2025-03-19 00:00:00",UA,9,129,-19.0,-7.03,-5.0,-0.99,5.99,86.0
"2025-03-19 00:00:00",AA,11,167,-12.0,-5.0,-1.99,5.99,44.26,243.0
"2025-03-19 00:00:00",UA,1,1,-5.0,-5.0,-5.0,-5.0,-5.0,-5.0
"2025-03-19 00:00:00",DL,5,67,-13.0,-8.94,-7.03,-2.97,-0.99,857.0
"2025-03-19 00:00:00",AA,7,219,-13.0,-7.03,-4.01,0.0,19.89,1419.0
"2025-03-19 00:00:00",AA,8,195,-14.0,-5.99,-2.97,0.0,15.03,1314.0
"2025-03-19 00:00:00",UA,5,36,-15.0,-10.07,-5.0,-2.97,-0.99,21.0
"2025-03-19 00:00:00",WN,8,266,-12.0,-5.0,-2.97,0.0,10.07,221.0
"2025-03-19 00:00:00",UA,11,124,-12.0,-5.99,-2.97,0.0,10.07,115.0
"2025-03-19 00:00:00",WN,13,230,-15.0,-4.01,-0.99,5.0,19.11,164.0
"2025-03-19 00:00:00",AA,13,148,-22.0,-5.0,-0.99,17.99,94.64,494.0
"2025-03-19 00:00:00",DL,14,142,-15.0,-5.99,-1.99,5.99,27.94,150.0
"2025-03-19 00:00:00",UA,14,121,-11.0,-5.99,-2.97,13.07,46.07,406.0
"2025-03-19 00:00:00",WN,15,203,-16.0,-2.97,0.0,8.94,21.98,173.0
"2025-03-19 00:00:00",UA,15,89,-13.0,-7.03,-1.99,5.99,45.15,224.0
"2025-03-19 00:00:00",AA,17,153,-14.0,-2.97,8.94,41.68,79.05,819.0
"2025-03-19 00:00:00",AA,18,163,-12.0,-2.97,2.97,37.72,98.5,857.0
"2025-03-19 00:00:00",UA,19,126,-16.0,-5.99,-0.99,15.96,100.49,319.0
"2025-03-19 00:00:00",WN,20,175,-13.0,-5.0,-0.99,10.07,32.79,116.0
"2025-03-19 00:00:00",UA,22,34,-13.0,-4.01,0.99,2.97,8.94,42.0
"2025-03-19 00:00:00",AA,23,26,-9.0,-4.01,0.0,5.0,47.95,769.0
"2025-03-20 00:00:00",AA,11,167,-14.0,-5.0,-1.99,7.92,40.86,220.0
"2025-03-20 00:00:00",WN,20,274,-14.0,-2.97,1.99,19.11,50.91,227.0
"2025-03-20 00:00:00",UA,1,1,-4.0,-4.0,-4.0,-4.0,-4.0,-4.0
"2025-03-20 00:00:00",UA,5,42,-11.0,-7.92,-5.99,-0.99,4.01,204.0
"2025-03-20 00:00:00",DL,5,69,-15.0,-7.92,-4.01,-0.99,5.99,195.0
"2025-03-20 00:00:00",AA,7,217,-14.0,-5.99,-4.01,0.0,21.12,512.0
"2025-03-20 00:00:00",AA,8,199,-12.0,-5.0,-2.97,2.97,30.27,363.0
"2025-03-20 00:00:00",WN,8,267,-11.0,-4.01,-1.99,0.99,10.07,93.0
"2025-03-20 00:00:00",UA,9,134,-21.0,-5.99,-1.99,7.92,45.15,239.0
"2025-03-20 00:00:00",UA,11,126,-13.0,-5.0,-0.99,10.91,59.75,246.0
"2025-03-20 00:00:00",WN,13,246,-13.0,-2.97,0.0,10.07,26.84,192.0
"2025-03-20 00:00:00",AA,13,149,-17.0,-4.01,0.0,15.96,68.72,233.0
"2025-03-20 00:00:00",WN,15,215,-12.0,-2.97,2.97,13.87,30.27,189.0
"2025-03-20 00:00:00",UA,22,34,-15.0,-5.0,-0.99,5.0,19.11,250.0
"2025-03-20 00:00:00",AA,23,29,-11.0,-5.0,-2.97,0.99,34.82,77.0
"2025-03-20 00:00:00",AA,17,153,-18.0,-4.01,-0.99,21.98,60.95,322.0
"2025-03-20 00:00:00",AA,18,169,-10.0,-2.97,2.97,29.08,77.49,863.0
"2025-03-20 00:00:00",UA,19,136,-18.0,-4.01,0.99,10.91,29.08,271.0
"2025-03-20 00:00:00",UA,15,94,-11.0,-5.99,-0.99,13.07,44.26,173.0
"2025-03-20 00:00:00",DL,14,153,-13.0,-4.01,0.0,10.07,29.08,257.0
"2025-03-20 00:00:00",UA,14,127,-13.0,-2.97,1.99,19.89,64.72,287.0
"2025-03-20 00:00:00",DL,1,2,-10.0,-10.0,-10.0,-10.0,-10.0,-8.0
