"2025-01-01 00:00:00",AA,1,51,-18.0,-8.94,-5.99,0.0,10.91,318.0
"2025-01-01 00:00:00",DL,23,3354,-24.0,-7.03,-2.97,5.99,30.27,942.0
"2025-01-01 00:00:00",DL,21,10139,-24.0,-5.99,-1.99,12.06,46.07,1118.0
"2025-01-01 00:00:00",WN,21,13236,-22.0,-4.01,2.97,23.81,63.44,410.0
"2025-01-01 00:00:00",AA,21,9964,-20.0,-5.0,0.0,17.99,58.56,2364.0
"2025-01-01 00:00:00",AA,20,13602,-28.0,-4.01,0.0,19.11,56.27,2273.0
"2025-01-01 00:00:00",AA,19,16405,-27.0,-5.0,0.0,22.88,70.11,1613.0
"2025-01-01 00:00:00",WN,17,26566,-23.0,-4.01,1.99,17.99,49.9,491.0
"2025-01-01 00:00:00",UA,16,15688,-23.0,-5.99,-1.99,8.94,49.9,1072.0
"2025-01-01 00:00:00",DL,16,14956,-26.0,-5.99,-0.99,13.07,48.91,1143.0
"2025-01-01 00:00:00",DL,15,20831,-25.0,-5.0,-0.99,13.07,49.9,1188.0
"2025-01-01 00:00:00",UA,13,15556,-25.0,-5.99,-2.97,5.99,36.24,1349.0
"2025-01-01 00:00:00",DL,13,17169,-26.0,-5.99,-1.99,7.92,41.68,1176.0
"2025-01-01 00:00:00",DL,11,22840,-23.0,-5.99,-2.97,7.03,34.82,1171.0
"2025-01-01 00:00:00",UA,2,70,-14.0,-8.94,-7.03,0.99,22.88,92.0
"2025-01-01 00:00:00",WN,9,26314,-17.0,-5.0,-1.99,2.97,17.99,721.0
"2025-01-01 00:00:00",AA,9,15406,-21.0,-5.99,-2.97,2.97,29.08,2063.0
"2025-01-01 00:00:00",DL,6,21593,-26.0,-7.92,-5.0,-0.99,8.94,1119.0
"2025-01-01 00:00:00",AA,6,21308,-22.0,-7.03,-5.0,-0.99,10.91,3403.0
"2025-01-01 00:00:00",AA,5,11788,-21.0,-7.92,-5.0,-1.99,10.07,3092.0
