"2025-01-01 00:00:00",DL,3,6,-7.0,-4.01,-2.97,-2.97,-1.99,-1.0
"2025-01-01 00:00:00",WN,23,510,-16.0,-4.01,-0.99,5.99,19.11,103.0
"2025-01-01 00:00:00",WN,22,5927,-17.0,-4.01,4.01,26.84,63.44,273.0
"2025-01-01 00:00:00",DL,22,10834,-22.0,-5.99,-1.99,7.92,39.25,1061.0
"2025-01-01 00:00:00",DL,20,11003,-29.0,-5.99,-0.99,15.96,57.4,1170.0
"2025-01-01 00:00:00",UA,20,9945,-41.0,-5.0,0.0,17.99,59.75,1144.0
"2025-01-01 00:00:00",UA,17,16313,-23.0,-5.99,-1.99,10.07,48.91,1080.0
"2025-01-01 00:00:00",DL,17,20169,-30.0,-7.03,-1.99,10.91,47.95,1222.0
"2025-01-01 00:00:00",AA,16,16898,-26.0,-5.0,-0.99,15.03,57.4,1789.0
"2025-01-01 00:00:00",AA,15,15082,-26.0,-5.0,-0.99,16.95,59.75,2310.0
"2025-01-01 00:00:00",AA,14,17054,-26.0,-5.0,-0.99,13.07,54.06,1831.0
"2025-01-01 00:00:00",WN,14,26655,-17.0,-4.01,0.0,13.07,37.72,647.0
"2025-01-01 00:00:00",WN,12,25339,-16.0,-4.01,0.0,8.94,30.27,625.0
"2025-01-01 00:00:00",WN,10,26786,-18.0,-4.01,-0.99,5.0,21.12,562.0
"2025-01-01 00:00:00",DL,0,449,-28.0,-10.07,-5.99,0.0,21.98,211.0
"2025-01-01 00:00:00",WN,7,26047,-16.0,-5.0,-2.97,0.0,7.92,481.0
"2025-01-01 00:00:00",UA,7,21796,-22.0,-7.92,-5.0,-1.99,8.94,992.0
"2025-01-01 00:00:00",WN,6,32392,-15.0,-5.0,-2.97,-0.99,4.01,686.0
"2025-01-01 00:00:00",UA,6,14923,-22.0,-7.92,-5.0,-1.99,7.03,1035.0
"2025-01-01 00:00:00",WN,5,14271,-15.0,-5.0,-2.97,-0.99,4.01,488.0
