"2025-01-01 00:00:00",UA,0,625,-22.0,-7.03,-2.97,2.97,22.88,590.0
"2025-01-01 00:00:00",UA,23,4097,-24.0,-7.92,-4.01,2.97,22.88,1124.0
"2025-01-01 00:00:00",AA,22,10291,-21.0,-5.0,-1.99,13.07,46.07,1447.0
"2025-01-01 00:00:00",UA,21,5203,-24.0,-7.03,-1.99,12.06,47.0,736.0
"2025-01-01 00:00:00",DL,19,16217,-30.0,-5.99,-0.99,17.99,63.44,1107.0
"2025-01-01 00:00:00",WN,19,24423,-21.0,-5.0,0.99,19.11,55.15,430.0
"2025-01-01 00:00:00",WN,18,28347,-21.0,-4.01,0.99,17.99,49.9,515.0
"2025-01-01 00:00:00",UA,18,16246,-50.0,-5.99,-1.99,10.91,54.06,1145.0
"2025-01-01 00:00:00",DL,18,17922,-32.0,-5.99,-0.99,15.96,56.27,1173.0
"2025-01-01 00:00:00",WN,16,26365,-17.0,-4.01,0.99,15.96,46.07,646.0
"2025-01-01 00:00:00",DL,12,19711,-26.0,-5.99,-2.97,7.03,37.72,1160.0
"2025-01-01 00:00:00",AA,12,16154,-24.0,-5.0,-0.99,12.06,49.9,2700.0
"2025-01-01 00:00:00",UA,12,14579,-28.0,-5.99,-2.97,4.01,30.88,1242.0
"2025-01-01 00:00:00",WN,11,27876,-17.0,-4.01,-0.99,7.03,26.84,640.0
"2025-01-01 00:00:00",UA,10,14547,-23.0,-5.99,-2.97,2.97,26.84,691.0
"2025-01-01 00:00:00",DL,10,17742,-26.0,-7.03,-2.97,4.01,30.27,849.0
"2025-01-01 00:00:00",AA,10,16491,-26.0,-5.0,-1.99,7.03,36.97,3298.0
"2025-01-01 00:00:00",DL,9,15272,-24.0,-5.99,-2.97,2.97,25.79,849.0
"2025-01-01 00:00:00",UA,8,20502,-22.0,-7.03,-4.01,-0.99,13.87,1094.0
"2025-01-01 00:00:00",DL,8,20705,-26.0,-5.99,-4.01,0.0,19.11,1048.0
"2025-01-01 00:00:00",DL,7,27323,-26.0,-7.03,-4.01,0.0,13.87,1040.0
"2025-01-01 00:00:00",AA,0,1047,-20.0,-7.03,-4.01,0.99,21.12,793.0
