"2025-04-09 00:00:00",UA,12,828,-18.0,-7.03,-4.01,-0.99,7.92,346.0
"2025-04-09 00:00:00",AA,0,59,-18.0,-8.94,-5.99,-1.99,13.07,181.0
"2025-04-09 00:00:00",DL,19,1037,-24.0,-5.99,-1.99,12.06,47.0,465.0
"2025-04-09 00:00:00",UA,0,53,-16.0,-7.92,-5.99,-1.99,0.0,97.0
"2025-04-09 00:00:00",UA,23,245,-18.0,-8.94,-5.0,-1.99,8.94,141.0
"2025-04-09 00:00:00",UA,21,375,-20.0,-7.03,-5.0,1.99,21.98,125.0
"2025-04-09 00:00:00",AA,22,751,-20.0,-5.0,-1.99,12.06,40.86,722.0
"2025-04-09 00:00:00",WN,18,1836,-14.0,-4.01,0.0,12.06,32.79,289.0
"2025-04-09 00:00:00",WN,16,1601,-15.0,-4.01,0.0,12.06,30.27,354.0
"2025-04-09 00:00:00",WN,19,1653,-15.0,-4.01,0.0,13.87,36.24,317.0
"2025-04-09 00:00:00",DL,18,1102,-25.0,-5.99,-1.99,8.94,37.72,337.0
"2025-04-09 00:00:00",UA,18,937,-22.0,-7.03,-4.01,2.97,25.79,280.0
"2025-04-09 00:00:00",UA,10,896,-17.0,-7.03,-4.01,-0.99,12.06,519.0
"2025-04-09 00:00:00",DL,7,1682,-18.0,-7.03,-4.01,-0.99,8.94,605.0
"2025-04-09 00:00:00",WN,11,1602,-12.0,-4.01,-0.99,5.99,21.98,189.0
"2025-04-09 00:00:00",DL,12,1156,-20.0,-5.99,-2.97,5.0,27.94,554.0
"2025-04-09 00:00:00",AA,12,1018,-14.0,-5.0,-1.99,5.99,32.79,1859.0
"2025-04-09 00:00:00",DL,8,1246,-19.0,-7.03,-4.01,0.0,10.07,478.0
"2025-04-09 00:00:00",AA,10,1082,-17.0,-5.0,-1.99,5.0,29.08,369.0
"2025-04-09 00:00:00",DL,10,1060,-17.0,-7.03,-4.01,0.0,13.87,453.0
"2025-04-09 00:00:00",UA,8,1126,-16.0,-7.92,-5.0,-1.99,5.0,434.0
"2025-04-09 00:00:00",DL,9,943,-18.0,-7.03,-4.01,0.0,16.95,343.0
