"2025-04-16 00:00:00",AA,10,1081,-18.0,-5.0,-1.99,10.07,44.26,573.0
"2025-04-16 00:00:00",UA,21,375,-24.0,-5.99,-1.99,13.07,52.99,237.0
"2025-04-16 00:00:00",UA,18,931,-20.0,-5.0,-0.99,15.03,71.53,943.0
"2025-04-16 00:00:00",AA,0,58,-16.0,-7.03,-4.01,0.0,15.96,60.0
"2025-04-16 00:00:00",AA,22,752,-21.0,-5.99,-1.99,7.92,34.82,713.0
"2025-04-16 00:00:00",UA,23,244,-18.0,-7.92,-4.01,2.97,19.11,542.0
"2025-04-16 00:00:00",DL,19,1074,-25.0,-7.03,-1.99,8.94,36.24,817.0
"2025-04-16 00:00:00",WN,18,1831,-17.0,-4.01,0.99,16.95,49.9,342.0
"2025-04-16 00:00:00",DL,18,1179,-21.0,-7.03,-2.97,7.03,32.79,799.0
"2025-04-16 00:00:00",WN,19,1642,-17.0,-4.01,0.99,21.12,63.44,313.0
"2025-04-16 00:00:00",DL,10,1079,-23.0,-7.92,-5.0,0.0,13.87,507.0
"2025-04-16 00:00:00",WN,16,1604,-15.0,-4.01,0.99,13.87,43.38,332.0
"2025-04-16 00:00:00",UA,12,823,-15.0,-5.99,-2.97,4.01,44.26,1242.0
"2025-04-16 00:00:00",AA,12,1015,-13.0,-5.0,-1.99,8.94,36.24,1104.0
"2025-04-16 00:00:00",DL,12,1263,-26.0,-7.03,-4.01,0.99,21.12,1122.0
"2025-04-16 00:00:00",UA,10,891,-17.0,-7.03,-4.01,0.99,32.14,297.0
"2025-04-16 00:00:00",WN,11,1593,-15.0,-4.01,-0.99,7.03,25.79,518.0
"2025-04-16 00:00:00",UA,0,53,-22.0,-7.03,-5.0,5.0,26.84,125.0
"2025-04-16 00:00:00",DL,9,970,-24.0,-7.03,-4.01,-0.99,10.91,766.0
"2025-04-16 00:00:00",UA,8,1119,-17.0,-7.92,-5.0,-1.99,12.06,880.0
"2025-04-16 00:00:00",DL,7,1672,-20.0,-7.03,-5.0,-0.99,5.99,819.0
"2025-04-16 00:00:00",DL,8,1342,-17.0,-7.03,-4.01,-0.99,10.07,452.0
