"2025-02-19 00:00:00",AA,5,638,-17.0,-7.92,-5.0,-0.99,13.07,3092.0
"2025-02-19 00:00:00",DL,15,1246,-23.0,-5.99,-1.99,10.91,36.24,359.0
"2025-02-19 00:00:00",AA,19,955,-19.0,-5.0,0.0,21.12,63.44,1445.0
"2025-02-19 00:00:00",DL,23,161,-18.0,-7.03,-2.97,5.0,25.79,839.0
"2025-02-19 00:00:00",UA,2,7,-10.0,-10.0,-4.01,0.99,2.97,15.0
"2025-02-19 00:00:00",WN,21,709,-15.0,-5.0,-1.99,8.94,27.94,172.0
"2025-02-19 00:00:00",AA,20,819,-18.0,-4.01,0.0,19.89,58.56,895.0
"2025-02-19 00:00:00",DL,21,574,-19.0,-5.99,-1.99,8.94,36.24,1062.0
"2025-02-19 00:00:00",AA,21,586,-14.0,-4.01,0.99,19.11,62.18,706.0
"2025-02-19 00:00:00",DL,16,913,-19.0,-5.0,-0.99,10.07,30.88,846.0
"2025-02-19 00:00:00",WN,17,1540,-15.0,-4.01,0.0,13.07,32.79,246.0
"2025-02-19 00:00:00",UA,16,952,-16.0,-5.99,-2.97,2.97,21.12,426.0
"2025-02-19 00:00:00",AA,6,1244,-16.0,-7.03,-5.0,-0.99,10.91,3403.0
"2025-02-19 00:00:00",DL,11,1292,-18.0,-5.99,-1.99,7.03,29.08,1086.0
"2025-02-19 00:00:00",UA,13,982,-17.0,-5.99,-2.97,2.97,19.89,365.0
"2025-02-19 00:00:00",DL,13,995,-26.0,-5.99,-1.99,8.94,39.25,1117.0
"2025-02-19 00:00:00",DL,6,1271,-21.0,-7.03,-4.01,-0.99,10.07,1049.0
"2025-02-19 00:00:00",WN,9,1525,-13.0,-4.01,-1.99,2.97,15.96,461.0
"2025-02-19 00:00:00",AA,9,889,-15.0,-5.0,-1.99,2.97,27.94,1986.0
