"2025-04-23 00:00:00",WN,12,1580,-15.0,-2.97,0.0,10.07,29.08,280.0
"2025-04-23 00:00:00",DL,22,760,-18.0,-5.99,-1.99,8.94,40.05,496.0
"2025-04-23 00:00:00",DL,17,1244,-30.0,-7.03,-1.99,7.03,30.88,988.0
"2025-04-23 00:00:00",DL,0,45,-14.0,-8.94,-2.97,4.01,19.11,185.0
"2025-04-23 00:00:00",WN,22,212,-14.0,-1.99,5.0,16.95,34.13,115.0
"2025-04-23 00:00:00",WN,23,43,-10.0,-4.01,-0.99,7.92,16.95,79.0
"2025-04-23 00:00:00",DL,20,786,-18.0,-5.99,-1.99,12.06,39.25,377.0
"2025-04-23 00:00:00",UA,17,911,-18.0,-5.0,0.99,15.96,85.64,392.0
"2025-04-23 00:00:00",UA,20,546,-20.0,-2.97,5.0,40.05,102.52,634.0
"2025-04-23 00:00:00",AA,14,1012,-15.0,-5.0,-1.99,13.07,63.44,1831.0
"2025-04-23 00:00:00",AA,15,981,-16.0,-5.0,-0.99,16.95,67.36,1183.0
"2025-04-23 00:00:00",AA,16,1013,-17.0,-5.0,-0.99,19.11,63.44,1027.0
"2025-04-23 00:00:00",WN,14,1543,-17.0,-1.99,2.97,17.99,44.26,253.0
"2025-04-23 00:00:00",WN,5,1057,-15.0,-5.0,-2.97,-0.99,4.01,238.0
"2025-04-23 00:00:00",WN,10,1698,-13.0,-4.01,-0.99,5.99,22.88,261.0
"2025-04-23 00:00:00",UA,7,1353,-18.0,-7.92,-5.0,-1.99,8.94,431.0
"2025-04-23 00:00:00",WN,7,1762,-14.0,-5.0,-2.97,0.0,7.92,254.0
"2025-04-23 00:00:00",UA,6,909,-19.0,-7.92,-5.99,-1.99,2.97,439.0
"2025-04-23 00:00:00",WN,6,2010,-15.0,-5.0,-2.97,-0.99,4.01,206.0
"2025-04-30 00:00:00",AA,16,126,-16.0,-2.97,0.99,40.05,144.04,1017.0
"2025-04-30 00:00:00",DL,22,107,-15.0,-5.0,-2.97,0.99,21.12,142.0
"2025-04-30 00:00:00",DL,0,4,-14.0,-13.87,-12.06,-4.01,-4.01,3.0
"2025-04-30 00:00:00",UA,20,79,-12.0,-2.97,8.94,39.25,80.65,453.0
"2025-04-30 00:00:00",AA,15,116,-11.0,-4.01,-0.99,32.14,159.19,796.0
"2025-04-30 00:00:00",UA,17,132,-16.0,-4.01,-0.99,17.99,89.13,228.0
"2025-04-30 00:00:00",UA,6,128,-16.0,-10.07,-7.03,-4.01,0.0,194.0
"2025-04-30 00:00:00",WN,5,89,-11.0,-5.99,-2.97,-0.99,0.99,40.0
"2025-04-30 00:00:00",WN,14,205,-8.0,-1.99,4.01,25.79,98.5,555.0
"2025-04-30 00:00:00",WN,10,245,-11.0,-4.01,-0.99,4.01,15.03,465.0
"2025-04-30 00:00:00",WN,6,287,-13.0,-5.99,-4.01,-0.99,1.99,134.0
"2025-04-30 00:00:00",DL,20,98,-21.0,-5.99,-1.99,8.94,52.99,124.0
"2025-04-30 00:00:00",WN,22,7,-7.0,-4.01,-1.99,-0.99,8.94,12.0
"2025-04-30 00:00:00",DL,17,176,-29.0,-5.99,-4.01,2.97,17.99,253.0
"2025-04-30 00:00:00",WN,12,200,-11.0,-4.01,0.99,12.06,41.68,472.0
"2025-04-30 00:00:00",WN,7,227,-12.0,-5.0,-2.97,-0.99,1.99,289.0
"2025-04-30 00:00:00",WN,23,6,-7.0,-1.99,-1.99,1.99,16.95,28.0
"2025-04-30 00:00:00",UA,7,191,-14.0,-7.92,-5.99,-4.01,0.0,257.0
"2025-04-30 00:00:00",AA,14,119,-12.0,-2.97,1.99,40.86,169.04,985.0
