"2025-01-22 00:00:00",DL,20,590,-19.0,-5.99,-1.99,10.07,40.05,299.0
"2025-01-22 00:00:00",AA,14,1005,-21.0,-5.99,-2.97,7.03,32.79,422.0
"2025-01-22 00:00:00",DL,17,1144,-24.0,-7.92,-4.01,5.0,41.68,925.0
"2025-01-22 00:00:00",UA,20,557,-20.0,-7.03,-1.99,7.92,30.88,220.0
"2025-01-22 00:00:00",DL,0,18,-20.0,-15.03,-10.91,-10.07,-2.97,8.0
"2025-01-22 00:00:00",DL,22,593,-22.0,-7.03,-2.97,4.01,29.08,649.0
"2025-01-22 00:00:00",UA,17,988,-21.0,-7.03,-2.97,2.97,22.88,740.0
"2025-01-22 00:00:00",WN,22,3,-13.0,-13.0,-7.92,-7.92,-7.92,7.0
"2025-01-22 00:00:00",WN,14,1536,-14.0,-5.0,-1.99,5.0,23.81,414.0
"2025-01-22 00:00:00",AA,16,966,-26.0,-5.99,-2.97,5.0,34.82,462.0
"2025-01-22 00:00:00",AA,15,804,-20.0,-7.03,-4.01,2.97,27.94,381.0
"2025-01-22 00:00:00",WN,5,297,-12.0,-5.99,-4.01,-0.99,1.99,99.0
"2025-01-22 00:00:00",WN,7,1332,-13.0,-5.99,-4.01,-1.99,2.97,211.0
"2025-01-22 00:00:00",WN,12,1307,-15.0,-5.0,-1.99,2.97,17.99,344.0
"2025-01-22 00:00:00",WN,10,1421,-14.0,-5.0,-1.99,1.99,12.06,176.0
"2025-01-22 00:00:00",UA,6,749,-17.0,-7.92,-5.99,-1.99,5.0,565.0
"2025-01-22 00:00:00",UA,7,1107,-18.0,-7.92,-5.99,-1.99,5.99,704.0
"2025-01-22 00:00:00",WN,6,1568,-14.0,-5.99,-4.01,-1.99,2.97,564.0
