"2025-02-05 00:00:00",AA,0,43,-11.0,-5.99,-4.01,-1.99,0.99,99.0
"2025-02-05 00:00:00",WN,11,1686,-15.0,-5.0,-1.99,4.01,17.99,258.0
"2025-02-05 00:00:00",WN,18,1591,-14.0,-5.0,-0.99,10.91,39.25,283.0
"2025-02-05 00:00:00",AA,22,454,-18.0,-5.99,-4.01,0.99,19.11,685.0
"2025-02-05 00:00:00",UA,0,23,-9.0,-7.03,-1.99,0.0,43.38,98.0
"2025-02-05 00:00:00",UA,23,196,-15.0,-7.92,-5.0,1.99,17.99,329.0
"2025-02-05 00:00:00",WN,19,1222,-19.0,-5.0,-0.99,12.06,39.25,261.0
"2025-02-05 00:00:00",UA,21,189,-19.0,-7.03,-2.97,5.99,63.44,736.0
"2025-02-05 00:00:00",DL,19,826,-26.0,-7.92,-2.97,5.99,34.82,900.0
"2025-02-05 00:00:00",AA,12,905,-18.0,-5.0,-1.99,5.0,27.94,2700.0
"2025-02-05 00:00:00",WN,16,1515,-17.0,-5.0,-0.99,8.94,32.79,302.0
"2025-02-05 00:00:00",UA,18,909,-28.0,-5.99,-1.99,7.92,40.86,359.0
"2025-02-05 00:00:00",DL,18,961,-25.0,-7.92,-2.97,5.0,32.14,1173.0
"2025-02-05 00:00:00",DL,12,1135,-22.0,-7.03,-2.97,5.0,30.88,1118.0
"2025-02-05 00:00:00",UA,12,913,-19.0,-5.99,-2.97,7.03,43.38,651.0
"2025-02-05 00:00:00",DL,7,1505,-17.0,-7.03,-4.01,0.0,7.92,914.0
"2025-02-05 00:00:00",AA,10,934,-16.0,-5.99,-2.97,1.99,21.12,547.0
"2025-02-05 00:00:00",UA,10,820,-18.0,-5.99,-2.97,4.01,34.13,298.0
"2025-02-05 00:00:00",DL,10,1020,-19.0,-7.03,-4.01,0.99,22.88,311.0
"2025-02-05 00:00:00",DL,8,1180,-20.0,-7.03,-4.01,0.0,15.96,324.0
"2025-02-05 00:00:00",DL,9,859,-15.0,-7.03,-4.01,0.0,15.96,355.0
"2025-02-05 00:00:00",UA,8,1245,-22.0,-7.03,-5.0,-0.99,15.96,497.0
