"2025-03-26 00:00:00",AA,20,867,-20.0,-4.01,1.99,21.98,66.03,835.0
"2025-03-26 00:00:00",AA,21,596,-20.0,-4.01,0.99,29.08,77.49,1112.0
"2025-03-26 00:00:00",DL,21,642,-19.0,-5.0,-0.99,21.12,74.45,899.0
"2025-03-26 00:00:00",WN,21,1159,-22.0,-4.01,4.01,27.94,85.64,410.0
"2025-03-26 00:00:00",DL,23,247,-16.0,-5.99,-1.99,7.92,57.4,727.0
"2025-03-26 00:00:00",AA,5,747,-19.0,-7.92,-5.99,-1.99,5.0,1061.0
"2025-03-26 00:00:00",AA,6,1284,-17.0,-7.92,-5.0,-1.99,8.94,1703.0
"2025-03-26 00:00:00",DL,6,1285,-22.0,-7.92,-5.0,-0.99,5.99,607.0
"2025-03-26 00:00:00",WN,9,1509,-13.0,-4.01,-1.99,2.97,19.11,415.0
"2025-03-26 00:00:00",AA,9,903,-21.0,-5.99,-2.97,1.99,24.78,1316.0
"2025-03-26 00:00:00",AA,19,1066,-23.0,-5.0,2.97,34.13,90.93,974.0
"2025-03-26 00:00:00",DL,11,1425,-22.0,-5.99,-2.97,7.03,43.38,1171.0
"2025-03-26 00:00:00",DL,13,1044,-20.0,-7.03,-2.97,8.94,47.0,590.0
"2025-03-26 00:00:00",UA,13,908,-25.0,-5.99,-2.97,4.01,30.88,307.0
"2025-03-26 00:00:00",DL,15,1237,-24.0,-5.0,-0.99,19.89,77.49,446.0
"2025-03-26 00:00:00",DL,16,910,-20.0,-5.99,-0.99,19.89,87.37,1106.0
"2025-03-26 00:00:00",UA,16,951,-22.0,-5.99,-0.99,13.87,71.53,1030.0
"2025-03-26 00:00:00",WN,17,1626,-15.0,-2.97,5.0,24.78,83.94,414.0
