"2025-02-19 00:00:00",DL,0,22,-17.0,-12.06,-8.94,-7.03,0.0,33.0
"2025-02-19 00:00:00",WN,14,1567,-13.0,-4.01,0.0,10.07,30.27,340.0
"2025-02-19 00:00:00",DL,17,1181,-24.0,-7.03,-2.97,10.07,43.38,357.0
"2025-02-19 00:00:00",DL,22,614,-20.0,-5.99,-1.99,7.03,24.78,623.0
"2025-02-19 00:00:00",WN,22,301,-15.0,-5.99,-2.97,4.01,19.89,171.0
"2025-02-19 00:00:00",WN,23,15,-13.0,-7.03,-2.97,-1.99,10.07,34.0
"2025-02-19 00:00:00",UA,17,982,-17.0,-5.99,-1.99,5.99,26.84,792.0
"2025-02-19 00:00:00",UA,20,529,-21.0,-5.99,-1.99,7.03,25.79,597.0
"2025-02-19 00:00:00",DL,20,625,-23.0,-5.0,-0.99,13.87,46.07,634.0
"2025-02-19 00:00:00",AA,14,1032,-19.0,-5.0,-0.99,13.87,55.15,1137.0
"2025-02-19 00:00:00",AA,16,1025,-16.0,-5.0,-0.99,13.07,51.94,1472.0
"2025-02-19 00:00:00",AA,15,835,-23.0,-5.0,0.0,15.96,51.94,959.0
"2025-02-19 00:00:00",WN,5,753,-14.0,-5.0,-2.97,-0.99,5.0,155.0
"2025-02-19 00:00:00",WN,7,1404,-14.0,-5.0,-2.97,-0.99,5.99,354.0
"2025-02-19 00:00:00",WN,12,1489,-14.0,-4.01,-0.99,7.92,24.78,246.0
"2025-02-19 00:00:00",WN,10,1558,-14.0,-4.01,-0.99,4.01,19.11,299.0
"2025-02-19 00:00:00",UA,6,872,-18.0,-7.92,-5.0,-1.99,5.99,336.0
"2025-02-19 00:00:00",UA,7,1329,-17.0,-7.03,-5.0,-1.99,5.0,351.0
"2025-02-19 00:00:00",WN,6,1925,-14.0,-5.0,-2.97,-0.99,5.0,601.0
