"2025-02-12 00:00:00",UA,0,21,-10.0,-7.03,-1.99,10.91,36.97,109.0
"2025-02-12 00:00:00",WN,11,1568,-15.0,-2.97,0.99,16.95,51.94,571.0
"2025-02-12 00:00:00",WN,18,1505,-21.0,-0.99,13.07,41.68,94.64,515.0
"2025-02-12 00:00:00",AA,22,569,-17.0,-2.97,4.01,25.79,79.05,1233.0
"2025-02-12 00:00:00",AA,0,67,-12.0,-5.99,-1.99,12.06,30.88,485.0
"2025-02-12 00:00:00",UA,23,216,-14.0,-5.99,-1.99,12.06,34.13,206.0
"2025-02-12 00:00:00",WN,19,1552,-15.0,-1.99,10.91,44.26,98.5,421.0
"2025-02-12 00:00:00",UA,21,256,-15.0,-2.97,8.94,41.68,96.55,681.0
"2025-02-12 00:00:00",DL,19,915,-27.0,-0.99,15.96,55.15,117.93,988.0
"2025-02-12 00:00:00",AA,12,921,-13.0,-4.01,0.99,21.12,62.18,1377.0
"2025-02-12 00:00:00",WN,16,1500,-15.0,-0.99,10.07,34.82,92.77,516.0
"2025-02-12 00:00:00",UA,18,979,-18.0,-2.97,5.0,40.05,104.6,1000.0
"2025-02-12 00:00:00",DL,18,990,-17.0,-0.99,15.03,49.9,108.86,1000.0
"2025-02-12 00:00:00",DL,12,1179,-16.0,-2.97,5.0,34.13,82.28,1160.0
"2025-02-12 00:00:00",UA,12,834,-16.0,-4.01,0.0,17.99,67.36,540.0
"2025-02-12 00:00:00",DL,7,1539,-19.0,-5.0,-1.99,5.99,34.13,877.0
"2025-02-12 00:00:00",AA,10,953,-13.0,-4.01,-0.99,13.07,43.38,518.0
"2025-02-12 00:00:00",UA,10,850,-16.0,-5.0,-0.99,10.91,50.91,496.0
"2025-02-12 00:00:00",DL,10,1019,-17.0,-4.01,1.99,24.78,63.44,442.0
"2025-02-12 00:00:00",DL,8,1176,-17.0,-5.0,0.0,13.87,50.91,913.0
"2025-02-12 00:00:00",DL,9,870,-21.0,-4.01,0.0,19.11,58.56,796.0
"2025-02-12 00:00:00",UA,8,1279,-17.0,-5.99,-2.97,2.97,32.79,503.0
