"2025-01-01 00:00:00",DL,0,12,-14.0,-8.94,-5.0,1.99,1.99,23.0
"2025-01-01 00:00:00",WN,5,917,-13.0,-5.0,-2.97,0.0,5.99,426.0
"2025-01-01 00:00:00",WN,6,1726,-14.0,-5.0,-2.97,0.0,8.94,686.0
"2025-01-01 00:00:00",WN,10,1436,-13.0,-2.97,0.0,12.06,34.82,562.0
"2025-01-01 00:00:00",DL,20,500,-15.0,-4.01,1.99,21.12,48.91,762.0
"2025-01-01 00:00:00",UA,20,752,-16.0,-1.99,7.03,30.88,72.97,740.0
"2025-01-01 00:00:00",WN,12,1525,-11.0,-1.99,4.01,19.89,50.91,625.0
"2025-01-01 00:00:00",DL,22,648,-17.0,-5.0,0.0,13.87,36.24,903.0
"2025-01-01 00:00:00",WN,22,490,-15.0,0.0,15.96,37.72,67.36,187.0
"2025-01-01 00:00:00",UA,7,1185,-13.0,-5.99,-2.97,2.97,30.27,743.0
"2025-01-01 00:00:00",AA,14,905,-23.0,-4.01,0.99,26.84,80.65,1168.0
"2025-01-01 00:00:00",WN,14,1547,-15.0,-0.99,7.92,25.79,57.4,421.0
"2025-01-01 00:00:00",UA,6,866,-17.0,-5.99,-2.97,2.97,21.12,559.0
"2025-01-01 00:00:00",WN,7,1432,-12.0,-5.0,-1.99,1.99,16.95,380.0
"2025-01-01 00:00:00",AA,15,835,-16.0,-4.01,0.0,26.84,83.94,1485.0
"2025-01-01 00:00:00",AA,16,979,-20.0,-4.01,0.0,21.98,71.53,1051.0
"2025-01-01 00:00:00",DL,3,6,-7.0,-4.01,-2.97,-2.97,-1.99,-1.0
"2025-01-01 00:00:00",DL,17,1034,-20.0,-5.99,-0.99,15.03,49.9,362.0
"2025-01-01 00:00:00",UA,17,903,-23.0,-2.97,4.01,30.88,74.45,945.0
