"2025-04-16 00:00:00",DL,1,14,-26.0,-13.07,-10.07,-7.92,5.99,33.0
"2025-04-16 00:00:00",UA,9,977,-21.0,-7.03,-4.01,1.99,30.88,433.0
"2025-04-16 00:00:00",WN,20,1381,-16.0,-5.0,0.0,15.96,50.91,304.0
"2025-04-16 00:00:00",UA,15,685,-19.0,-5.99,-1.99,10.91,89.13,390.0
"2025-04-16 00:00:00",UA,22,242,-15.0,-7.03,-2.97,1.99,16.95,639.0
"2025-04-16 00:00:00",UA,1,10,-7.0,-5.99,-0.99,10.07,47.95,69.0
"2025-04-16 00:00:00",AA,23,216,-19.0,-5.99,-1.99,10.07,41.68,589.0
"2025-04-16 00:00:00",UA,19,948,-24.0,-5.0,-0.99,19.89,82.28,609.0
"2025-04-16 00:00:00",WN,15,1584,-15.0,-4.01,0.99,15.96,50.91,342.0
"2025-04-16 00:00:00",AA,17,1108,-15.0,-5.0,-1.99,13.07,58.56,1496.0
"2025-04-16 00:00:00",AA,18,1167,-19.0,-4.01,0.0,15.96,48.91,1368.0
"2025-04-16 00:00:00",AA,11,1137,-15.0,-5.99,-2.97,5.99,32.79,548.0
"2025-04-16 00:00:00",UA,14,878,-16.0,-7.03,-1.99,8.94,60.95,452.0
"2025-04-16 00:00:00",WN,13,1715,-13.0,-4.01,0.0,10.07,34.82,297.0
"2025-04-16 00:00:00",DL,14,1025,-19.0,-5.99,-2.97,4.01,32.14,493.0
"2025-04-16 00:00:00",UA,11,862,-22.0,-5.99,-2.97,5.0,40.86,429.0
"2025-04-16 00:00:00",AA,13,1013,-17.0,-5.0,-1.99,10.91,46.07,1936.0
"2025-04-16 00:00:00",UA,5,294,-17.0,-8.94,-5.99,-2.97,5.0,251.0
"2025-04-16 00:00:00",WN,8,1793,-14.0,-5.0,-2.97,0.0,10.07,533.0
"2025-04-16 00:00:00",AA,8,1408,-15.0,-5.99,-4.01,0.99,34.82,2358.0
"2025-04-16 00:00:00",DL,5,526,-18.0,-8.94,-5.99,-1.99,2.97,554.0
"2025-04-16 00:00:00",AA,7,1551,-15.0,-7.03,-4.01,-0.99,19.11,1554.0
