"2025-03-12 00:00:00",AA,20,894,-14.0,-4.01,2.97,29.08,74.45,1125.0
"2025-03-12 00:00:00",DL,13,1063,-26.0,-5.99,-0.99,16.95,64.72,1176.0
"2025-03-12 00:00:00",WN,17,1623,-16.0,-1.99,7.03,30.27,71.53,457.0
"2025-03-12 00:00:00",AA,21,616,-17.0,-4.01,1.99,30.27,74.45,1138.0
"2025-03-12 00:00:00",DL,23,243,-18.0,-5.99,-0.99,15.96,44.26,534.0
"2025-03-12 00:00:00",DL,21,638,-16.0,-4.01,0.0,22.88,62.18,816.0
"2025-03-12 00:00:00",AA,19,1072,-21.0,-5.0,2.97,30.27,85.64,966.0
"2025-03-12 00:00:00",WN,21,1168,-15.0,-1.99,10.91,41.68,82.28,333.0
"2025-03-12 00:00:00",UA,13,947,-20.0,-5.0,-1.99,12.06,56.27,390.0
"2025-03-12 00:00:00",UA,16,961,-16.0,-5.0,0.99,23.81,77.49,798.0
"2025-03-12 00:00:00",DL,15,1227,-16.0,-5.0,0.0,21.98,67.36,1027.0
"2025-03-12 00:00:00",DL,16,918,-19.0,-5.0,0.0,25.79,71.53,841.0
"2025-03-12 00:00:00",AA,9,895,-17.0,-5.99,-2.97,5.0,36.24,630.0
"2025-03-12 00:00:00",DL,11,1426,-18.0,-5.99,-0.99,10.07,45.15,415.0
"2025-03-12 00:00:00",WN,9,1499,-12.0,-4.01,-0.99,5.99,23.81,317.0
"2025-03-12 00:00:00",AA,5,766,-14.0,-7.92,-5.0,-1.99,8.94,1123.0
"2025-03-12 00:00:00",DL,6,1293,-17.0,-7.03,-4.01,0.0,7.92,784.0
"2025-03-12 00:00:00",AA,6,1300,-17.0,-7.03,-5.0,-0.99,13.07,2315.0
