"2025-01-15 00:00:00",AA,0,43,-15.0,-5.99,-2.97,0.0,7.03,559.0
"2025-01-15 00:00:00",UA,10,793,-21.0,-5.99,-2.97,1.99,19.89,452.0
"2025-01-15 00:00:00",UA,18,840,-50.0,-5.0,-1.99,5.99,24.78,338.0
"2025-01-15 00:00:00",UA,21,189,-13.0,-7.03,-4.01,5.0,30.27,255.0
"2025-01-15 00:00:00",UA,23,198,-14.0,-7.03,-4.01,1.99,16.95,185.0
"2025-01-15 00:00:00",AA,22,436,-18.0,-5.99,-2.97,5.0,32.14,1447.0
"2025-01-15 00:00:00",WN,18,1522,-15.0,-5.0,0.0,12.06,37.72,317.0
"2025-01-15 00:00:00",DL,19,786,-22.0,-5.0,0.0,24.78,89.13,980.0
"2025-01-15 00:00:00",WN,19,1197,-16.0,-5.0,0.0,12.06,41.68,173.0
"2025-01-15 00:00:00",WN,11,1653,-15.0,-5.0,-0.99,5.0,21.98,277.0
"2025-01-15 00:00:00",UA,12,868,-28.0,-5.99,-2.97,1.99,19.11,346.0
"2025-01-15 00:00:00",DL,18,906,-27.0,-5.99,-0.99,15.03,60.95,1041.0
"2025-01-15 00:00:00",WN,16,1452,-16.0,-4.01,0.0,12.06,36.24,348.0
"2025-01-15 00:00:00",AA,12,900,-18.0,-5.0,-1.99,5.99,30.27,348.0
"2025-01-15 00:00:00",DL,12,1095,-20.0,-5.99,-1.99,7.03,30.88,1104.0
"2025-01-15 00:00:00",UA,0,19,-12.0,-8.94,-5.99,0.0,10.07,80.0
"2025-01-15 00:00:00",DL,9,847,-19.0,-5.99,-2.97,4.01,25.79,302.0
"2025-01-15 00:00:00",DL,10,972,-21.0,-5.99,-2.97,5.99,30.88,508.0
"2025-01-15 00:00:00",AA,10,916,-15.0,-5.0,-1.99,2.97,22.88,507.0
"2025-01-15 00:00:00",DL,7,1500,-21.0,-5.99,-2.97,0.99,15.96,894.0
"2025-01-15 00:00:00",UA,8,1205,-17.0,-5.99,-4.01,0.0,10.91,467.0
"2025-01-15 00:00:00",DL,8,1131,-20.0,-5.99,-2.97,0.99,15.03,344.0
