"2025-04-02 00:00:00",DL,11,1382,-17.0,-5.99,-1.99,13.07,46.07,737.0
"2025-04-02 00:00:00",AA,20,886,-25.0,-2.97,8.94,34.82,77.49,936.0
"2025-04-02 00:00:00",AA,21,583,-14.0,-2.97,10.91,45.15,89.13,2364.0
"2025-04-02 00:00:00",DL,15,1259,-19.0,-5.0,0.0,27.94,87.37,1128.0
"2025-04-02 00:00:00",DL,21,642,-16.0,-4.01,1.99,34.82,92.77,802.0
"2025-04-02 00:00:00",WN,21,1098,-16.0,-2.97,10.07,37.72,87.37,242.0
"2025-04-02 00:00:00",DL,13,1057,-22.0,-5.99,-0.99,19.11,57.4,561.0
"2025-04-02 00:00:00",DL,23,259,-21.0,-7.03,-2.97,10.07,40.86,213.0
"2025-04-02 00:00:00",AA,1,4,-13.0,-13.0,-5.99,-4.01,-4.01,16.0
"2025-04-02 00:00:00",WN,9,1475,-15.0,-4.01,-0.99,7.03,23.81,462.0
"2025-04-02 00:00:00",DL,6,1268,-18.0,-7.92,-5.0,-0.99,8.94,897.0
"2025-04-02 00:00:00",AA,9,899,-14.0,-5.0,-1.99,12.06,48.91,2036.0
"2025-04-02 00:00:00",AA,5,726,-16.0,-7.92,-5.0,-0.99,49.9,2144.0
"2025-04-02 00:00:00",AA,6,1282,-17.0,-7.03,-4.01,0.0,32.79,1590.0
"2025-04-02 00:00:00",UA,13,870,-14.0,-5.99,-1.99,7.92,47.95,448.0
"2025-04-02 00:00:00",DL,16,895,-18.0,-4.01,4.01,34.82,87.37,1095.0
"2025-04-02 00:00:00",UA,16,950,-16.0,-5.0,0.0,19.89,82.28,1072.0
"2025-04-02 00:00:00",WN,17,1670,-16.0,-1.99,7.92,32.79,80.65,346.0
"2025-04-02 00:00:00",AA,19,1041,-22.0,-4.01,12.06,49.9,108.86,908.0
