"2025-04-09 00:00:00",DL,17,1229,-30.0,-7.03,-2.97,7.03,30.88,426.0
"2025-04-09 00:00:00",WN,23,43,-10.0,-5.0,-2.97,0.99,10.91,72.0
"2025-04-09 00:00:00",DL,22,662,-19.0,-7.03,-2.97,5.0,40.86,564.0
"2025-04-09 00:00:00",DL,0,40,-23.0,-10.91,-5.0,7.03,24.78,96.0
"2025-04-09 00:00:00",WN,22,212,-14.0,-4.01,-0.99,8.94,25.79,77.0
"2025-04-09 00:00:00",WN,12,1594,-14.0,-4.01,-0.99,5.99,19.89,266.0
"2025-04-09 00:00:00",UA,20,558,-20.0,-5.99,-2.97,5.0,26.84,155.0
"2025-04-09 00:00:00",UA,17,934,-17.0,-5.99,-2.97,1.99,17.99,320.0
"2025-04-09 00:00:00",DL,20,754,-29.0,-5.99,-2.97,10.07,47.95,667.0
"2025-04-09 00:00:00",WN,14,1548,-13.0,-4.01,0.0,10.07,26.84,240.0
"2025-04-09 00:00:00",AA,15,970,-15.0,-5.0,-1.99,13.07,46.07,475.0
"2025-04-09 00:00:00",AA,16,1030,-20.0,-5.0,-0.99,13.07,47.95,1679.0
"2025-04-09 00:00:00",AA,14,1025,-16.0,-5.0,-0.99,10.91,40.86,990.0
"2025-04-09 00:00:00",WN,5,1060,-15.0,-5.0,-4.01,-1.99,0.99,277.0
"2025-04-09 00:00:00",WN,10,1699,-13.0,-4.01,-0.99,4.01,13.87,364.0
"2025-04-09 00:00:00",UA,7,1366,-18.0,-7.92,-5.99,-2.97,2.97,633.0
"2025-04-09 00:00:00",WN,7,1766,-15.0,-5.0,-2.97,0.0,5.0,369.0
"2025-04-09 00:00:00",UA,6,920,-22.0,-8.94,-5.99,-2.97,0.0,263.0
"2025-04-09 00:00:00",WN,6,2013,-15.0,-5.99,-4.01,-0.99,1.99,302.0
