"2025-03-26 00:00:00",AA,12,985,-24.0,-4.01,-0.99,15.03,55.15,1170.0
"2025-03-26 00:00:00",DL,12,1125,-17.0,-5.99,-2.97,7.03,45.15,578.0
"2025-03-26 00:00:00",UA,12,826,-23.0,-7.03,-4.01,2.97,27.94,359.0
"2025-03-26 00:00:00",WN,16,1596,-13.0,-2.97,4.01,21.98,64.72,646.0
"2025-03-26 00:00:00",DL,18,1103,-22.0,-5.99,-0.99,22.88,85.64,1094.0
"2025-03-26 00:00:00",UA,18,970,-18.0,-5.99,-0.99,21.12,92.77,847.0
"2025-03-26 00:00:00",WN,18,1603,-15.0,-4.01,2.97,24.78,71.53,453.0
"2025-03-26 00:00:00",WN,19,1651,-15.0,-4.01,1.99,25.79,80.65,430.0
"2025-03-26 00:00:00",UA,21,387,-16.0,-5.99,-0.99,21.12,67.36,411.0
"2025-03-26 00:00:00",AA,22,678,-15.0,-5.0,0.0,17.99,48.91,1406.0
"2025-03-26 00:00:00",AA,0,65,-12.0,-5.99,-2.97,2.97,39.25,487.0
"2025-03-26 00:00:00",UA,0,49,-13.0,-5.99,-2.97,0.99,22.88,590.0
"2025-03-26 00:00:00",DL,7,1656,-19.0,-7.03,-4.01,0.0,13.87,822.0
"2025-03-26 00:00:00",DL,8,1234,-19.0,-7.03,-4.01,0.0,19.11,758.0
"2025-03-26 00:00:00",UA,23,282,-17.0,-7.03,-2.97,7.92,40.86,271.0
"2025-03-26 00:00:00",UA,8,1148,-18.0,-7.03,-5.0,-0.99,13.87,451.0
"2025-03-26 00:00:00",DL,9,935,-15.0,-5.99,-2.97,2.97,25.79,640.0
"2025-03-26 00:00:00",DL,19,988,-20.0,-5.99,0.99,30.88,102.52,927.0
"2025-03-26 00:00:00",DL,10,1067,-19.0,-7.03,-4.01,1.99,29.08,445.0
"2025-03-26 00:00:00",UA,10,880,-16.0,-5.99,-2.97,2.97,27.94,195.0
"2025-03-26 00:00:00",AA,10,960,-18.0,-5.0,-1.99,7.03,39.25,556.0
"2025-03-26 00:00:00",WN,11,1592,-17.0,-4.01,-0.99,7.92,27.94,489.0
