"2025-01-15 00:00:00",DL,1,14,-11.0,-8.94,-5.0,-2.97,10.91,105.0
"2025-01-15 00:00:00",UA,11,793,-14.0,-5.0,-1.99,7.03,25.79,699.0
"2025-01-15 00:00:00",AA,17,1040,-16.0,-5.0,-1.99,8.94,34.82,1185.0
"2025-01-15 00:00:00",UA,22,160,-15.0,-5.99,-2.97,5.99,22.88,179.0
"2025-01-15 00:00:00",UA,1,7,3.0,5.0,7.92,7.92,8.94,67.0
"2025-01-15 00:00:00",AA,23,151,-11.0,-5.99,-2.97,4.01,23.81,608.0
"2025-01-15 00:00:00",AA,18,999,-16.0,-5.0,-0.99,13.07,47.95,1353.0
"2025-01-15 00:00:00",WN,20,1031,-15.0,-5.0,0.99,16.95,45.15,288.0
"2025-01-15 00:00:00",UA,19,660,-21.0,-5.99,-0.99,10.91,32.14,780.0
"2025-01-15 00:00:00",WN,13,1621,-14.0,-4.01,0.0,8.94,29.08,259.0
"2025-01-15 00:00:00",UA,14,764,-17.0,-5.99,-2.97,4.01,29.08,387.0
"2025-01-15 00:00:00",UA,15,582,-18.0,-5.99,-1.99,7.03,30.27,307.0
"2025-01-15 00:00:00",WN,15,1525,-16.0,-4.01,0.0,10.91,32.79,309.0
"2025-01-15 00:00:00",AA,13,904,-15.0,-5.0,-1.99,5.0,30.88,1206.0
"2025-01-15 00:00:00",DL,14,837,-18.0,-5.99,-1.99,7.92,36.24,603.0
"2025-01-15 00:00:00",UA,5,163,-13.0,-7.92,-5.0,-1.99,5.0,276.0
"2025-01-15 00:00:00",WN,8,1731,-13.0,-5.0,-1.99,0.99,10.91,262.0
"2025-01-15 00:00:00",AA,11,1043,-15.0,-5.0,-1.99,5.0,27.94,2127.0
"2025-01-15 00:00:00",UA,9,977,-15.0,-5.99,-2.97,2.97,21.12,702.0
"2025-01-15 00:00:00",DL,5,442,-18.0,-7.92,-5.0,-0.99,5.99,1101.0
"2025-01-15 00:00:00",AA,8,1287,-16.0,-5.99,-2.97,0.0,13.07,2336.0
"2025-01-15 00:00:00",AA,7,1238,-16.0,-5.99,-2.97,0.0,12.06,1803.0
