"2025-03-19 00:00:00",UA,5,289,-15.0,-7.92,-5.99,-1.99,0.99,279.0
"2025-03-19 00:00:00",WN,13,1675,-15.0,-4.01,0.0,7.03,21.98,192.0
"2025-03-19 00:00:00",AA,18,1152,-18.0,-4.01,0.0,21.98,70.11,1264.0
"2025-03-19 00:00:00",AA,23,195,-18.0,-5.0,-0.99,10.07,40.05,769.0
"2025-03-19 00:00:00",DL,1,14,-15.0,-13.07,-7.92,-5.0,-1.99,0.0
"2025-03-19 00:00:00",UA,1,8,-7.0,-5.99,-5.0,-5.0,-4.01,39.0
"2025-03-19 00:00:00",UA,19,902,-23.0,-5.99,-1.99,8.94,36.24,319.0
"2025-03-19 00:00:00",UA,22,239,-28.0,-5.99,-1.99,2.97,15.03,250.0
"2025-03-19 00:00:00",WN,20,1661,-16.0,-5.0,0.0,13.87,40.05,271.0
"2025-03-19 00:00:00",AA,13,1021,-22.0,-5.0,-1.99,8.94,47.0,1081.0
"2025-03-19 00:00:00",WN,15,1509,-16.0,-2.97,0.0,10.07,27.94,213.0
"2025-03-19 00:00:00",AA,17,1072,-18.0,-5.0,0.0,21.98,63.44,1192.0
"2025-03-19 00:00:00",UA,15,622,-18.0,-7.03,-2.97,5.0,40.05,416.0
"2025-03-19 00:00:00",DL,14,1024,-22.0,-5.99,-1.99,8.94,34.82,1054.0
"2025-03-19 00:00:00",UA,14,865,-14.0,-5.99,-2.97,5.0,39.25,1002.0
"2025-03-19 00:00:00",DL,5,480,-20.0,-8.94,-5.0,-1.99,5.99,857.0
"2025-03-19 00:00:00",UA,9,905,-21.0,-7.03,-4.01,0.0,12.06,780.0
"2025-03-19 00:00:00",UA,11,851,-16.0,-5.99,-4.01,0.99,21.12,284.0
"2025-03-19 00:00:00",AA,11,1150,-17.0,-5.0,-1.99,5.99,36.24,829.0
"2025-03-19 00:00:00",AA,7,1525,-17.0,-7.03,-4.01,-0.99,12.06,1518.0
"2025-03-19 00:00:00",WN,8,1800,-12.0,-5.0,-1.99,0.0,7.92,304.0
"2025-03-19 00:00:00",AA,8,1368,-15.0,-5.99,-4.01,0.0,19.11,3288.0
