"2025-03-05 00:00:00",AA,6,1259,-19.0,-7.92,-5.0,-1.99,10.07,1653.0
"2025-03-05 00:00:00",UA,16,963,-17.0,-7.03,-2.97,2.97,24.78,324.0
"2025-03-05 00:00:00",AA,20,859,-27.0,-5.0,-0.99,15.96,47.95,825.0
"2025-03-05 00:00:00",DL,23,191,-15.0,-7.03,-2.97,4.01,19.11,138.0
"2025-03-05 00:00:00",UA,2,5,-13.0,-8.94,-8.94,-8.94,-8.94,16.0
"2025-03-05 00:00:00",AA,1,4,-8.0,-7.92,-5.0,0.99,0.99,3.0
"2025-03-05 00:00:00",AA,21,656,-20.0,-5.0,-0.99,13.07,50.91,480.0
"2025-03-05 00:00:00",DL,21,611,-18.0,-5.99,-2.97,7.92,32.14,183.0
"2025-03-05 00:00:00",WN,21,1043,-18.0,-5.99,-0.99,15.03,46.07,256.0
"2025-03-05 00:00:00",DL,16,911,-18.0,-5.99,-0.99,12.06,40.05,874.0
"2025-03-05 00:00:00",AA,19,1073,-27.0,-5.99,0.0,22.88,62.18,887.0
"2025-03-05 00:00:00",AA,5,722,-15.0,-7.92,-5.0,-1.99,7.92,1743.0
"2025-03-05 00:00:00",WN,17,1627,-16.0,-4.01,1.99,19.11,47.95,441.0
"2025-03-05 00:00:00",DL,6,1286,-19.0,-7.92,-5.0,-0.99,5.99,389.0
"2025-03-05 00:00:00",DL,13,1027,-21.0,-7.03,-2.97,5.99,34.82,655.0
"2025-03-05 00:00:00",DL,15,1244,-20.0,-5.99,-0.99,12.06,47.95,962.0
"2025-03-05 00:00:00",UA,13,925,-18.0,-5.99,-2.97,0.99,16.95,313.0
"2025-03-05 00:00:00",WN,9,1577,-13.0,-5.0,-1.99,2.97,19.11,388.0
"2025-03-05 00:00:00",DL,11,1356,-18.0,-5.99,-2.97,4.01,27.94,712.0
"2025-03-05 00:00:00",AA,9,901,-15.0,-5.99,-2.97,4.01,30.27,1237.0
