"2025-02-26 00:00:00",DL,0,21,-18.0,-12.06,-10.07,-5.0,0.0,17.0
"2025-02-26 00:00:00",WN,14,1564,-13.0,-4.01,0.0,8.94,29.08,372.0
"2025-02-26 00:00:00",UA,17,978,-23.0,-5.99,-2.97,2.97,23.81,738.0
"2025-02-26 00:00:00",DL,22,613,-19.0,-5.99,-2.97,2.97,19.11,600.0
"2025-02-26 00:00:00",WN,23,17,-15.0,-5.0,-0.99,1.99,7.03,13.0
"2025-02-26 00:00:00",WN,22,438,-15.0,-5.99,-2.97,5.0,17.99,115.0
"2025-02-26 00:00:00",DL,17,1188,-25.0,-7.92,-4.01,1.99,23.81,482.0
"2025-02-26 00:00:00",UA,20,528,-21.0,-7.03,-2.97,8.94,30.88,619.0
"2025-02-26 00:00:00",DL,20,619,-22.0,-7.03,-2.97,5.99,30.88,826.0
"2025-02-26 00:00:00",AA,14,1025,-19.0,-5.0,-1.99,7.92,36.97,1095.0
"2025-02-26 00:00:00",AA,16,1007,-20.0,-5.0,-1.99,8.94,40.05,1766.0
"2025-02-26 00:00:00",AA,15,822,-21.0,-5.0,-0.99,12.06,54.06,1963.0
"2025-02-26 00:00:00",WN,5,840,-15.0,-5.0,-4.01,-0.99,1.99,339.0
"2025-02-26 00:00:00",WN,7,1383,-16.0,-5.99,-4.01,-0.99,2.97,373.0
"2025-02-26 00:00:00",WN,12,1482,-15.0,-5.0,-0.99,4.01,19.11,521.0
"2025-02-26 00:00:00",WN,10,1549,-15.0,-5.0,-1.99,1.99,13.87,354.0
"2025-02-26 00:00:00",UA,6,868,-16.0,-8.94,-5.99,-2.97,2.97,365.0
"2025-02-26 00:00:00",UA,7,1329,-18.0,-7.92,-5.99,-2.97,5.0,528.0
"2025-02-26 00:00:00",WN,6,1923,-14.0,-5.99,-4.01,-0.99,2.97,496.0
