"2025-01-08 00:00:00",DL,16,666,-25.0,-5.0,0.0,21.98,87.37,1143.0
"2025-01-08 00:00:00",DL,13,854,-19.0,-5.99,-0.99,21.98,79.05,575.0
"2025-01-08 00:00:00",WN,17,1362,-16.0,-5.0,-0.99,8.94,27.94,269.0
"2025-01-08 00:00:00",DL,21,482,-19.0,-5.0,-0.99,13.87,55.15,741.0
"2025-01-08 00:00:00",DL,23,145,-22.0,-5.99,-2.97,7.92,44.26,133.0
"2025-01-08 00:00:00",WN,21,226,-15.0,-5.99,-2.97,5.99,19.11,95.0
"2025-01-08 00:00:00",AA,19,732,-22.0,-5.0,-0.99,19.11,67.36,712.0
"2025-01-08 00:00:00",AA,21,511,-19.0,-4.01,-0.99,16.95,49.9,1147.0
"2025-01-08 00:00:00",AA,20,561,-26.0,-5.0,-1.99,10.07,40.86,519.0
"2025-01-08 00:00:00",UA,13,889,-18.0,-7.03,-2.97,5.0,32.14,283.0
"2025-01-08 00:00:00",UA,16,832,-16.0,-5.99,-2.97,7.92,34.13,405.0
"2025-01-08 00:00:00",AA,1,2,-7.0,-7.0,-7.0,-7.0,-7.0,-4.0
"2025-01-08 00:00:00",DL,15,1046,-21.0,-5.0,0.99,26.84,82.28,444.0
"2025-01-08 00:00:00",UA,2,7,-11.0,-7.03,-5.99,19.11,82.28,92.0
"2025-01-08 00:00:00",AA,9,858,-19.0,-5.0,-2.97,4.01,37.72,1748.0
"2025-01-08 00:00:00",DL,11,1130,-22.0,-5.0,0.0,19.11,74.45,1137.0
"2025-01-08 00:00:00",WN,9,1538,-15.0,-5.0,-1.99,1.99,15.03,202.0
"2025-01-08 00:00:00",AA,5,570,-16.0,-7.03,-4.01,0.0,15.03,1553.0
"2025-01-08 00:00:00",DL,6,1136,-23.0,-7.92,-4.01,0.0,25.79,1119.0
"2025-01-08 00:00:00",AA,6,1108,-16.0,-7.03,-5.0,-0.99,13.07,2455.0
