"2025-04-23 00:00:00",UA,1,10,-7.0,-4.01,-0.99,80.65,645.59,694.0
"2025-04-23 00:00:00",WN,20,1375,-15.0,-4.01,4.01,21.12,49.9,263.0
"2025-04-23 00:00:00",UA,19,938,-20.0,-4.01,2.97,27.94,85.64,809.0
"2025-04-23 00:00:00",DL,14,1045,-18.0,-5.99,-2.97,4.01,19.89,1145.0
"2025-04-23 00:00:00",DL,1,14,-16.0,-12.06,-10.91,-5.99,-1.99,2.0
"2025-04-23 00:00:00",UA,22,244,-35.0,-7.03,-1.99,10.07,50.91,500.0
"2025-04-23 00:00:00",AA,23,222,-17.0,-7.03,-1.99,2.97,21.12,529.0
"2025-04-23 00:00:00",AA,17,1104,-14.0,-5.0,-0.99,17.99,62.18,859.0
"2025-04-23 00:00:00",UA,14,876,-17.0,-5.99,-2.97,8.94,54.06,421.0
"2025-04-23 00:00:00",AA,18,1163,-16.0,-4.01,0.0,19.89,67.36,379.0
"2025-04-23 00:00:00",WN,15,1582,-12.0,-2.97,4.01,21.12,54.06,338.0
"2025-04-23 00:00:00",UA,15,678,-15.0,-5.0,-1.99,16.95,75.95,504.0
"2025-04-23 00:00:00",AA,11,1131,-16.0,-5.0,-1.99,7.92,49.9,1622.0
"2025-04-23 00:00:00",DL,5,523,-17.0,-8.94,-5.99,-1.99,4.01,538.0
"2025-04-23 00:00:00",AA,8,1393,-15.0,-5.99,-2.97,0.99,34.13,2117.0
"2025-04-23 00:00:00",UA,11,848,-16.0,-5.99,-2.97,5.0,29.08,298.0
"2025-04-23 00:00:00",UA,9,963,-17.0,-5.99,-2.97,0.99,21.12,609.0
"2025-04-23 00:00:00",WN,13,1706,-13.0,-1.99,1.99,15.03,37.72,268.0
"2025-04-23 00:00:00",AA,13,1013,-14.0,-5.0,-1.99,10.91,47.95,276.0
"2025-04-23 00:00:00",UA,5,293,-17.0,-7.92,-5.99,-2.97,2.97,384.0
"2025-04-23 00:00:00",WN,8,1786,-14.0,-5.0,-1.99,1.99,13.07,276.0
"2025-04-23 00:00:00",AA,7,1560,-17.0,-7.03,-4.01,0.0,21.12,2466.0
"2025-04-30 00:00:00",UA,15,97,-14.0,-7.03,-1.99,15.96,47.95,383.0
"2025-04-30 00:00:00",AA,11,134,-10.0,-5.0,-1.99,10.07,115.6,430.0
"2025-04-30 00:00:00",AA,17,129,-13.0,-4.01,0.0,32.79,130.34,401.0
"2025-04-30 00:00:00",UA,9,140,-22.0,-7.92,-4.01,-0.99,17.99,476.0
"2025-04-30 00:00:00",WN,13,229,-10.0,-1.99,1.99,15.96,67.36,623.0
"2025-04-30 00:00:00",UA,11,122,-14.0,-7.03,-5.0,-1.99,4.01,417.0
"2025-04-30 00:00:00",WN,20,184,-15.0,-2.97,10.07,37.72,106.71,192.0
"2025-04-30 00:00:00",AA,8,183,-14.0,-7.03,-4.01,-1.99,10.91,292.0
"2025-04-30 00:00:00",UA,14,125,-15.0,-4.01,-1.99,5.99,80.65,351.0
"2025-04-30 00:00:00",UA,19,134,-17.0,-4.01,4.01,44.26,90.93,332.0
"2025-04-30 00:00:00",DL,5,76,-17.0,-10.07,-7.03,-4.01,-1.99,1142.0
"2025-04-30 00:00:00",DL,1,2,18.0,18.0,18.0,18.0,18.0,31.0
"2025-04-30 00:00:00",AA,18,139,-18.0,-1.99,7.92,30.27,111.06,657.0
"2025-04-30 00:00:00",WN,15,217,-12.0,0.0,5.99,25.79,70.11,480.0
"2025-04-30 00:00:00",AA,13,122,-13.0,-4.01,0.0,12.06,62.18,1468.0
"2025-04-30 00:00:00",UA,1,1,0.0,0.0,0.0,0.0,0.0,0.0
"2025-04-30 00:00:00",AA,7,203,-13.0,-7.03,-5.0,-1.99,5.0,175.0
"2025-04-30 00:00:00",UA,5,38,-13.0,-8.94,-5.99,-4.01,-0.99,124.0
"2025-04-30 00:00:00",UA,22,36,-10.0,-4.01,-1.99,7.03,24.78,86.0
"2025-04-30 00:00:00",DL,14,151,-15.0,-5.99,-2.97,0.99,22.88,513.0
"2025-04-30 00:00:00",WN,8,289,-11.0,-5.0,-1.99,0.0,7.92,171.0
"2025-04-30 00:00:00",AA,23,29,-10.0,-1.99,0.0,10.07,34.13,475.0
