"2025-02-05 00:00:00",UA,5,169,-16.0,-7.92,-5.99,-1.99,4.01,605.0
"2025-02-05 00:00:00",WN,13,1665,-14.0,-5.0,-0.99,7.03,24.78,207.0
"2025-02-05 00:00:00",AA,18,1025,-27.0,-5.99,-2.97,2.97,29.08,860.0
"2025-02-05 00:00:00",AA,23,153,-14.0,-7.03,-2.97,0.99,21.98,972.0
"2025-02-05 00:00:00",UA,1,6,-18.0,-15.96,-13.87,-1.99,0.0,3.0
"2025-02-05 00:00:00",DL,1,14,-16.0,-7.03,-5.99,0.99,8.94,130.0
"2025-02-05 00:00:00",UA,19,690,-22.0,-5.99,-0.99,12.06,41.68,344.0
"2025-02-05 00:00:00",UA,22,167,-18.0,-7.92,-4.01,2.97,22.88,201.0
"2025-02-05 00:00:00",WN,20,1064,-15.0,-5.0,-0.99,10.91,37.72,260.0
"2025-02-05 00:00:00",AA,13,918,-20.0,-5.0,-1.99,7.92,41.68,1101.0
"2025-02-05 00:00:00",UA,15,616,-20.0,-7.03,-2.97,7.03,44.26,870.0
"2025-02-05 00:00:00",AA,17,1053,-18.0,-5.99,-2.97,5.99,40.05,743.0
"2025-02-05 00:00:00",WN,15,1569,-15.0,-5.0,0.0,12.06,34.13,301.0
"2025-02-05 00:00:00",DL,14,863,-21.0,-7.03,-2.97,4.01,26.84,337.0
"2025-02-05 00:00:00",UA,14,804,-19.0,-7.03,-2.97,7.03,45.15,483.0
"2025-02-05 00:00:00",DL,5,457,-21.0,-8.94,-5.0,-0.99,10.07,568.0
"2025-02-05 00:00:00",UA,9,1017,-23.0,-5.99,-2.97,2.97,22.88,418.0
"2025-02-05 00:00:00",UA,11,815,-15.0,-5.99,-1.99,7.03,32.79,576.0
"2025-02-05 00:00:00",AA,11,1051,-16.0,-5.99,-2.97,5.0,29.08,2088.0
"2025-02-05 00:00:00",AA,7,1260,-18.0,-7.03,-5.0,-0.99,10.91,2352.0
"2025-02-05 00:00:00",WN,8,1773,-15.0,-5.0,-2.97,0.0,10.07,262.0
"2025-02-05 00:00:00",AA,8,1318,-17.0,-7.03,-4.01,-0.99,15.03,428.0
