"2025-04-16 00:00:00",AA,16,1022,-21.0,-5.0,-0.99,15.03,49.9,1278.0
"2025-04-16 00:00:00",DL,0,45,-17.0,-8.94,-5.0,-1.99,15.96,95.0
"2025-04-16 00:00:00",DL,20,777,-22.0,-5.99,-2.97,7.03,36.24,220.0
"2025-04-16 00:00:00",WN,5,1055,-15.0,-5.0,-2.97,-0.99,1.99,279.0
"2025-04-16 00:00:00",WN,23,43,-16.0,-4.01,-0.99,0.0,10.07,102.0
"2025-04-16 00:00:00",DL,22,756,-21.0,-5.99,-2.97,4.01,19.11,210.0
"2025-04-16 00:00:00",WN,22,212,-13.0,-4.01,0.99,13.87,40.05,137.0
"2025-04-16 00:00:00",DL,17,1240,-30.0,-7.03,-2.97,5.0,30.88,373.0
"2025-04-16 00:00:00",UA,17,919,-20.0,-5.99,-1.99,13.87,80.65,828.0
"2025-04-16 00:00:00",UA,20,556,-23.0,-5.0,0.99,26.84,87.37,795.0
"2025-04-16 00:00:00",AA,14,1020,-18.0,-5.0,-1.99,10.07,36.97,1349.0
"2025-04-16 00:00:00",UA,6,914,-17.0,-7.92,-5.99,-1.99,4.01,462.0
"2025-04-16 00:00:00",WN,14,1544,-14.0,-4.01,0.0,10.91,34.13,505.0
"2025-04-16 00:00:00",AA,15,979,-17.0,-5.0,-0.99,15.96,58.56,2310.0
"2025-04-16 00:00:00",WN,6,2004,-15.0,-5.0,-4.01,-0.99,1.99,470.0
"2025-04-16 00:00:00",WN,10,1695,-14.0,-4.01,-0.99,5.0,24.78,405.0
"2025-04-16 00:00:00",WN,12,1578,-14.0,-4.01,-0.99,7.92,29.08,421.0
"2025-04-16 00:00:00",UA,7,1356,-18.0,-7.92,-5.0,-1.99,7.92,389.0
"2025-04-16 00:00:00",WN,7,1763,-14.0,-5.0,-2.97,0.0,8.94,310.0
