"2025-01-22 00:00:00",AA,5,625,-19.0,-8.94,-5.99,-2.97,4.01,910.0
"2025-01-22 00:00:00",DL,15,1203,-25.0,-5.99,-1.99,10.91,47.95,329.0
"2025-01-22 00:00:00",AA,20,647,-18.0,-5.0,-1.99,7.92,40.86,641.0
"2025-01-22 00:00:00",DL,23,163,-21.0,-7.92,-1.99,4.01,19.89,199.0
"2025-01-22 00:00:00",UA,2,7,-8.0,-7.92,-7.03,-5.99,-4.01,7.0
"2025-01-22 00:00:00",AA,1,2,-6.0,-5.99,-5.99,-5.99,-5.99,22.0
"2025-01-22 00:00:00",WN,21,226,-14.0,-5.99,-2.97,4.01,19.11,102.0
"2025-01-22 00:00:00",DL,21,565,-24.0,-7.03,-2.97,4.01,25.79,707.0
"2025-01-22 00:00:00",AA,21,554,-19.0,-5.0,-1.99,7.92,34.82,657.0
"2025-01-22 00:00:00",UA,16,829,-23.0,-7.03,-4.01,2.97,27.94,900.0
"2025-01-22 00:00:00",WN,17,1392,-23.0,-5.99,-1.99,5.99,21.98,326.0
"2025-01-22 00:00:00",AA,19,823,-25.0,-7.03,-2.97,7.03,30.27,293.0
"2025-01-22 00:00:00",DL,16,877,-20.0,-7.03,-2.97,10.07,37.72,309.0
"2025-01-22 00:00:00",AA,6,1165,-17.0,-7.92,-5.0,-1.99,5.99,910.0
"2025-01-22 00:00:00",DL,11,1224,-19.0,-5.99,-2.97,8.94,37.72,698.0
"2025-01-22 00:00:00",UA,13,892,-19.0,-7.03,-4.01,1.99,24.78,528.0
"2025-01-22 00:00:00",DL,13,965,-20.0,-7.03,-2.97,5.99,45.15,502.0
"2025-01-22 00:00:00",DL,6,1213,-23.0,-7.92,-5.0,-0.99,10.07,970.0
"2025-01-22 00:00:00",WN,9,1579,-15.0,-5.0,-2.97,0.0,7.92,220.0
"2025-01-22 00:00:00",AA,9,897,-16.0,-5.99,-2.97,0.99,16.95,940.0
