"2025-02-19 00:00:00",DL,1,14,-15.0,-10.07,-7.92,-7.03,-5.99,75.0
"2025-02-19 00:00:00",UA,11,879,-13.0,-5.99,-1.99,2.97,19.89,614.0
"2025-02-19 00:00:00",AA,17,1066,-16.0,-5.0,0.0,21.12,57.4,1024.0
"2025-02-19 00:00:00",UA,22,219,-19.0,-7.03,-5.0,1.99,13.87,134.0
"2025-02-19 00:00:00",UA,1,7,-14.0,-12.06,-8.94,-5.0,2.97,13.0
"2025-02-19 00:00:00",AA,23,183,-15.0,-7.03,-4.01,1.99,19.11,707.0
"2025-02-19 00:00:00",AA,18,1057,-19.0,-4.01,0.0,19.11,62.18,2331.0
"2025-02-19 00:00:00",WN,20,1369,-15.0,-5.0,-0.99,8.94,26.84,249.0
"2025-02-19 00:00:00",UA,19,881,-18.0,-5.0,-0.99,7.92,25.79,849.0
"2025-02-19 00:00:00",WN,13,1613,-14.0,-4.01,0.0,7.92,25.79,309.0
"2025-02-19 00:00:00",UA,14,878,-16.0,-5.99,-2.97,2.97,21.98,363.0
"2025-02-19 00:00:00",WN,15,1616,-15.0,-4.01,0.99,13.07,34.13,259.0
"2025-02-19 00:00:00",UA,15,609,-17.0,-5.99,-2.97,4.01,24.78,380.0
"2025-02-19 00:00:00",AA,13,933,-15.0,-5.0,-0.99,13.07,47.0,1115.0
"2025-02-19 00:00:00",DL,14,914,-25.0,-5.0,-1.99,8.94,34.82,530.0
"2025-02-19 00:00:00",UA,5,207,-14.0,-7.92,-5.0,-1.99,5.0,439.0
"2025-02-19 00:00:00",WN,8,1811,-14.0,-5.0,-1.99,0.99,13.07,364.0
"2025-02-19 00:00:00",AA,11,1098,-15.0,-5.0,-1.99,8.94,41.68,670.0
"2025-02-19 00:00:00",UA,9,942,-17.0,-5.99,-2.97,1.99,16.95,316.0
"2025-02-19 00:00:00",DL,5,472,-20.0,-7.92,-5.0,-0.99,5.99,374.0
"2025-02-19 00:00:00",AA,8,1350,-15.0,-5.99,-2.97,0.99,21.12,605.0
"2025-02-19 00:00:00",AA,7,1321,-19.0,-7.03,-4.01,0.0,15.03,1467.0
