"2025-01-08 00:00:00",UA,17,982,-16.0,-5.99,-1.99,7.92,34.82,296.0
"2025-01-08 00:00:00",WN,12,1295,-16.0,-5.0,-0.99,5.99,21.12,232.0
"2025-01-08 00:00:00",AA,16,867,-19.0,-5.0,-1.99,13.07,52.99,1424.0
"2025-01-08 00:00:00",DL,20,438,-17.0,-5.0,0.0,22.88,79.05,856.0
"2025-01-08 00:00:00",DL,22,513,-21.0,-5.99,-1.99,7.92,47.95,682.0
"2025-01-08 00:00:00",UA,20,554,-23.0,-5.0,-0.99,13.87,46.07,853.0
"2025-01-08 00:00:00",DL,0,7,-19.0,-13.07,-8.94,-8.94,-7.92,-6.0
"2025-01-08 00:00:00",WN,22,3,-6.0,-5.99,8.94,8.94,8.94,13.0
"2025-01-08 00:00:00",WN,14,1518,-14.0,-5.0,-1.99,7.03,24.78,435.0
"2025-01-08 00:00:00",AA,15,709,-17.0,-5.99,-0.99,13.07,55.15,1061.0
"2025-01-08 00:00:00",AA,14,914,-20.0,-5.0,-0.99,15.96,55.15,1311.0
"2025-01-08 00:00:00",DL,17,1064,-24.0,-7.03,-1.99,15.96,66.03,1209.0
"2025-01-08 00:00:00",UA,7,1133,-19.0,-7.03,-4.01,-0.99,10.07,648.0
"2025-01-08 00:00:00",WN,10,1394,-14.0,-5.0,-1.99,2.97,16.95,258.0
"2025-01-08 00:00:00",WN,7,1297,-14.0,-5.99,-4.01,-0.99,2.97,124.0
"2025-01-08 00:00:00",WN,5,299,-12.0,-5.0,-4.01,-0.99,2.97,178.0
"2025-01-08 00:00:00",WN,6,1533,-14.0,-5.99,-4.01,-0.99,4.01,175.0
"2025-01-08 00:00:00",UA,6,767,-20.0,-7.92,-5.0,-0.99,7.92,539.0
