"2025-03-12 00:00:00",AA,0,69,-15.0,-7.03,-4.01,1.99,37.72,793.0
"2025-03-12 00:00:00",WN,11,1588,-14.0,-2.97,0.0,10.91,36.24,580.0
"2025-03-12 00:00:00",WN,18,1611,-14.0,-1.99,7.92,34.82,77.49,386.0
"2025-03-12 00:00:00",AA,22,707,-15.0,-5.0,0.0,16.95,52.99,666.0
"2025-03-12 00:00:00",UA,0,44,-13.0,-7.03,-0.99,10.91,27.94,138.0
"2025-03-12 00:00:00",UA,23,294,-20.0,-7.03,-1.99,7.92,30.27,154.0
"2025-03-12 00:00:00",WN,19,1664,-17.0,-2.97,7.03,34.13,75.95,406.0
"2025-03-12 00:00:00",UA,21,390,-14.0,-4.01,0.99,17.99,60.95,475.0
"2025-03-12 00:00:00",DL,19,1001,-19.0,-5.99,0.0,23.81,80.65,918.0
"2025-03-12 00:00:00",AA,12,957,-20.0,-4.01,0.0,17.99,68.72,631.0
"2025-03-12 00:00:00",WN,16,1592,-13.0,-1.99,5.0,27.94,64.72,437.0
"2025-03-12 00:00:00",UA,18,1009,-20.0,-5.0,0.0,25.79,85.64,1047.0
"2025-03-12 00:00:00",DL,18,1113,-22.0,-5.0,0.99,30.88,74.45,681.0
"2025-03-12 00:00:00",DL,12,1137,-17.0,-5.99,-1.99,13.87,50.91,408.0
"2025-03-12 00:00:00",UA,12,849,-16.0,-5.99,-1.99,10.91,66.03,647.0
"2025-03-12 00:00:00",DL,7,1673,-17.0,-7.03,-2.97,0.0,13.07,834.0
"2025-03-12 00:00:00",AA,10,952,-14.0,-5.0,-0.99,7.92,34.82,510.0
"2025-03-12 00:00:00",UA,10,879,-23.0,-5.99,-1.99,12.06,60.95,591.0
"2025-03-12 00:00:00",DL,10,1085,-20.0,-5.99,-1.99,5.99,36.24,325.0
"2025-03-12 00:00:00",DL,8,1241,-16.0,-5.99,-4.01,0.99,22.88,514.0
"2025-03-12 00:00:00",DL,9,929,-17.0,-5.99,-2.97,7.03,36.24,810.0
"2025-03-12 00:00:00",UA,8,1168,-17.0,-7.03,-4.01,0.99,27.94,480.0
