"2025-04-09 00:00:00",DL,16,910,-19.0,-5.99,-1.99,8.94,34.82,1013.0
"2025-04-09 00:00:00",DL,23,249,-24.0,-8.94,-5.0,0.0,15.96,718.0
"2025-04-09 00:00:00",AA,21,604,-16.0,-5.0,-0.99,15.96,51.94,732.0
"2025-04-09 00:00:00",AA,5,757,-17.0,-7.92,-5.99,-1.99,4.01,556.0
"2025-04-09 00:00:00",WN,21,986,-17.0,-5.0,0.0,13.87,40.86,294.0
"2025-04-09 00:00:00",AA,1,7,-16.0,-15.96,-8.94,-8.94,-5.0,10.0
"2025-04-09 00:00:00",DL,21,658,-19.0,-5.99,-1.99,10.07,39.25,780.0
"2025-04-09 00:00:00",AA,20,924,-23.0,-5.0,-0.99,15.03,45.15,660.0
"2025-04-09 00:00:00",UA,16,963,-22.0,-7.03,-4.01,0.99,19.11,306.0
"2025-04-09 00:00:00",WN,17,1675,-14.0,-2.97,0.99,13.07,34.82,256.0
"2025-04-09 00:00:00",AA,19,1076,-20.0,-5.99,-0.99,19.11,57.4,1001.0
"2025-04-09 00:00:00",AA,6,1338,-20.0,-7.92,-5.0,-1.99,2.97,1741.0
"2025-04-09 00:00:00",DL,15,1271,-25.0,-5.99,-1.99,7.92,30.88,538.0
"2025-04-09 00:00:00",DL,11,1397,-20.0,-5.99,-2.97,2.97,22.88,1062.0
"2025-04-09 00:00:00",DL,13,1064,-21.0,-7.03,-2.97,4.01,27.94,665.0
"2025-04-09 00:00:00",UA,13,873,-15.0,-7.03,-4.01,0.0,15.03,470.0
"2025-04-09 00:00:00",WN,9,1531,-14.0,-5.0,-1.99,1.99,12.06,178.0
"2025-04-09 00:00:00",DL,6,1290,-21.0,-7.92,-5.0,-0.99,5.0,791.0
"2025-04-09 00:00:00",AA,9,933,-15.0,-5.99,-2.97,2.97,26.84,872.0
