"2025-01-08 00:00:00",DL,1,14,-12.0,-8.94,-5.99,-0.99,0.99,92.0
"2025-01-08 00:00:00",UA,11,801,-17.0,-5.0,-1.99,5.99,30.27,372.0
"2025-01-08 00:00:00",AA,17,967,-21.0,-5.99,-0.99,15.03,57.4,992.0
"2025-01-08 00:00:00",UA,22,168,-19.0,-5.99,-2.97,1.99,16.95,178.0
"2025-01-08 00:00:00",UA,1,7,-7.0,-4.01,4.01,12.06,12.06,101.0
"2025-01-08 00:00:00",AA,23,144,-18.0,-7.03,-4.01,0.99,22.88,1041.0
"2025-01-08 00:00:00",AA,18,923,-34.0,-5.0,-0.99,13.87,45.15,269.0
"2025-01-08 00:00:00",WN,20,1006,-17.0,-5.0,-0.99,8.94,23.81,156.0
"2025-01-08 00:00:00",UA,19,682,-19.0,-5.99,-0.99,8.94,34.82,199.0
"2025-01-08 00:00:00",AA,13,831,-14.0,-5.0,-0.99,12.06,57.4,1224.0
"2025-01-08 00:00:00",UA,14,792,-21.0,-7.03,-2.97,5.0,34.82,230.0
"2025-01-08 00:00:00",UA,15,603,-26.0,-7.03,-1.99,7.92,36.24,329.0
"2025-01-08 00:00:00",WN,15,1524,-16.0,-5.0,-0.99,7.92,29.08,323.0
"2025-01-08 00:00:00",WN,13,1605,-19.0,-5.0,-1.99,5.99,23.81,484.0
"2025-01-08 00:00:00",DL,14,769,-17.0,-5.0,0.0,26.84,83.94,1109.0
"2025-01-08 00:00:00",UA,5,168,-19.0,-7.92,-5.0,-1.99,7.92,364.0
"2025-01-08 00:00:00",WN,8,1670,-13.0,-5.0,-2.97,0.0,8.94,296.0
"2025-01-08 00:00:00",AA,11,979,-15.0,-5.0,-0.99,13.07,50.91,1490.0
"2025-01-08 00:00:00",UA,9,1013,-17.0,-5.99,-1.99,5.99,32.14,409.0
"2025-01-08 00:00:00",DL,5,410,-17.0,-7.92,-5.0,0.0,26.84,1134.0
"2025-01-08 00:00:00",AA,8,1197,-19.0,-5.99,-2.97,1.99,30.27,1300.0
"2025-01-08 00:00:00",AA,7,1166,-17.0,-7.03,-4.01,0.0,17.99,1782.0
