"2025-04-16 00:00:00",DL,15,1315,-18.0,-5.99,-2.97,4.01,25.79,482.0
"2025-04-16 00:00:00",DL,21,657,-17.0,-5.99,-2.97,2.97,23.81,874.0
"2025-04-16 00:00:00",AA,19,1071,-19.0,-5.0,-0.99,19.11,59.75,826.0
"2025-04-16 00:00:00",AA,5,742,-19.0,-7.92,-5.99,-1.99,10.07,1895.0
"2025-04-16 00:00:00",DL,23,223,-18.0,-7.03,-2.97,5.0,24.78,545.0
"2025-04-16 00:00:00",AA,1,6,-13.0,-8.94,-7.03,-5.0,-4.01,2.0
"2025-04-16 00:00:00",WN,21,981,-15.0,-4.01,1.99,24.78,63.44,278.0
"2025-04-16 00:00:00",AA,20,927,-19.0,-4.01,0.0,15.96,46.07,1550.0
"2025-04-16 00:00:00",AA,21,601,-17.0,-5.0,-1.99,10.07,59.75,726.0
"2025-04-16 00:00:00",WN,17,1673,-16.0,-4.01,1.99,19.89,57.4,445.0
"2025-04-16 00:00:00",DL,16,938,-23.0,-5.99,-2.97,5.99,26.84,272.0
"2025-04-16 00:00:00",UA,16,953,-16.0,-7.03,-2.97,10.07,77.49,580.0
"2025-04-16 00:00:00",DL,13,1046,-20.0,-7.03,-4.01,2.97,21.98,1138.0
"2025-04-16 00:00:00",AA,6,1329,-22.0,-7.03,-5.0,-1.99,15.96,1579.0
"2025-04-16 00:00:00",UA,13,864,-19.0,-7.03,-4.01,5.0,52.99,474.0
"2025-04-16 00:00:00",DL,11,1471,-22.0,-7.03,-4.01,0.99,19.11,382.0
"2025-04-16 00:00:00",DL,6,1305,-21.0,-7.92,-5.99,-1.99,5.0,932.0
"2025-04-16 00:00:00",AA,9,924,-15.0,-5.99,-2.97,4.01,34.13,543.0
"2025-04-16 00:00:00",WN,9,1525,-13.0,-5.0,-1.99,2.97,16.95,310.0
