"2025-02-22 00:00:00",UA,2,1,-4.0,-4.0,-4.0,-4.0,-4.0,-4.0
"2025-02-22 00:00:00",AA,5,82,-17.0,-7.03,-4.01,-1.99,7.03,132.0
"2025-02-22 00:00:00",AA,6,167,-13.0,-7.03,-4.01,0.0,10.91,272.0
"2025-02-22 00:00:00",DL,6,172,-16.0,-5.99,-4.01,0.99,13.87,211.0
"2025-02-22 00:00:00",WN,9,190,-12.0,-5.0,-1.99,0.99,10.91,103.0
"2025-02-22 00:00:00",AA,9,117,-12.0,-5.0,-2.97,2.97,30.27,733.0
"2025-02-22 00:00:00",DL,11,169,-15.0,-5.99,-2.97,1.99,17.99,117.0
"2025-02-22 00:00:00",DL,13,126,-13.0,-7.03,-4.01,2.97,26.84,136.0
"2025-02-22 00:00:00",UA,13,124,-13.0,-5.99,-4.01,0.0,8.94,130.0
"2025-02-22 00:00:00",DL,15,151,-16.0,-7.03,-2.97,2.97,21.98,359.0
"2025-02-22 00:00:00",UA,16,120,-15.0,-7.03,-2.97,1.99,15.03,132.0
"2025-02-22 00:00:00",DL,16,104,-19.0,-5.99,-1.99,1.99,21.98,846.0
"2025-02-22 00:00:00",WN,17,216,-15.0,-5.0,-0.99,10.91,37.72,161.0
"2025-02-22 00:00:00",AA,19,111,-19.0,-5.99,-1.99,10.91,50.91,114.0
"2025-02-22 00:00:00",AA,20,108,-13.0,-5.0,-1.99,10.07,32.79,151.0
"2025-02-22 00:00:00",WN,21,105,-12.0,-4.01,2.97,12.06,23.81,82.0
"2025-02-22 00:00:00",AA,21,76,-14.0,-4.01,0.99,15.03,30.88,98.0
"2025-02-22 00:00:00",DL,21,62,-17.0,-7.03,-5.0,-1.99,13.87,155.0
"2025-02-22 00:00:00",DL,23,19,-15.0,-7.92,-5.0,0.99,13.07,70.0
"2025-02-23 00:00:00",DL,16,143,-13.0,-5.99,-2.97,1.99,13.87,62.0
"2025-02-23 00:00:00",AA,19,162,-18.0,-5.99,-1.99,13.07,46.07,1445.0
"2025-02-23 00:00:00",WN,17,242,-9.0,-1.99,2.97,12.06,22.88,144.0
"2025-02-23 00:00:00",AA,20,127,-16.0,-4.01,5.0,21.12,49.9,589.0
"2025-02-23 00:00:00",DL,23,26,-11.0,-7.03,-5.0,0.0,16.95,839.0
"2025-02-23 00:00:00",UA,2,1,-8.0,-8.0,-8.0,-8.0,-8.0,-8.0
"2025-02-23 00:00:00",AA,21,93,-9.0,-4.01,-0.99,16.95,43.38,173.0
"2025-02-23 00:00:00",WN,21,140,-15.0,-5.0,-0.99,7.92,19.11,132.0
"2025-02-23 00:00:00",AA,5,102,-17.0,-8.94,-7.03,-4.01,0.0,69.0
"2025-02-23 00:00:00",AA,6,183,-13.0,-7.92,-5.0,-2.97,1.99,452.0
"2025-02-23 00:00:00",DL,21,95,-14.0,-5.99,-1.99,5.99,26.84,200.0
"2025-02-23 00:00:00",DL,6,175,-15.0,-7.03,-4.01,-0.99,7.92,266.0
"2025-02-23 00:00:00",AA,9,134,-11.0,-5.99,-4.01,0.0,13.87,238.0
"2025-02-23 00:00:00",UA,16,139,-12.0,-5.0,-1.99,7.03,21.98,225.0
"2025-02-23 00:00:00",WN,9,219,-12.0,-5.0,-1.99,0.99,7.92,119.0
"2025-02-23 00:00:00",DL,11,188,-18.0,-7.03,-4.01,0.99,12.06,95.0
"2025-02-23 00:00:00",DL,13,145,-18.0,-7.03,-2.97,5.0,22.88,1117.0
"2025-02-23 00:00:00",UA,13,144,-17.0,-5.0,-1.99,5.0,21.98,184.0
"2025-02-23 00:00:00",DL,15,183,-15.0,-5.99,-2.97,1.99,15.96,183.0
