"2025-02-10 00:00:00",DL,23,25,-13.0,-7.92,-5.99,0.99,5.0,50.0
"2025-02-10 00:00:00",AA,19,113,-21.0,-5.0,-1.99,5.0,30.88,137.0
"2025-02-10 00:00:00",AA,5,105,-13.0,-7.92,-5.0,-0.99,1.99,307.0
"2025-02-10 00:00:00",WN,9,220,-10.0,-4.01,0.0,7.92,22.88,267.0
"2025-02-10 00:00:00",DL,11,187,-13.0,-5.99,-1.99,0.99,19.89,317.0
"2025-02-10 00:00:00",WN,21,147,-12.0,-5.0,-0.99,13.87,30.27,141.0
"2025-02-10 00:00:00",DL,21,87,-19.0,-5.99,-4.01,1.99,21.12,57.0
"2025-02-10 00:00:00",UA,13,134,-14.0,-7.03,-4.01,0.0,29.08,154.0
"2025-02-10 00:00:00",AA,20,87,-17.0,-5.0,-2.97,0.0,10.91,85.0
"2025-02-10 00:00:00",AA,1,1,-2.0,-2.0,-2.0,-2.0,-2.0,-2.0
"2025-02-10 00:00:00",DL,16,136,-21.0,-7.03,-4.01,0.0,13.07,180.0
"2025-02-10 00:00:00",UA,16,123,-14.0,-5.99,-2.97,5.0,30.88,276.0
"2025-02-10 00:00:00",WN,17,226,-14.0,-4.01,0.99,15.03,40.05,246.0
"2025-02-10 00:00:00",DL,13,148,-16.0,-5.99,-2.97,0.99,15.96,300.0
"2025-02-10 00:00:00",UA,2,3,-8.0,-7.92,-7.92,-7.92,-7.92,38.0
"2025-02-10 00:00:00",AA,6,178,-15.0,-7.03,-5.0,-1.99,7.03,261.0
"2025-02-10 00:00:00",AA,9,129,-16.0,-5.0,-2.97,0.99,26.84,117.0
"2025-02-10 00:00:00",DL,6,189,-18.0,-7.03,-2.97,0.99,7.03,434.0
"2025-02-10 00:00:00",AA,21,79,-13.0,-4.01,-0.99,5.99,23.81,255.0
"2025-02-10 00:00:00",DL,15,178,-15.0,-5.0,-1.99,4.01,30.88,285.0
"2025-02-11 00:00:00",DL,11,176,-17.0,-7.03,-2.97,1.99,17.99,125.0
"2025-02-11 00:00:00",AA,20,75,-11.0,-5.0,-1.99,13.07,40.86,517.0
"2025-02-11 00:00:00",DL,6,183,-17.0,-8.94,-5.99,-2.97,4.01,947.0
"2025-02-11 00:00:00",AA,5,82,-17.0,-10.07,-7.03,-4.01,0.0,50.0
"2025-02-11 00:00:00",AA,6,171,-15.0,-7.92,-5.99,-2.97,0.99,1489.0
"2025-02-11 00:00:00",AA,9,126,-16.0,-7.92,-5.0,-1.99,7.03,345.0
"2025-02-11 00:00:00",DL,21,64,-16.0,-5.99,-2.97,17.99,34.82,125.0
"2025-02-11 00:00:00",WN,9,233,-11.0,-5.0,-2.97,0.0,10.07,137.0
"2025-02-11 00:00:00",DL,23,18,-17.0,-10.07,-7.92,-1.99,5.0,10.0
"2025-02-11 00:00:00",UA,13,125,-21.0,-7.92,-2.97,7.92,44.26,136.0
"2025-02-11 00:00:00",DL,15,169,-21.0,-5.99,-2.97,4.01,19.11,81.0
"2025-02-11 00:00:00",DL,16,113,-19.0,-5.99,-2.97,5.0,19.11,147.0
"2025-02-11 00:00:00",WN,21,14,-8.0,64.72,94.64,127.75,165.69,309.0
"2025-02-11 00:00:00",AA,21,73,-15.0,-5.99,-2.97,5.99,16.95,482.0
"2025-02-11 00:00:00",AA,19,91,-15.0,-5.99,-2.97,10.07,34.13,795.0
"2025-02-11 00:00:00",UA,2,1,-10.0,-10.0,-10.0,-10.0,-10.0,-10.0
"2025-02-11 00:00:00",DL,13,137,-16.0,-7.03,-1.99,5.99,19.11,252.0
"2025-02-11 00:00:00",UA,16,114,-20.0,-5.0,0.99,15.96,70.11,315.0
"2025-02-11 00:00:00",WN,17,194,-10.0,-2.97,5.99,25.79,71.53,319.0
