"2025-01-21 00:00:00",DL,6,169,-13.0,-5.99,-1.99,4.01,58.56,492.0
"2025-01-21 00:00:00",WN,9,212,-11.0,-2.97,0.0,7.92,24.78,276.0
"2025-01-21 00:00:00",DL,16,99,-15.0,-5.0,12.06,47.0,146.95,1061.0
"2025-01-21 00:00:00",AA,20,72,-11.0,-4.01,0.99,32.14,50.91,314.0
"2025-01-21 00:00:00",WN,21,13,-9.0,0.99,10.91,15.96,40.86,61.0
"2025-01-21 00:00:00",DL,23,20,-12.0,-7.92,-4.01,0.0,24.78,158.0
"2025-01-21 00:00:00",UA,16,87,-13.0,-5.99,-2.97,-0.99,12.06,944.0
"2025-01-21 00:00:00",AA,21,69,-14.0,-4.01,-1.99,10.07,37.72,487.0
"2025-01-21 00:00:00",WN,17,174,-12.0,-4.01,0.99,13.87,45.15,231.0
"2025-01-21 00:00:00",AA,19,96,-12.0,-5.99,-1.99,10.91,52.99,818.0
"2025-01-21 00:00:00",DL,15,168,-14.0,-2.97,2.97,29.08,83.94,1188.0
"2025-01-21 00:00:00",UA,13,108,-10.0,-5.99,-1.99,2.97,24.78,175.0
"2025-01-21 00:00:00",DL,11,165,-18.0,-2.97,0.99,19.11,57.4,265.0
"2025-01-21 00:00:00",AA,6,158,-10.0,-5.99,-2.97,-0.99,7.92,220.0
"2025-01-21 00:00:00",AA,9,121,-12.0,-5.0,-2.97,0.99,22.88,151.0
"2025-01-21 00:00:00",UA,2,1,-8.0,-8.0,-8.0,-8.0,-8.0,-8.0
"2025-01-21 00:00:00",DL,13,133,-15.0,-5.0,-0.99,15.03,47.0,370.0
"2025-01-21 00:00:00",AA,5,77,-15.0,-7.03,-4.01,-0.99,7.03,121.0
"2025-01-21 00:00:00",DL,21,51,-14.0,-5.0,15.96,92.77,165.69,836.0
