"2025-04-20 00:00:00",UA,22,37,-12.0,-5.0,-1.99,15.96,77.49,639.0
"2025-04-20 00:00:00",DL,1,2,-12.0,-12.0,-12.0,-12.0,-12.0,-8.0
"2025-04-20 00:00:00",AA,8,203,-12.0,-7.03,-4.01,0.0,32.79,258.0
"2025-04-20 00:00:00",UA,5,42,-14.0,-8.94,-7.03,-4.01,29.08,220.0
"2025-04-20 00:00:00",AA,7,213,-15.0,-7.03,-4.01,5.99,40.05,164.0
"2025-04-20 00:00:00",AA,13,146,-15.0,-5.99,-1.99,13.07,48.91,265.0
"2025-04-20 00:00:00",DL,5,74,-18.0,-8.94,-5.99,-2.97,5.99,395.0
"2025-04-20 00:00:00",AA,17,163,-15.0,-5.0,-0.99,21.12,74.45,225.0
"2025-04-20 00:00:00",AA,23,33,-12.0,-4.01,-0.99,21.98,34.82,95.0
"2025-04-20 00:00:00",UA,15,100,-14.0,-5.0,-0.99,27.94,194.44,390.0
"2025-04-20 00:00:00",AA,18,169,-13.0,-4.01,0.0,15.96,39.25,1368.0
"2025-04-20 00:00:00",WN,8,266,-14.0,-5.99,-4.01,0.0,8.94,126.0
"2025-04-20 00:00:00",UA,1,1,-7.0,-7.0,-7.0,-7.0,-7.0,-7.0
"2025-04-20 00:00:00",WN,13,257,-10.0,-5.0,-1.99,1.99,16.95,132.0
"2025-04-20 00:00:00",AA,11,163,-15.0,-5.99,-2.97,5.0,47.0,169.0
"2025-04-20 00:00:00",UA,11,126,-17.0,-7.03,-2.97,5.0,94.64,429.0
"2025-04-20 00:00:00",UA,9,139,-15.0,-7.03,-4.01,0.99,15.96,432.0
"2025-04-20 00:00:00",DL,14,151,-19.0,-7.03,-4.01,0.0,15.96,222.0
"2025-04-20 00:00:00",WN,20,277,-12.0,-5.0,-0.99,13.07,48.91,167.0
"2025-04-20 00:00:00",UA,14,120,-16.0,-7.03,-0.99,36.24,138.4,452.0
"2025-04-20 00:00:00",WN,15,251,-15.0,-5.0,-0.99,5.0,21.98,227.0
"2025-04-20 00:00:00",UA,19,139,-24.0,-4.01,4.01,34.82,102.52,338.0
"2025-04-21 00:00:00",WN,15,230,-8.0,-1.99,7.03,24.78,79.05,307.0
"2025-04-21 00:00:00",UA,1,2,-4.0,-4.0,-4.0,-4.0,-4.0,48.0
"2025-04-21 00:00:00",UA,19,137,-12.0,-7.03,-1.99,17.99,63.44,242.0
"2025-04-21 00:00:00",WN,20,200,-12.0,-4.01,5.0,32.14,96.55,197.0
"2025-04-21 00:00:00",UA,15,101,-17.0,-5.99,-0.99,10.91,80.65,301.0
"2025-04-21 00:00:00",AA,18,169,-10.0,-2.97,1.99,27.94,67.36,830.0
"2025-04-21 00:00:00",WN,13,249,-9.0,-1.99,4.01,19.89,58.56,297.0
"2025-04-21 00:00:00",UA,9,140,-21.0,-5.99,-2.97,16.95,74.45,213.0
"2025-04-21 00:00:00",DL,5,76,-15.0,-7.92,-5.0,-1.99,4.01,554.0
"2025-04-21 00:00:00",AA,17,163,-10.0,-4.01,0.0,13.87,64.72,255.0
"2025-04-21 00:00:00",AA,13,146,-14.0,-4.01,0.0,10.07,39.25,1412.0
"2025-04-21 00:00:00",AA,11,168,-13.0,-5.0,-0.99,10.07,34.13,497.0
"2025-04-21 00:00:00",UA,11,123,-13.0,-5.99,-1.99,19.89,79.05,255.0
"2025-04-21 00:00:00",UA,5,44,-15.0,-7.03,-5.0,-1.99,51.94,251.0
"2025-04-21 00:00:00",WN,8,239,-9.0,-4.01,-0.99,2.97,21.98,533.0
"2025-04-21 00:00:00",AA,7,231,-14.0,-5.99,-4.01,0.0,16.95,1084.0
"2025-04-21 00:00:00",AA,8,204,-11.0,-5.99,-2.97,0.0,21.98,152.0
"2025-04-21 00:00:00",DL,14,155,-14.0,-5.0,-1.99,5.99,36.24,274.0
"2025-04-21 00:00:00",UA,14,128,-12.0,-5.0,0.0,19.89,85.64,265.0
"2025-04-21 00:00:00",DL,1,2,-26.0,-25.79,-25.79,-25.79,-25.79,-14.0
"2025-04-21 00:00:00",UA,22,33,-10.0,-5.0,-1.99,12.06,19.89,45.0
"2025-04-21 00:00:00",AA,23,33,-15.0,-5.99,-4.01,0.0,8.94,107.0
"2025-04-22 00:00:00",AA,17,155,-13.0,-7.03,-2.97,4.01,21.12,121.0
"2025-04-22 00:00:00",AA,13,146,-17.0,-5.0,-2.97,1.99,24.78,190.0
"2025-04-22 00:00:00",WN,20,191,-15.0,-5.99,-2.97,0.0,12.06,104.0
"2025-04-22 00:00:00",AA,18,160,-16.0,-5.0,-1.99,12.06,36.97,304.0
"2025-04-22 00:00:00",UA,19,127,-15.0,-7.03,-4.01,4.01,16.95,83.0
"2025-04-22 00:00:00",DL,5,76,-16.0,-8.94,-7.03,-2.97,0.0,30.0
"2025-04-22 00:00:00",UA,15,97,-14.0,-5.99,-1.99,1.99,13.87,253.0
"2025-04-22 00:00:00",WN,13,242,-10.0,-4.01,-0.99,4.01,17.99,157.0
"2025-04-22 00:00:00",WN,15,223,-12.0,-5.0,-0.99,5.99,22.88,170.0
"2025-04-22 00:00:00",UA,14,125,-11.0,-7.03,-2.97,0.99,13.87,203.0
"2025-04-22 00:00:00",DL,14,150,-15.0,-7.92,-4.01,-0.99,10.91,112.0
"2025-04-22 00:00:00",UA,5,38,-16.0,-8.94,-5.99,-2.97,-1.99,92.0
"2025-04-22 00:00:00",WN,8,296,-12.0,-5.0,-1.99,0.0,5.0,136.0
"2025-04-22 00:00:00",UA,11,123,-18.0,-5.99,-4.01,0.0,10.91,94.0
"2025-04-22 00:00:00",UA,9,141,-17.0,-7.03,-4.01,1.99,13.07,380.0
"2025-04-22 00:00:00",AA,11,162,-15.0,-5.99,-2.97,1.99,15.03,144.0
"2025-04-22 00:00:00",AA,7,214,-15.0,-7.03,-4.01,-0.99,7.92,322.0
"2025-04-22 00:00:00",AA,8,199,-15.0,-5.99,-4.01,-0.99,19.11,2358.0
"2025-04-22 00:00:00",AA,23,29,-19.0,-5.0,-1.99,4.01,19.11,465.0
"2025-04-22 00:00:00",UA,1,1,22.0,22.0,22.0,22.0,22.0,22.0
"2025-04-22 00:00:00",DL,1,2,-10.0,-10.0,-10.0,-10.0,-10.0,33.0
"2025-04-22 00:00:00",UA,22,33,-14.0,-8.94,-5.99,-2.97,2.97,36.0
"2025-04-23 00:00:00",WN,13,240,-10.0,-1.99,4.01,19.89,45.15,158.0
"2025-04-23 00:00:00",UA,1,1,-4.0,-4.0,-4.0,-4.0,-4.0,-4.0
"2025-04-23 00:00:00",DL,14,150,-17.0,-5.99,-2.97,5.0,17.99,106.0
"2025-04-23 00:00:00",UA,14,126,-17.0,-7.03,-2.97,4.01,25.79,263.0
"2025-04-23 00:00:00",WN,15,222,-12.0,-1.99,5.0,24.78,59.75,338.0
"2025-04-23 00:00:00",AA,13,146,-14.0,-5.0,0.0,21.98,63.44,194.0
"2025-04-23 00:00:00",UA,15,100,-15.0,-5.99,-2.97,1.99,17.99,155.0
"2025-04-23 00:00:00",DL,5,75,-14.0,-8.94,-5.99,-2.97,5.0,538.0
"2025-04-23 00:00:00",AA,11,165,-12.0,-4.01,0.99,37.72,106.71,434.0
"2025-04-23 00:00:00",AA,7,223,-12.0,-5.99,-1.99,15.96,74.45,323.0
"2025-04-23 00:00:00",UA,9,142,-14.0,-7.03,-4.01,0.0,25.79,159.0
"2025-04-23 00:00:00",UA,11,124,-14.0,-5.99,-2.97,1.99,21.98,186.0
"2025-04-23 00:00:00",AA,8,202,-15.0,-5.0,-2.97,16.95,80.65,2117.0
"2025-04-23 00:00:00",WN,8,296,-11.0,-4.01,-1.99,0.99,13.87,173.0
"2025-04-23 00:00:00",UA,5,38,-17.0,-10.07,-5.99,-2.97,7.03,109.0
"2025-04-23 00:00:00",AA,17,158,-13.0,-4.01,0.99,21.98,67.36,363.0
"2025-04-23 00:00:00",AA,18,164,-12.0,-2.97,4.01,32.79,87.37,307.0
"2025-04-23 00:00:00",UA,19,138,-20.0,-5.0,-1.99,7.03,30.27,164.0
"2025-04-23 00:00:00",UA,22,36,-15.0,-8.94,-5.0,-1.99,7.92,99.0
"2025-04-23 00:00:00",AA,23,31,-8.0,-5.0,-0.99,7.03,21.12,77.0
"2025-04-23 00:00:00",DL,1,2,-11.0,-10.91,-10.91,-10.91,-10.91,-3.0
"2025-04-23 00:00:00",WN,20,191,-15.0,-4.01,1.99,19.89,59.75,115.0
"2025-04-24 00:00:00",WN,13,242,-13.0,-0.99,5.0,19.89,45.15,268.0
"2025-04-24 00:00:00",UA,15,92,-13.0,-4.01,0.0,27.94,115.6,430.0
"2025-04-24 00:00:00",UA,14,126,-13.0,-5.0,-1.99,13.87,77.49,268.0
"2025-04-24 00:00:00",UA,9,140,-14.0,-5.99,-1.99,5.99,34.13,294.0
"2025-04-24 00:00:00",AA,17,156,-13.0,-2.97,7.03,58.56,104.6,473.0
"2025-04-24 00:00:00",WN,20,196,-10.0,-1.99,13.07,41.68,72.97,224.0
"2025-04-24 00:00:00",UA,22,36,-28.0,-4.01,5.99,17.99,32.14,174.0
"2025-04-24 00:00:00",DL,1,2,-12.0,-12.0,-12.0,-12.0,-12.0,-11.0
"2025-04-24 00:00:00",AA,23,31,-9.0,-1.99,5.99,21.98,57.4,110.0
"2025-04-24 00:00:00",AA,18,165,-10.0,-1.99,8.94,44.26,104.6,379.0
"2025-04-24 00:00:00",UA,19,145,-16.0,-0.99,23.81,82.28,183.12,398.0
"2025-04-24 00:00:00",AA,8,189,-11.0,-5.99,-2.97,1.99,77.49,419.0
"2025-04-24 00:00:00",UA,1,1,-2.0,-2.0,-2.0,-2.0,-2.0,-2.0
"2025-04-24 00:00:00",DL,14,152,-18.0,-5.99,-1.99,5.0,22.88,1145.0
"2025-04-24 00:00:00",AA,11,156,-10.0,-4.01,0.99,29.08,96.55,1622.0
"2025-04-24 00:00:00",UA,11,124,-14.0,-5.0,-1.99,8.94,26.84,298.0
"2025-04-24 00:00:00",WN,8,236,-11.0,-4.01,-0.99,5.99,17.99,134.0
"2025-04-24 00:00:00",DL,5,75,-13.0,-7.92,-5.0,-0.99,2.97,124.0
"2025-04-24 00:00:00",AA,7,217,-13.0,-5.99,-4.01,0.0,37.72,199.0
"2025-04-24 00:00:00",UA,5,44,-12.0,-7.92,-7.03,-2.97,-0.99,36.0
"2025-04-24 00:00:00",WN,15,228,-10.0,0.0,10.91,40.05,111.06,221.0
"2025-04-24 00:00:00",AA,13,140,-14.0,-2.97,2.97,36.97,92.77,276.0
