"2025-01-03 00:00:00",DL,6,176,-18.0,-7.03,-4.01,0.0,13.07,339.0
"2025-01-03 00:00:00",WN,9,225,-10.0,-2.97,1.99,16.95,47.95,400.0
"2025-01-03 00:00:00",AA,6,178,-14.0,-5.99,-2.97,0.0,23.81,803.0
"2025-01-03 00:00:00",UA,2,1,-8.0,-8.0,-8.0,-8.0,-8.0,-8.0
"2025-01-03 00:00:00",AA,20,132,-21.0,-2.97,0.0,16.95,47.95,234.0
"2025-01-03 00:00:00",AA,21,86,-15.0,-5.0,0.0,26.84,71.53,127.0
"2025-01-03 00:00:00",DL,13,128,-16.0,-5.99,-1.99,10.07,40.86,189.0
"2025-01-03 00:00:00",WN,21,132,-12.0,0.99,19.11,47.0,79.05,245.0
"2025-01-03 00:00:00",DL,21,91,-14.0,-4.01,0.0,24.78,51.94,186.0
"2025-01-03 00:00:00",AA,1,3,-10.0,-10.0,-7.92,-7.92,-7.92,4.0
"2025-01-03 00:00:00",UA,13,125,-10.0,-1.99,7.03,30.27,74.45,229.0
"2025-01-03 00:00:00",DL,23,35,-15.0,-5.99,-4.01,12.06,25.79,100.0
"2025-01-03 00:00:00",DL,15,166,-18.0,-5.0,-0.99,10.91,36.24,1161.0
"2025-01-03 00:00:00",AA,5,116,-12.0,-7.92,-5.0,-1.99,1.99,569.0
"2025-01-03 00:00:00",AA,9,135,-14.0,-5.0,-2.97,1.99,17.99,786.0
"2025-01-03 00:00:00",DL,16,119,-14.0,-7.03,-0.99,15.03,87.37,198.0
"2025-01-03 00:00:00",UA,16,140,-14.0,-2.97,2.97,32.14,55.15,377.0
"2025-01-03 00:00:00",DL,11,191,-15.0,-5.99,-1.99,5.99,32.14,264.0
"2025-01-03 00:00:00",WN,17,241,-10.0,4.01,12.06,39.25,68.72,250.0
"2025-01-03 00:00:00",AA,19,138,-18.0,-4.01,2.97,26.84,63.44,286.0
"2025-01-04 00:00:00",UA,13,116,-10.0,-4.01,2.97,27.94,51.94,194.0
"2025-01-04 00:00:00",AA,19,127,-14.0,-1.99,7.03,29.08,67.36,189.0
"2025-01-04 00:00:00",DL,21,92,-15.0,-2.97,0.99,16.95,54.06,170.0
"2025-01-04 00:00:00",DL,16,116,-15.0,-4.01,5.0,32.79,62.18,309.0
"2025-01-04 00:00:00",DL,23,36,-12.0,-1.99,10.91,27.94,49.9,57.0
"2025-01-04 00:00:00",AA,20,129,-13.0,-1.99,5.0,34.13,72.97,163.0
"2025-01-04 00:00:00",WN,21,171,-15.0,7.03,34.13,52.99,85.64,205.0
"2025-01-04 00:00:00",AA,21,83,-9.0,-0.99,10.91,30.27,67.36,521.0
"2025-01-04 00:00:00",DL,15,161,-15.0,-1.99,7.03,24.78,85.64,1053.0
"2025-01-04 00:00:00",UA,16,129,-14.0,-4.01,2.97,25.79,58.56,272.0
"2025-01-04 00:00:00",WN,17,213,-10.0,5.99,21.12,45.15,74.45,381.0
"2025-01-04 00:00:00",AA,5,103,-11.0,-5.0,-1.99,0.0,15.03,1594.0
"2025-01-04 00:00:00",AA,6,169,-15.0,-5.0,-1.99,0.99,13.87,1000.0
"2025-01-04 00:00:00",DL,6,181,-20.0,-7.03,-1.99,4.01,16.95,565.0
"2025-01-04 00:00:00",WN,9,244,-11.0,-2.97,0.0,10.07,23.81,197.0
"2025-01-04 00:00:00",DL,13,124,-13.0,-5.0,1.99,26.84,79.05,1051.0
"2025-01-04 00:00:00",DL,11,193,-17.0,-5.0,0.0,17.99,36.24,367.0
"2025-01-04 00:00:00",UA,2,1,1.0,1.0,1.0,1.0,1.0,1.0
"2025-01-04 00:00:00",AA,9,116,-12.0,-5.0,-1.99,4.01,16.95,205.0
"2025-01-04 00:00:00",AA,1,3,-14.0,-13.87,-5.0,-5.0,-5.0,11.0
"2025-01-05 00:00:00",AA,19,116,-18.0,-2.97,13.07,85.64,228.18,890.0
"2025-01-05 00:00:00",UA,13,121,-12.0,-1.99,2.97,15.03,85.64,208.0
"2025-01-05 00:00:00",AA,20,98,-14.0,0.0,16.95,66.03,146.95,664.0
"2025-01-05 00:00:00",UA,2,1,1.0,1.0,1.0,1.0,1.0,1.0
"2025-01-05 00:00:00",AA,5,114,-12.0,-5.99,-2.97,0.99,8.94,343.0
"2025-01-05 00:00:00",AA,1,1,318.0,318.0,318.0,318.0,318.0,318.0
"2025-01-05 00:00:00",AA,21,75,-10.0,-1.99,10.07,58.56,146.95,686.0
"2025-01-05 00:00:00",DL,21,93,-13.0,-1.99,1.99,21.12,44.26,299.0
"2025-01-05 00:00:00",WN,21,167,-15.0,4.01,27.94,54.06,67.36,242.0
"2025-01-05 00:00:00",DL,15,157,-17.0,-0.99,5.99,30.27,72.97,330.0
"2025-01-05 00:00:00",UA,16,120,-11.0,-1.99,5.99,26.84,74.45,447.0
"2025-01-05 00:00:00",DL,23,37,-12.0,-4.01,0.0,13.87,48.91,191.0
"2025-01-05 00:00:00",DL,16,124,-10.0,-2.97,1.99,21.98,43.38,287.0
"2025-01-05 00:00:00",WN,17,196,-13.0,1.99,15.96,39.25,66.03,257.0
"2025-01-05 00:00:00",WN,9,225,-10.0,-1.99,1.99,16.95,27.94,721.0
"2025-01-05 00:00:00",DL,13,137,-14.0,-4.01,0.99,32.14,79.05,194.0
"2025-01-05 00:00:00",DL,11,189,-14.0,-4.01,0.0,23.81,47.0,340.0
"2025-01-05 00:00:00",AA,6,177,-13.0,-5.0,-2.97,0.0,19.11,472.0
"2025-01-05 00:00:00",AA,9,130,-12.0,-2.97,-0.99,10.07,94.64,434.0
"2025-01-05 00:00:00",DL,6,177,-16.0,-5.0,0.0,7.03,34.82,536.0
