"2025-01-03 00:00:00",AA,7,196,-13.0,-5.99,-2.97,0.0,13.07,741.0
"2025-01-03 00:00:00",UA,9,122,-11.0,-2.97,0.99,19.89,83.94,199.0
"2025-01-03 00:00:00",UA,1,1,-15.0,-15.0,-15.0,-15.0,-15.0,-15.0
"2025-01-03 00:00:00",UA,11,119,-11.0,-4.01,4.01,29.08,74.45,389.0
"2025-01-03 00:00:00",WN,15,225,-12.0,0.99,12.06,30.88,63.44,272.0
"2025-01-03 00:00:00",AA,17,141,-19.0,-5.0,-1.99,15.96,40.86,233.0
"2025-01-03 00:00:00",DL,1,2,-6.0,-5.99,-5.99,-5.99,-5.99,36.0
"2025-01-03 00:00:00",AA,18,153,-19.0,-4.01,0.99,21.12,49.9,622.0
"2025-01-03 00:00:00",UA,19,108,-10.0,-1.99,5.99,23.81,63.44,118.0
"2025-01-03 00:00:00",AA,8,180,-13.0,-5.99,-4.01,0.0,15.96,498.0
"2025-01-03 00:00:00",UA,5,47,-10.0,-5.99,-4.01,-0.99,1.99,13.0
"2025-01-03 00:00:00",WN,20,284,-11.0,2.97,15.96,40.86,82.28,191.0
"2025-01-03 00:00:00",UA,22,49,-8.0,-1.99,7.92,25.79,55.15,68.0
"2025-01-03 00:00:00",AA,13,142,-11.0,-5.0,-0.99,10.07,45.15,194.0
"2025-01-03 00:00:00",AA,23,32,-8.0,-5.0,0.0,13.07,40.86,102.0
"2025-01-03 00:00:00",AA,11,156,-11.0,-5.0,-1.99,5.99,34.13,582.0
"2025-01-03 00:00:00",DL,5,62,-17.0,-7.92,-5.0,0.0,8.94,306.0
"2025-01-03 00:00:00",WN,13,233,-10.0,-1.99,7.92,32.14,74.45,403.0
"2025-01-03 00:00:00",DL,14,140,-15.0,-5.99,-1.99,12.06,57.4,1109.0
"2025-01-03 00:00:00",WN,8,258,-13.0,-2.97,0.0,10.91,43.38,345.0
"2025-01-03 00:00:00",UA,14,121,-10.0,-4.01,5.99,23.81,79.05,393.0
"2025-01-03 00:00:00",UA,15,74,-16.0,-5.0,0.0,24.78,67.36,294.0
"2025-01-04 00:00:00",DL,14,133,-16.0,-4.01,4.01,30.27,75.95,295.0
"2025-01-04 00:00:00",UA,9,113,-11.0,-4.01,0.99,13.07,34.82,248.0
"2025-01-04 00:00:00",UA,15,73,-9.0,-1.99,7.92,32.79,74.45,181.0
"2025-01-04 00:00:00",UA,19,99,-19.0,4.01,19.89,52.99,83.94,146.0
"2025-01-04 00:00:00",UA,1,1,57.0,57.0,57.0,57.0,57.0,57.0
"2025-01-04 00:00:00",WN,20,235,-12.0,4.01,21.12,51.94,87.37,341.0
"2025-01-04 00:00:00",WN,15,221,-10.0,2.97,15.96,37.72,68.72,424.0
"2025-01-04 00:00:00",AA,18,145,-15.0,-1.99,5.99,23.81,55.15,698.0
"2025-01-04 00:00:00",AA,17,131,-17.0,-4.01,2.97,26.84,64.72,320.0
"2025-01-04 00:00:00",AA,11,133,-11.0,-4.01,0.0,10.91,36.97,347.0
"2025-01-04 00:00:00",WN,13,205,-10.0,0.0,5.99,19.89,51.94,242.0
"2025-01-04 00:00:00",UA,14,116,-13.0,-2.97,8.94,36.24,89.13,348.0
"2025-01-04 00:00:00",UA,22,51,-7.0,-0.99,5.99,27.94,71.53,981.0
"2025-01-04 00:00:00",UA,11,112,-14.0,-2.97,4.01,22.88,49.9,205.0
"2025-01-04 00:00:00",AA,23,38,-10.0,-4.01,0.0,10.07,21.12,74.0
"2025-01-04 00:00:00",AA,13,130,-13.0,-2.97,0.99,13.07,41.68,322.0
"2025-01-04 00:00:00",DL,1,2,-9.0,-8.94,-8.94,-8.94,-8.94,20.0
"2025-01-04 00:00:00",WN,8,182,-10.0,-4.01,-0.99,7.03,19.11,83.0
"2025-01-04 00:00:00",AA,8,162,-13.0,-5.0,-2.97,0.99,17.99,126.0
"2025-01-04 00:00:00",DL,5,62,-18.0,-7.03,-5.0,1.99,13.87,184.0
"2025-01-04 00:00:00",AA,7,167,-12.0,-5.0,-1.99,0.99,15.96,128.0
"2025-01-04 00:00:00",UA,5,50,-18.0,-5.0,-1.99,4.01,23.81,416.0
"2025-01-05 00:00:00",WN,15,224,-9.0,2.97,16.95,34.82,62.18,234.0
"2025-01-05 00:00:00",DL,5,60,-13.0,-8.94,-1.99,4.01,30.88,353.0
"2025-01-05 00:00:00",WN,13,197,-9.0,0.0,7.03,21.12,40.05,255.0
"2025-01-05 00:00:00",DL,1,2,-5.0,-5.0,-5.0,-5.0,-5.0,1.0
"2025-01-05 00:00:00",UA,15,77,-15.0,-0.99,4.01,25.79,45.15,244.0
"2025-01-05 00:00:00",AA,17,132,-10.0,-2.97,7.03,74.45,165.69,316.0
"2025-01-05 00:00:00",AA,13,144,-16.0,-1.99,7.92,58.56,122.75,1078.0
"2025-01-05 00:00:00",AA,18,139,-17.0,-0.99,17.99,66.03,135.65,910.0
"2025-01-05 00:00:00",UA,19,105,-13.0,-1.99,7.92,47.95,104.6,914.0
"2025-01-05 00:00:00",AA,7,192,-11.0,-5.0,-2.97,1.99,34.82,474.0
"2025-01-05 00:00:00",UA,9,116,-11.0,-4.01,1.99,13.87,39.25,207.0
"2025-01-05 00:00:00",WN,20,251,-15.0,5.99,22.88,46.07,85.64,260.0
"2025-01-05 00:00:00",UA,22,47,-8.0,-4.01,1.99,15.96,106.71,313.0
"2025-01-05 00:00:00",AA,8,179,-12.0,-4.01,-0.99,13.07,80.65,1386.0
"2025-01-05 00:00:00",AA,23,41,-8.0,-2.97,7.03,37.72,113.31,673.0
"2025-01-05 00:00:00",DL,14,134,-12.0,-1.99,5.0,30.27,58.56,354.0
"2025-01-05 00:00:00",WN,8,237,-10.0,-4.01,-0.99,10.07,22.88,243.0
"2025-01-05 00:00:00",UA,5,46,-9.0,-7.03,-4.01,-0.99,2.97,26.0
"2025-01-05 00:00:00",UA,1,1,4.0,4.0,4.0,4.0,4.0,4.0
"2025-01-05 00:00:00",UA,14,117,-15.0,-0.99,5.99,43.38,100.49,604.0
"2025-01-05 00:00:00",AA,11,153,-10.0,-2.97,5.0,48.91,90.93,262.0
"2025-01-05 00:00:00",UA,11,117,-15.0,-1.99,7.92,29.08,51.94,450.0
