"2025-03-26 00:00:00",DL,11,206,-17.0,-7.03,-5.0,-0.99,7.03,523.0
"2025-03-26 00:00:00",DL,15,178,-24.0,-5.99,-1.99,4.01,27.94,247.0
"2025-03-26 00:00:00",DL,13,152,-15.0,-7.92,-5.0,0.0,25.79,348.0
"2025-03-26 00:00:00",UA,13,138,-25.0,-7.03,-4.01,2.97,21.12,235.0
"2025-03-26 00:00:00",AA,6,190,-17.0,-8.94,-5.99,-2.97,0.0,84.0
"2025-03-26 00:00:00",DL,6,185,-22.0,-8.94,-7.03,-4.01,0.0,19.0
"2025-03-26 00:00:00",WN,9,203,-11.0,-5.0,-2.97,-0.99,2.97,195.0
"2025-03-26 00:00:00",AA,9,133,-13.0,-7.03,-4.01,0.0,25.79,672.0
"2025-03-26 00:00:00",AA,5,110,-16.0,-8.94,-5.99,-4.01,4.01,1061.0
"2025-03-26 00:00:00",AA,19,160,-17.0,-7.03,-1.99,13.87,39.25,217.0
"2025-03-26 00:00:00",AA,20,129,-11.0,-5.0,-1.99,7.03,23.81,136.0
"2025-03-26 00:00:00",DL,21,79,-15.0,-5.99,-4.01,0.0,21.12,106.0
"2025-03-26 00:00:00",DL,23,34,-14.0,-7.03,-5.0,-1.99,0.0,10.0
"2025-03-26 00:00:00",WN,21,159,-14.0,-5.99,-2.97,2.97,21.98,136.0
"2025-03-26 00:00:00",AA,21,87,-13.0,-5.99,-0.99,10.91,34.82,215.0
"2025-03-26 00:00:00",WN,17,230,-11.0,-5.0,-0.99,5.99,27.94,249.0
"2025-03-26 00:00:00",DL,16,129,-16.0,-7.03,-4.01,0.0,19.89,260.0
"2025-03-26 00:00:00",UA,16,137,-22.0,-7.03,-4.01,0.0,15.03,306.0
