"2025-01-03 00:00:00",DL,7,223,-22.0,-7.03,-4.01,0.0,19.89,425.0
"2025-01-03 00:00:00",DL,9,125,-15.0,-5.0,-1.99,5.0,22.88,170.0
"2025-01-03 00:00:00",UA,8,178,-12.0,-5.0,-1.99,2.97,27.94,238.0
"2025-01-03 00:00:00",UA,10,109,-13.0,-4.01,0.0,13.87,52.99,175.0
"2025-01-03 00:00:00",UA,18,146,-11.0,-2.97,5.0,23.81,57.4,255.0
"2025-01-03 00:00:00",WN,18,229,-11.0,1.99,15.03,36.24,79.05,320.0
"2025-01-03 00:00:00",UA,0,9,-4.0,0.0,5.0,10.91,15.96,125.0
"2025-01-03 00:00:00",WN,19,226,-10.0,0.0,16.95,41.68,71.53,188.0
"2025-01-03 00:00:00",DL,19,138,-22.0,-5.0,0.0,17.99,54.06,184.0
"2025-01-03 00:00:00",DL,8,168,-15.0,-5.99,-2.97,0.99,24.78,772.0
"2025-01-03 00:00:00",AA,0,16,-7.0,-2.97,4.01,15.03,23.81,44.0
"2025-01-03 00:00:00",UA,21,58,-11.0,-0.99,5.0,22.88,47.95,168.0
"2025-01-03 00:00:00",AA,22,86,-11.0,-2.97,0.0,19.89,47.95,151.0
"2025-01-03 00:00:00",DL,12,159,-14.0,-5.0,-1.99,7.03,27.94,495.0
"2025-01-03 00:00:00",UA,23,49,-10.0,-1.99,0.0,12.06,40.86,796.0
"2025-01-03 00:00:00",DL,10,141,-14.0,-5.99,-0.99,7.92,41.68,310.0
"2025-01-03 00:00:00",WN,11,235,-11.0,-1.99,2.97,19.11,62.18,210.0
"2025-01-03 00:00:00",UA,12,112,-13.0,-5.0,-0.99,12.06,26.84,1154.0
"2025-01-03 00:00:00",AA,12,139,-15.0,-4.01,0.0,16.95,36.24,200.0
"2025-01-03 00:00:00",AA,10,139,-26.0,-5.0,-2.97,7.92,34.13,418.0
"2025-01-03 00:00:00",WN,16,239,-9.0,0.0,12.06,34.82,70.11,224.0
"2025-01-03 00:00:00",DL,18,164,-20.0,-7.03,-1.99,12.06,49.9,336.0
"2025-01-04 00:00:00",WN,16,216,-10.0,0.99,15.96,34.82,63.44,438.0
"2025-01-04 00:00:00",DL,8,160,-17.0,-5.0,-0.99,7.03,19.89,333.0
"2025-01-04 00:00:00",UA,12,96,-13.0,-4.01,0.0,22.88,56.27,288.0
"2025-01-04 00:00:00",DL,18,160,-17.0,-1.99,7.03,34.13,66.03,238.0
"2025-01-04 00:00:00",WN,18,235,-12.0,5.0,17.99,43.38,92.77,366.0
"2025-01-04 00:00:00",UA,18,131,-11.0,-0.99,7.03,26.84,75.95,240.0
"2025-01-04 00:00:00",AA,12,129,-13.0,-2.97,1.99,19.11,51.94,1144.0
"2025-01-04 00:00:00",WN,19,228,-15.0,4.01,23.81,49.9,82.28,236.0
"2025-01-04 00:00:00",DL,19,141,-16.0,-1.99,7.92,40.05,80.65,663.0
"2025-01-04 00:00:00",UA,8,161,-12.0,-4.01,-0.99,10.91,37.72,640.0
"2025-01-04 00:00:00",DL,10,131,-13.0,-4.01,0.0,10.07,34.13,282.0
"2025-01-04 00:00:00",UA,21,56,-9.0,0.0,7.03,19.11,32.14,132.0
"2025-01-04 00:00:00",AA,22,87,-11.0,-1.99,5.0,22.88,67.36,406.0
"2025-01-04 00:00:00",DL,9,119,-15.0,-5.0,-0.99,12.06,34.82,99.0
"2025-01-04 00:00:00",UA,23,49,-10.0,-2.97,7.92,36.97,60.95,509.0
"2025-01-04 00:00:00",DL,12,138,-14.0,-2.97,0.0,17.99,49.9,1113.0
"2025-01-04 00:00:00",UA,0,9,-8.0,-2.97,1.99,17.99,17.99,31.0
"2025-01-04 00:00:00",DL,7,211,-26.0,-5.0,-2.97,2.97,21.98,911.0
"2025-01-04 00:00:00",AA,0,15,-9.0,-5.0,-0.99,1.99,40.86,49.0
"2025-01-04 00:00:00",WN,11,210,-11.0,-1.99,1.99,13.07,30.88,249.0
"2025-01-04 00:00:00",AA,10,129,-11.0,-4.01,-1.99,5.0,25.79,301.0
"2025-01-04 00:00:00",UA,10,105,-17.0,-2.97,2.97,15.03,37.72,290.0
"2025-01-05 00:00:00",WN,11,205,-10.0,-0.99,5.0,15.96,34.82,351.0
"2025-01-05 00:00:00",UA,12,106,-13.0,-4.01,-0.99,7.03,21.12,189.0
"2025-01-05 00:00:00",AA,12,132,-9.0,-1.99,15.96,100.49,210.64,1470.0
"2025-01-05 00:00:00",DL,12,151,-15.0,-5.0,0.0,19.89,46.07,539.0
"2025-01-05 00:00:00",WN,16,209,-8.0,7.92,19.89,36.24,67.36,221.0
"2025-01-05 00:00:00",DL,18,153,-11.0,-2.97,5.0,30.27,80.65,831.0
"2025-01-05 00:00:00",UA,18,132,-15.0,-0.99,8.94,44.26,132.97,1145.0
"2025-01-05 00:00:00",WN,19,201,-15.0,0.99,15.03,32.79,71.53,326.0
"2025-01-05 00:00:00",UA,23,37,-9.0,-4.01,-0.99,27.94,113.31,1124.0
"2025-01-05 00:00:00",DL,19,138,-13.0,-2.97,7.03,27.94,74.45,235.0
"2025-01-05 00:00:00",UA,21,53,-13.0,2.97,29.08,54.06,132.97,714.0
"2025-01-05 00:00:00",AA,22,78,-11.0,-1.99,15.96,72.97,146.95,953.0
"2025-01-05 00:00:00",UA,0,9,-9.0,-4.01,1.99,40.05,49.9,72.0
"2025-01-05 00:00:00",WN,18,219,-10.0,4.01,19.89,40.86,66.03,292.0
"2025-01-05 00:00:00",AA,0,17,-8.0,-4.01,-4.01,-0.99,7.03,43.0
"2025-01-05 00:00:00",DL,7,217,-14.0,-5.0,-1.99,4.01,19.89,292.0
"2025-01-05 00:00:00",DL,8,162,-17.0,-5.0,-0.99,7.92,26.84,306.0
"2025-01-05 00:00:00",UA,8,171,-15.0,-4.01,-0.99,13.07,45.15,444.0
"2025-01-05 00:00:00",DL,9,127,-10.0,-4.01,-0.99,12.06,43.38,159.0
"2025-01-05 00:00:00",AA,10,141,-14.0,-4.01,0.99,67.36,138.4,619.0
"2025-01-05 00:00:00",DL,10,135,-17.0,-5.0,0.0,13.07,37.72,260.0
"2025-01-05 00:00:00",UA,10,103,-10.0,-2.97,0.0,16.95,34.13,224.0
