"2025-04-14 00:00:00",WN,13,247,-12.0,-2.97,0.99,10.07,21.12,362.0
"2025-04-14 00:00:00",UA,15,102,-12.0,-7.03,-5.0,-0.99,7.03,63.0
"2025-04-14 00:00:00",DL,1,2,-18.0,-17.99,-17.99,-17.99,-17.99,-7.0
"2025-04-14 00:00:00",WN,15,230,-11.0,-4.01,0.0,13.07,29.08,324.0
"2025-04-14 00:00:00",UA,19,138,-25.0,-7.92,-4.01,0.0,23.81,114.0
"2025-04-14 00:00:00",WN,20,200,-14.0,-5.0,-1.99,5.99,27.94,215.0
"2025-04-14 00:00:00",AA,18,170,-15.0,-5.0,0.0,15.96,56.27,965.0
"2025-04-14 00:00:00",AA,17,163,-15.0,-5.0,-0.99,7.92,48.91,341.0
"2025-04-14 00:00:00",UA,14,135,-19.0,-7.03,-4.01,-0.99,12.06,121.0
"2025-04-14 00:00:00",AA,7,231,-15.0,-7.03,-5.0,-1.99,7.92,1714.0
"2025-04-14 00:00:00",AA,8,204,-14.0,-5.99,-4.01,0.0,21.98,798.0
"2025-04-14 00:00:00",UA,11,126,-21.0,-7.92,-5.0,0.0,8.94,111.0
"2025-04-14 00:00:00",WN,8,241,-9.0,-4.01,-1.99,1.99,10.07,238.0
"2025-04-14 00:00:00",UA,9,141,-14.0,-7.92,-4.01,-0.99,10.07,58.0
"2025-04-14 00:00:00",AA,11,169,-15.0,-5.99,-2.97,1.99,24.78,1335.0
"2025-04-14 00:00:00",DL,14,151,-21.0,-5.99,-1.99,5.99,40.86,147.0
"2025-04-14 00:00:00",UA,1,2,-8.0,-7.92,-7.92,-7.92,-7.92,-7.0
"2025-04-14 00:00:00",DL,5,75,-18.0,-8.94,-5.99,-2.97,0.0,97.0
"2025-04-14 00:00:00",UA,5,44,-13.0,-7.92,-5.99,-4.01,0.99,8.0
"2025-04-14 00:00:00",AA,13,146,-14.0,-5.0,-1.99,5.99,23.81,198.0
"2025-04-14 00:00:00",AA,23,33,-17.0,-10.07,-7.03,-1.99,2.97,40.0
"2025-04-14 00:00:00",UA,22,32,-12.0,-7.03,-4.01,2.97,10.91,43.0
"2025-04-15 00:00:00",WN,20,191,-13.0,-5.99,-4.01,0.99,17.99,169.0
"2025-04-15 00:00:00",AA,8,199,-14.0,-7.03,-5.0,-1.99,10.07,289.0
"2025-04-15 00:00:00",UA,9,143,-15.0,-7.03,-5.0,-1.99,7.92,249.0
"2025-04-15 00:00:00",UA,11,124,-13.0,-7.92,-5.0,0.0,12.06,144.0
"2025-04-15 00:00:00",AA,13,143,-13.0,-5.99,-2.97,4.01,26.84,104.0
"2025-04-15 00:00:00",UA,15,98,-14.0,-7.03,-4.01,0.99,10.91,940.0
"2025-04-15 00:00:00",UA,14,125,-15.0,-7.03,-2.97,4.01,19.11,233.0
"2025-04-15 00:00:00",WN,13,241,-13.0,-5.0,-1.99,2.97,13.87,162.0
"2025-04-15 00:00:00",DL,14,146,-17.0,-7.92,-5.0,-0.99,13.07,252.0
"2025-04-15 00:00:00",AA,11,162,-15.0,-5.99,-2.97,0.0,10.07,166.0
"2025-04-15 00:00:00",UA,22,32,-13.0,-7.92,-4.01,0.99,21.12,193.0
"2025-04-15 00:00:00",AA,23,31,-17.0,-10.07,-7.92,-5.0,0.0,17.0
"2025-04-15 00:00:00",AA,18,160,-14.0,-5.0,-1.99,7.03,25.79,874.0
"2025-04-15 00:00:00",AA,17,155,-16.0,-7.03,-2.97,5.0,22.88,311.0
"2025-04-15 00:00:00",UA,19,128,-15.0,-7.92,-4.01,0.99,34.13,101.0
"2025-04-15 00:00:00",WN,8,294,-14.0,-5.99,-4.01,-0.99,2.97,107.0
"2025-04-15 00:00:00",AA,7,213,-19.0,-8.94,-5.99,-2.97,4.01,129.0
"2025-04-15 00:00:00",DL,5,76,-19.0,-10.91,-7.92,-4.01,-0.99,62.0
"2025-04-15 00:00:00",DL,1,2,-16.0,-15.96,-15.96,-15.96,-15.96,-14.0
"2025-04-15 00:00:00",UA,5,38,-10.0,-7.92,-5.0,-1.99,1.99,52.0
"2025-04-15 00:00:00",WN,15,223,-13.0,-5.0,-2.97,0.99,15.03,200.0
"2025-04-15 00:00:00",UA,1,1,22.0,22.0,22.0,22.0,22.0,22.0
"2025-04-16 00:00:00",UA,9,143,-20.0,-7.92,-5.0,-2.97,0.0,196.0
"2025-04-16 00:00:00",UA,11,125,-15.0,-7.03,-5.0,-0.99,7.03,173.0
"2025-04-16 00:00:00",AA,11,164,-12.0,-5.99,-2.97,0.99,17.99,184.0
"2025-04-16 00:00:00",AA,7,222,-14.0,-7.92,-5.99,-2.97,4.01,247.0
"2025-04-16 00:00:00",WN,8,296,-12.0,-5.99,-4.01,-0.99,0.99,50.0
"2025-04-16 00:00:00",AA,8,202,-15.0,-7.03,-5.0,-1.99,13.07,569.0
"2025-04-16 00:00:00",DL,5,76,-16.0,-10.07,-5.99,-2.97,0.99,291.0
"2025-04-16 00:00:00",DL,1,2,5.0,5.0,5.0,5.0,5.0,7.0
"2025-04-16 00:00:00",UA,5,38,-17.0,-10.07,-8.94,-5.0,0.0,8.0
"2025-04-16 00:00:00",AA,13,146,-12.0,-5.99,-2.97,4.01,30.88,913.0
"2025-04-16 00:00:00",WN,13,242,-12.0,-4.01,-1.99,2.97,10.91,243.0
"2025-04-16 00:00:00",DL,14,146,-17.0,-7.03,-4.01,1.99,29.08,136.0
"2025-04-16 00:00:00",UA,14,124,-15.0,-7.92,-5.0,0.0,10.91,154.0
"2025-04-16 00:00:00",UA,15,92,-11.0,-5.99,-4.01,0.99,27.94,156.0
"2025-04-16 00:00:00",WN,15,221,-11.0,-4.01,-0.99,5.99,25.79,208.0
"2025-04-16 00:00:00",AA,17,157,-12.0,-5.99,-1.99,7.03,40.86,269.0
"2025-04-16 00:00:00",AA,18,164,-16.0,-5.0,-0.99,8.94,32.79,356.0
"2025-04-16 00:00:00",UA,19,139,-20.0,-5.0,0.0,17.99,83.94,185.0
"2025-04-16 00:00:00",WN,20,191,-10.0,-5.99,-0.99,8.94,34.13,91.0
"2025-04-16 00:00:00",UA,22,35,-10.0,-5.99,-2.97,0.0,4.01,49.0
"2025-04-16 00:00:00",AA,23,31,-14.0,-7.03,-1.99,2.97,10.91,61.0
"2025-04-16 00:00:00",UA,1,1,6.0,6.0,6.0,6.0,6.0,6.0
"2025-04-17 00:00:00",DL,1,2,-10.0,-10.0,-10.0,-10.0,-10.0,6.0
"2025-04-17 00:00:00",UA,5,44,-12.0,-7.03,-5.99,-2.97,1.99,45.0
"2025-04-17 00:00:00",DL,5,76,-15.0,-7.92,-5.99,-1.99,0.99,412.0
"2025-04-17 00:00:00",AA,7,230,-13.0,-7.03,-4.01,-1.99,5.99,214.0
"2025-04-17 00:00:00",AA,8,204,-13.0,-5.99,-2.97,-0.99,27.94,649.0
"2025-04-17 00:00:00",WN,8,241,-11.0,-5.0,-1.99,0.99,8.94,85.0
"2025-04-17 00:00:00",UA,9,143,-15.0,-7.03,-5.0,-0.99,21.98,433.0
"2025-04-17 00:00:00",AA,11,165,-12.0,-5.99,-2.97,4.01,40.05,548.0
"2025-04-17 00:00:00",UA,11,124,-22.0,-5.99,-2.97,4.01,36.24,224.0
"2025-04-17 00:00:00",WN,13,247,-11.0,-2.97,2.97,13.07,24.78,265.0
"2025-04-17 00:00:00",AA,13,146,-12.0,-5.0,-0.99,15.03,46.07,1936.0
"2025-04-17 00:00:00",DL,14,149,-13.0,-5.0,-0.99,12.06,37.72,493.0
"2025-04-17 00:00:00",UA,14,132,-15.0,-5.99,-1.99,8.94,55.15,169.0
"2025-04-17 00:00:00",WN,15,231,-9.0,-0.99,7.03,25.79,57.4,342.0
"2025-04-17 00:00:00",AA,18,171,-11.0,-2.97,0.99,21.12,46.07,158.0
"2025-04-17 00:00:00",AA,17,163,-10.0,-2.97,0.0,21.98,68.72,1496.0
"2025-04-17 00:00:00",UA,19,146,-24.0,-2.97,5.0,27.94,58.56,133.0
"2025-04-17 00:00:00",UA,22,35,-12.0,-5.99,-1.99,4.01,8.94,79.0
"2025-04-17 00:00:00",WN,20,200,-12.0,-1.99,7.92,22.88,57.4,244.0
"2025-04-17 00:00:00",AA,23,33,-11.0,-5.99,0.0,13.87,29.08,589.0
"2025-04-17 00:00:00",UA,1,1,-1.0,-1.0,-1.0,-1.0,-1.0,-1.0
"2025-04-17 00:00:00",UA,15,99,-11.0,-1.99,5.0,34.13,67.36,192.0
