"2025-04-08 00:00:00",AA,21,77,-12.0,-5.0,-0.99,23.81,51.94,987.0
"2025-04-08 00:00:00",DL,23,35,-21.0,-10.07,-5.0,7.92,21.12,115.0
"2025-04-08 00:00:00",WN,21,95,-15.0,-5.0,-2.97,1.99,22.88,189.0
"2025-04-08 00:00:00",AA,6,189,-17.0,-7.92,-5.99,-1.99,16.95,806.0
"2025-04-08 00:00:00",AA,20,128,-15.0,-5.0,-0.99,10.91,36.97,646.0
"2025-04-08 00:00:00",DL,21,77,-16.0,-5.99,-0.99,10.07,36.97,297.0
"2025-04-08 00:00:00",AA,1,1,-13.0,-13.0,-13.0,-13.0,-13.0,-13.0
"2025-04-08 00:00:00",AA,5,102,-14.0,-8.94,-7.03,-4.01,-0.99,130.0
"2025-04-08 00:00:00",DL,11,201,-15.0,-5.99,-2.97,5.99,36.97,737.0
"2025-04-08 00:00:00",UA,16,139,-14.0,-7.92,-4.01,5.0,25.79,154.0
"2025-04-08 00:00:00",AA,19,149,-21.0,-5.99,0.99,29.08,66.03,626.0
"2025-04-08 00:00:00",DL,16,124,-14.0,-5.99,-0.99,16.95,60.95,269.0
"2025-04-08 00:00:00",WN,17,247,-14.0,-5.0,-0.99,7.92,25.79,272.0
"2025-04-08 00:00:00",DL,6,189,-18.0,-8.94,-5.99,-2.97,5.99,221.0
"2025-04-08 00:00:00",DL,13,149,-18.0,-7.03,-4.01,0.99,23.81,561.0
"2025-04-08 00:00:00",UA,13,124,-14.0,-7.03,-5.0,0.0,27.94,448.0
"2025-04-08 00:00:00",DL,15,186,-16.0,-5.99,-1.99,15.03,79.05,367.0
"2025-04-08 00:00:00",WN,9,188,-12.0,-5.0,-2.97,1.99,10.91,125.0
"2025-04-08 00:00:00",AA,9,137,-14.0,-7.03,-4.01,-0.99,10.07,143.0
"2025-04-09 00:00:00",AA,5,106,-17.0,-8.94,-7.03,-2.97,-0.99,203.0
"2025-04-09 00:00:00",DL,15,183,-16.0,-5.99,-2.97,4.01,19.89,310.0
"2025-04-09 00:00:00",DL,23,37,-18.0,-8.94,-2.97,0.0,4.01,34.0
"2025-04-09 00:00:00",DL,16,125,-19.0,-7.03,-2.97,0.0,13.07,501.0
"2025-04-09 00:00:00",UA,16,142,-22.0,-7.03,-4.01,0.99,19.89,306.0
"2025-04-09 00:00:00",WN,17,249,-11.0,-4.01,0.0,7.03,17.99,218.0
"2025-04-09 00:00:00",AA,19,157,-16.0,-7.03,-1.99,13.07,49.9,358.0
"2025-04-09 00:00:00",AA,20,129,-18.0,-5.0,-0.99,12.06,34.13,300.0
"2025-04-09 00:00:00",WN,21,95,-12.0,-5.99,-4.01,-0.99,8.94,41.0
"2025-04-09 00:00:00",DL,21,79,-13.0,-5.99,-4.01,0.0,26.84,68.0
"2025-04-09 00:00:00",DL,11,201,-15.0,-5.99,-4.01,0.99,15.96,1062.0
"2025-04-09 00:00:00",DL,13,152,-19.0,-7.92,-4.01,-0.99,7.92,134.0
"2025-04-09 00:00:00",AA,9,132,-12.0,-5.0,-2.97,1.99,25.79,310.0
"2025-04-09 00:00:00",WN,9,195,-11.0,-4.01,-1.99,0.99,10.91,161.0
"2025-04-09 00:00:00",AA,6,193,-14.0,-7.92,-5.99,-2.97,7.03,1557.0
"2025-04-09 00:00:00",UA,13,128,-13.0,-7.03,-4.01,0.0,15.96,449.0
"2025-04-09 00:00:00",DL,6,184,-18.0,-8.94,-5.99,-1.99,0.0,656.0
"2025-04-09 00:00:00",AA,1,1,-11.0,-11.0,-11.0,-11.0,-11.0,-11.0
"2025-04-09 00:00:00",AA,21,87,-16.0,-4.01,-0.99,17.99,58.56,207.0
"2025-04-10 00:00:00",AA,21,87,-15.0,-4.01,0.0,24.78,58.56,102.0
"2025-04-10 00:00:00",WN,21,193,-15.0,-1.99,4.01,21.12,40.05,294.0
"2025-04-10 00:00:00",AA,6,195,-17.0,-7.03,-4.01,-0.99,0.99,1741.0
"2025-04-10 00:00:00",DL,21,96,-11.0,-0.99,21.12,59.75,100.49,618.0
"2025-04-10 00:00:00",UA,16,141,-14.0,-5.99,-2.97,0.99,27.94,265.0
"2025-04-10 00:00:00",DL,16,132,-13.0,-5.0,0.0,16.95,51.94,1013.0
"2025-04-10 00:00:00",AA,20,137,-9.0,-4.01,2.97,16.95,43.38,184.0
"2025-04-10 00:00:00",WN,17,240,-12.0,-1.99,5.0,17.99,40.86,178.0
"2025-04-10 00:00:00",AA,1,1,10.0,10.0,10.0,10.0,10.0,10.0
"2025-04-10 00:00:00",UA,13,127,-12.0,-7.03,-4.01,1.99,8.94,470.0
"2025-04-10 00:00:00",DL,23,40,-12.0,-5.99,-2.97,7.03,141.19,718.0
"2025-04-10 00:00:00",DL,6,188,-17.0,-7.92,-5.0,-0.99,1.99,309.0
"2025-04-10 00:00:00",DL,15,183,-14.0,-5.0,-0.99,12.06,37.72,419.0
"2025-04-10 00:00:00",AA,9,135,-10.0,-5.99,-1.99,2.97,17.99,193.0
"2025-04-10 00:00:00",WN,9,237,-12.0,-5.0,-1.99,2.97,16.95,170.0
"2025-04-10 00:00:00",DL,11,202,-16.0,-5.99,-1.99,2.97,15.03,346.0
"2025-04-10 00:00:00",DL,13,159,-14.0,-5.99,-1.99,7.92,30.88,665.0
"2025-04-10 00:00:00",AA,19,159,-15.0,-2.97,7.92,32.14,77.49,271.0
"2025-04-10 00:00:00",AA,5,111,-14.0,-7.92,-5.0,-1.99,0.99,168.0
"2025-04-11 00:00:00",AA,9,134,-11.0,-5.0,-1.99,5.99,37.72,733.0
"2025-04-11 00:00:00",AA,20,135,-11.0,-4.01,4.01,32.79,70.11,342.0
"2025-04-11 00:00:00",WN,21,193,-11.0,-0.99,5.99,24.78,54.06,182.0
"2025-04-11 00:00:00",UA,13,128,-15.0,-7.03,-4.01,-0.99,15.03,137.0
"2025-04-11 00:00:00",DL,23,42,-14.0,-7.03,-2.97,0.0,17.99,120.0
"2025-04-11 00:00:00",AA,21,87,-8.0,-4.01,1.99,26.84,85.64,476.0
"2025-04-11 00:00:00",AA,6,195,-15.0,-7.03,-4.01,-0.99,2.97,397.0
"2025-04-11 00:00:00",AA,5,110,-14.0,-7.03,-5.0,-1.99,0.99,233.0
"2025-04-11 00:00:00",DL,6,179,-14.0,-7.03,-4.01,0.99,10.91,639.0
"2025-04-11 00:00:00",WN,17,243,-10.0,-0.99,7.03,26.84,54.06,234.0
"2025-04-11 00:00:00",DL,15,184,-15.0,-5.0,1.99,23.81,49.9,201.0
"2025-04-11 00:00:00",UA,16,143,-15.0,-5.99,-2.97,4.01,34.82,188.0
"2025-04-11 00:00:00",DL,21,101,-18.0,-4.01,-0.99,19.11,34.82,780.0
"2025-04-11 00:00:00",DL,16,134,-13.0,-4.01,0.0,23.81,62.18,315.0
"2025-04-11 00:00:00",AA,1,1,-16.0,-16.0,-16.0,-16.0,-16.0,-16.0
"2025-04-11 00:00:00",DL,13,159,-12.0,-5.0,0.0,25.79,63.44,264.0
"2025-04-11 00:00:00",WN,9,238,-12.0,-4.01,-0.99,4.01,19.89,178.0
"2025-04-11 00:00:00",DL,11,194,-13.0,-5.0,-0.99,13.87,45.15,193.0
"2025-04-11 00:00:00",AA,19,161,-16.0,-2.97,12.06,39.25,70.11,255.0
