"2025-02-18 00:00:00",WN,7,212,-9.0,-4.01,-1.99,0.99,10.91,255.0
"2025-02-18 00:00:00",UA,17,135,-13.0,-4.01,0.0,15.96,52.99,310.0
"2025-02-18 00:00:00",WN,10,232,-11.0,-2.97,0.0,13.07,30.88,215.0
"2025-02-18 00:00:00",AA,16,137,-13.0,-4.01,0.0,10.91,30.27,927.0
"2025-02-18 00:00:00",DL,17,166,-15.0,-5.99,-1.99,10.07,59.75,983.0
"2025-02-18 00:00:00",WN,12,227,-12.0,-1.99,2.97,16.95,41.68,194.0
"2025-02-18 00:00:00",WN,23,2,-12.0,-12.0,-12.0,-12.0,-12.0,-5.0
"2025-02-18 00:00:00",AA,14,145,-9.0,-4.01,0.0,17.99,37.72,295.0
"2025-02-18 00:00:00",UA,7,180,-12.0,-7.03,-4.01,-0.99,7.03,65.0
"2025-02-18 00:00:00",WN,14,226,-14.0,-0.99,5.99,21.12,48.91,175.0
"2025-02-18 00:00:00",AA,15,117,-10.0,-4.01,0.0,13.87,36.97,229.0
"2025-02-18 00:00:00",DL,0,4,3.0,3.0,10.91,25.79,25.79,33.0
"2025-02-18 00:00:00",WN,22,5,-7.0,-2.97,1.99,21.98,21.98,48.0
"2025-02-18 00:00:00",UA,6,120,-14.0,-7.03,-5.0,-1.99,5.0,92.0
"2025-02-18 00:00:00",DL,20,73,-19.0,-4.01,1.99,22.88,52.99,160.0
"2025-02-18 00:00:00",WN,6,304,-12.0,-4.01,-1.99,0.99,7.92,274.0
"2025-02-18 00:00:00",UA,20,64,-11.0,-1.99,7.03,46.07,70.11,180.0
"2025-02-18 00:00:00",WN,5,97,-8.0,-5.0,-1.99,0.99,5.0,45.0
"2025-02-18 00:00:00",DL,22,85,-9.0,-5.0,0.0,22.88,77.49,504.0
"2025-02-19 00:00:00",WN,10,195,-10.0,-4.01,-0.99,5.0,19.89,166.0
"2025-02-19 00:00:00",DL,22,86,-16.0,-7.03,-2.97,7.92,22.88,623.0
"2025-02-19 00:00:00",DL,0,2,-17.0,-16.95,-16.95,-16.95,-16.95,-4.0
"2025-02-19 00:00:00",WN,5,30,-7.0,-4.01,-1.99,0.0,0.99,11.0
"2025-02-19 00:00:00",WN,7,185,-10.0,-5.0,-4.01,-0.99,5.99,76.0
"2025-02-19 00:00:00",UA,7,177,-15.0,-7.03,-5.0,-1.99,4.01,351.0
"2025-02-19 00:00:00",UA,6,123,-13.0,-7.03,-4.01,0.0,10.91,286.0
"2025-02-19 00:00:00",WN,6,215,-11.0,-5.0,-2.97,0.0,5.0,161.0
"2025-02-19 00:00:00",AA,16,136,-11.0,-0.99,5.99,36.24,92.77,363.0
"2025-02-19 00:00:00",WN,12,178,-10.0,-2.97,0.0,12.06,32.79,245.0
"2025-02-19 00:00:00",WN,14,219,-12.0,-2.97,1.99,21.12,41.68,197.0
"2025-02-19 00:00:00",AA,14,125,-10.0,-1.99,10.91,41.68,98.5,372.0
"2025-02-19 00:00:00",UA,20,78,-13.0,-4.01,0.0,7.92,21.12,102.0
"2025-02-19 00:00:00",WN,23,2,-3.0,-2.97,-2.97,-2.97,-2.97,10.0
"2025-02-19 00:00:00",DL,17,169,-15.0,-5.99,0.0,19.11,57.4,178.0
"2025-02-19 00:00:00",DL,20,74,-14.0,-2.97,4.01,23.81,71.53,634.0
"2025-02-19 00:00:00",UA,17,140,-13.0,-4.01,0.0,10.91,36.97,792.0
"2025-02-19 00:00:00",AA,15,101,-10.0,-4.01,10.07,59.75,117.93,425.0
"2025-02-19 00:00:00",WN,22,2,-4.0,-4.0,-4.0,-4.0,-4.0,-1.0
"2025-02-20 00:00:00",WN,14,225,-11.0,-2.97,2.97,21.12,37.72,225.0
"2025-02-20 00:00:00",UA,7,197,-17.0,-7.03,-5.0,-1.99,0.99,146.0
"2025-02-20 00:00:00",WN,7,212,-12.0,-5.0,-1.99,1.99,16.95,354.0
"2025-02-20 00:00:00",UA,17,146,-16.0,-4.01,-0.99,7.92,26.84,196.0
"2025-02-20 00:00:00",AA,15,126,-13.0,-1.99,0.99,26.84,64.72,251.0
"2025-02-20 00:00:00",AA,16,148,-13.0,-1.99,7.92,44.26,111.06,265.0
"2025-02-20 00:00:00",DL,17,173,-22.0,-0.99,13.07,40.05,90.93,357.0
"2025-02-20 00:00:00",AA,14,151,-11.0,-1.99,10.91,43.38,122.75,332.0
"2025-02-20 00:00:00",WN,12,229,-11.0,-2.97,0.99,13.87,34.82,223.0
"2025-02-20 00:00:00",WN,10,233,-11.0,-2.97,0.99,10.07,26.84,299.0
"2025-02-20 00:00:00",DL,20,100,-20.0,-1.99,15.03,34.82,68.72,127.0
"2025-02-20 00:00:00",UA,20,81,-15.0,-5.0,0.99,15.03,49.9,282.0
"2025-02-20 00:00:00",DL,22,94,-11.0,-1.99,5.0,17.99,43.38,148.0
"2025-02-20 00:00:00",WN,23,2,-3.0,-2.97,-2.97,-2.97,-2.97,34.0
"2025-02-20 00:00:00",UA,6,129,-12.0,-7.92,-5.0,-1.99,4.01,336.0
"2025-02-20 00:00:00",WN,22,4,-6.0,-5.99,-2.97,-1.99,-1.99,7.0
"2025-02-20 00:00:00",WN,5,99,-9.0,-5.0,-2.97,0.0,5.99,118.0
"2025-02-20 00:00:00",DL,0,2,-10.0,-10.0,-10.0,-10.0,-10.0,-9.0
"2025-02-20 00:00:00",WN,6,302,-11.0,-5.0,-2.97,-0.99,5.0,243.0
