"2025-02-17 00:00:00",UA,7,197,-14.0,-5.0,-2.97,0.0,19.11,448.0
"2025-02-17 00:00:00",DL,17,170,-14.0,-1.99,7.92,47.95,127.75,282.0
"2025-02-17 00:00:00",DL,22,93,-10.0,-1.99,10.91,43.38,71.53,618.0
"2025-02-17 00:00:00",WN,14,230,-12.0,0.0,10.91,30.27,77.49,370.0
"2025-02-17 00:00:00",WN,23,3,-5.0,-5.0,15.96,15.96,15.96,29.0
"2025-02-17 00:00:00",WN,7,199,-12.0,-4.01,-1.99,4.01,29.08,216.0
"2025-02-17 00:00:00",WN,10,234,-10.0,-2.97,0.0,13.87,36.24,313.0
"2025-02-17 00:00:00",WN,12,233,-11.0,-1.99,5.99,21.98,47.0,349.0
"2025-02-17 00:00:00",WN,5,182,-14.0,-5.0,-1.99,0.0,8.94,384.0
"2025-02-17 00:00:00",AA,14,156,-9.0,-2.97,1.99,34.13,87.37,282.0
"2025-02-17 00:00:00",DL,20,101,-11.0,0.99,30.27,77.49,117.93,618.0
"2025-02-17 00:00:00",AA,15,130,-9.0,-2.97,7.03,36.24,67.36,247.0
"2025-02-17 00:00:00",WN,22,138,-10.0,10.91,27.94,55.15,98.5,211.0
"2025-02-17 00:00:00",DL,0,2,-4.0,-4.0,-4.0,-4.0,-4.0,6.0
"2025-02-17 00:00:00",UA,20,81,-9.0,2.97,13.87,49.9,82.28,152.0
"2025-02-17 00:00:00",AA,16,148,-8.0,-1.99,5.99,32.14,80.65,339.0
"2025-02-17 00:00:00",UA,17,145,-20.0,0.0,10.07,40.05,85.64,184.0
"2025-02-17 00:00:00",WN,6,303,-11.0,-5.0,-1.99,0.99,17.99,510.0
"2025-02-17 00:00:00",UA,6,122,-14.0,-5.0,-2.97,0.99,15.96,303.0
