"2025-04-08 00:00:00",AA,12,141,-13.0,-5.99,-1.99,10.91,51.94,1242.0
"2025-04-08 00:00:00",UA,0,8,-10.0,-10.0,-4.01,-2.97,2.97,6.0
"2025-04-08 00:00:00",AA,22,100,-19.0,-7.03,-4.01,5.99,34.13,434.0
"2025-04-08 00:00:00",AA,0,9,-14.0,-10.91,-7.92,-2.97,21.12,39.0
"2025-04-08 00:00:00",WN,11,224,-13.0,-5.0,-1.99,2.97,15.03,313.0
"2025-04-08 00:00:00",UA,23,32,-19.0,-10.07,-7.92,-5.99,-1.99,41.0
"2025-04-08 00:00:00",DL,7,245,-19.0,-7.92,-5.0,0.0,13.87,123.0
"2025-04-08 00:00:00",UA,12,118,-15.0,-7.03,-5.99,-1.99,7.03,69.0
"2025-04-08 00:00:00",DL,19,132,-23.0,-5.99,1.99,55.15,135.65,352.0
"2025-04-08 00:00:00",DL,12,162,-19.0,-5.99,-2.97,2.97,26.84,315.0
"2025-04-08 00:00:00",UA,21,39,-15.0,-10.07,-5.99,-0.99,15.96,97.0
"2025-04-08 00:00:00",WN,19,246,-18.0,-7.03,-2.97,2.97,17.99,170.0
"2025-04-08 00:00:00",WN,16,226,-10.0,-5.0,-1.99,2.97,19.89,287.0
"2025-04-08 00:00:00",WN,18,253,-14.0,-5.99,-2.97,2.97,22.88,237.0
"2025-04-08 00:00:00",DL,18,154,-18.0,-7.03,-0.99,16.95,74.45,330.0
"2025-04-08 00:00:00",UA,18,120,-15.0,-7.92,-4.01,1.99,49.9,272.0
"2025-04-08 00:00:00",UA,8,161,-16.0,-7.92,-5.99,-1.99,1.99,243.0
"2025-04-08 00:00:00",DL,8,172,-16.0,-7.03,-5.0,-0.99,7.92,590.0
"2025-04-08 00:00:00",DL,9,132,-16.0,-7.03,-5.0,-0.99,4.01,70.0
"2025-04-08 00:00:00",AA,10,151,-14.0,-5.99,-2.97,4.01,37.72,819.0
"2025-04-08 00:00:00",DL,10,152,-17.0,-7.92,-5.0,0.0,12.06,142.0
"2025-04-08 00:00:00",UA,10,130,-12.0,-7.03,-5.99,-2.97,0.0,199.0
"2025-04-09 00:00:00",DL,10,152,-17.0,-7.92,-5.0,-0.99,5.99,150.0
"2025-04-09 00:00:00",WN,16,227,-15.0,-5.0,-0.99,4.01,17.99,82.0
"2025-04-09 00:00:00",UA,10,131,-16.0,-7.03,-4.01,-0.99,12.06,460.0
"2025-04-09 00:00:00",WN,11,226,-12.0,-5.0,-0.99,5.0,17.99,172.0
"2025-04-09 00:00:00",AA,10,154,-12.0,-5.99,-2.97,2.97,24.78,174.0
"2025-04-09 00:00:00",DL,8,177,-16.0,-7.03,-4.01,-0.99,8.94,478.0
"2025-04-09 00:00:00",UA,8,160,-16.0,-7.92,-5.0,-1.99,1.99,272.0
"2025-04-09 00:00:00",DL,9,135,-13.0,-7.03,-5.0,-0.99,5.0,93.0
"2025-04-09 00:00:00",UA,0,7,-12.0,-7.92,-7.03,-1.99,0.0,0.0
"2025-04-09 00:00:00",DL,7,245,-16.0,-7.03,-4.01,0.0,12.06,605.0
"2025-04-09 00:00:00",UA,21,56,-14.0,-7.92,-5.0,-1.99,10.91,66.0
"2025-04-09 00:00:00",DL,18,154,-20.0,-7.03,-2.97,0.99,13.87,235.0
"2025-04-09 00:00:00",UA,12,119,-13.0,-7.03,-4.01,-0.99,5.99,74.0
"2025-04-09 00:00:00",AA,22,110,-12.0,-5.0,-2.97,10.07,32.14,126.0
"2025-04-09 00:00:00",UA,23,37,-17.0,-10.07,-2.97,-1.99,1.99,32.0
"2025-04-09 00:00:00",DL,12,162,-17.0,-7.03,-2.97,1.99,10.91,260.0
"2025-04-09 00:00:00",AA,0,6,-12.0,-7.92,-5.0,-2.97,-1.99,2.0
"2025-04-09 00:00:00",DL,19,135,-18.0,-7.03,-4.01,1.99,16.95,132.0
"2025-04-09 00:00:00",UA,18,139,-14.0,-7.03,-2.97,0.99,24.78,261.0
"2025-04-09 00:00:00",WN,18,253,-14.0,-5.0,-0.99,5.0,15.96,77.0
"2025-04-09 00:00:00",WN,19,245,-13.0,-5.0,-1.99,4.01,17.99,74.0
"2025-04-09 00:00:00",AA,12,145,-13.0,-5.0,-1.99,1.99,15.03,159.0
"2025-04-10 00:00:00",DL,18,148,-22.0,-5.0,-0.99,10.07,50.91,245.0
"2025-04-10 00:00:00",DL,19,163,-19.0,-5.0,2.97,43.38,156.04,465.0
"2025-04-10 00:00:00",UA,12,121,-11.0,-7.03,-2.97,-0.99,5.0,78.0
"2025-04-10 00:00:00",WN,16,226,-10.0,-0.99,5.99,17.99,32.14,136.0
"2025-04-10 00:00:00",UA,0,7,-8.0,-7.03,0.0,10.91,29.08,97.0
"2025-04-10 00:00:00",AA,22,115,-11.0,-2.97,4.01,23.81,50.91,712.0
"2025-04-10 00:00:00",UA,21,60,-11.0,-5.99,-2.97,5.99,25.79,119.0
"2025-04-10 00:00:00",UA,23,38,-15.0,-7.03,-5.0,-1.99,5.99,113.0
"2025-04-10 00:00:00",AA,0,8,-8.0,-7.92,-5.99,-2.97,-1.99,13.0
"2025-04-10 00:00:00",DL,7,248,-17.0,-7.03,-4.01,-0.99,2.97,232.0
"2025-04-10 00:00:00",UA,18,140,-14.0,-5.0,-1.99,7.03,21.12,97.0
"2025-04-10 00:00:00",WN,19,252,-14.0,-1.99,5.0,21.98,49.9,311.0
"2025-04-10 00:00:00",WN,18,273,-12.0,-0.99,7.92,23.81,55.15,283.0
"2025-04-10 00:00:00",DL,12,165,-18.0,-7.03,-2.97,5.0,34.82,289.0
"2025-04-10 00:00:00",DL,9,132,-15.0,-5.99,-2.97,0.0,8.94,185.0
"2025-04-10 00:00:00",AA,12,149,-12.0,-4.01,-0.99,5.99,30.88,1859.0
"2025-04-10 00:00:00",AA,10,159,-13.0,-5.0,-1.99,5.99,19.89,183.0
"2025-04-10 00:00:00",DL,10,158,-15.0,-7.03,-4.01,0.0,13.87,439.0
"2025-04-10 00:00:00",WN,11,246,-10.0,-2.97,0.0,10.91,30.88,189.0
"2025-04-10 00:00:00",UA,10,133,-17.0,-7.03,-5.0,-0.99,10.91,92.0
"2025-04-10 00:00:00",UA,8,163,-15.0,-7.03,-5.0,-1.99,5.0,307.0
"2025-04-10 00:00:00",DL,8,177,-15.0,-5.99,-4.01,0.0,8.94,253.0
"2025-04-11 00:00:00",AA,22,114,-12.0,-4.01,1.99,13.87,49.9,352.0
"2025-04-11 00:00:00",DL,7,236,-15.0,-5.99,-2.97,0.99,19.11,560.0
"2025-04-11 00:00:00",AA,0,9,-14.0,-7.03,-4.01,-0.99,7.03,181.0
"2025-04-11 00:00:00",UA,0,8,-14.0,-8.94,-5.0,-1.99,-0.99,6.0
"2025-04-11 00:00:00",UA,18,142,-14.0,-7.03,-2.97,13.07,52.99,260.0
"2025-04-11 00:00:00",UA,23,35,-17.0,-7.03,-5.0,-0.99,8.94,127.0
"2025-04-11 00:00:00",DL,8,171,-14.0,-5.99,-2.97,2.97,30.27,186.0
"2025-04-11 00:00:00",UA,8,163,-13.0,-7.03,-5.0,-0.99,2.97,408.0
"2025-04-11 00:00:00",DL,9,127,-13.0,-5.0,-1.99,12.06,54.06,178.0
"2025-04-11 00:00:00",AA,10,159,-10.0,-4.01,-0.99,13.07,46.07,219.0
"2025-04-11 00:00:00",DL,10,154,-13.0,-5.0,-0.99,7.03,30.27,271.0
"2025-04-11 00:00:00",UA,10,132,-15.0,-5.99,-4.01,-0.99,5.99,102.0
"2025-04-11 00:00:00",WN,11,246,-9.0,-2.97,0.99,13.07,34.13,186.0
"2025-04-11 00:00:00",AA,12,151,-13.0,-4.01,0.0,16.95,45.15,273.0
"2025-04-11 00:00:00",DL,12,163,-14.0,-5.0,-0.99,15.96,48.91,301.0
"2025-04-11 00:00:00",UA,12,121,-12.0,-7.03,-4.01,0.99,10.91,94.0
"2025-04-11 00:00:00",WN,16,229,-12.0,-1.99,4.01,19.89,47.0,195.0
"2025-04-11 00:00:00",DL,18,164,-16.0,-4.01,7.03,26.84,63.44,231.0
"2025-04-11 00:00:00",WN,18,275,-14.0,-2.97,2.97,21.12,47.95,216.0
"2025-04-11 00:00:00",DL,19,168,-17.0,-4.01,0.99,23.81,55.15,301.0
"2025-04-11 00:00:00",WN,19,253,-15.0,-1.99,5.99,30.27,59.75,218.0
"2025-04-11 00:00:00",UA,21,61,-13.0,-5.99,-2.97,1.99,19.11,93.0
