"2025-04-07 00:00:00",UA,14,137,-17.0,-5.99,-1.99,8.94,62.18,394.0
"2025-04-07 00:00:00",DL,5,59,-17.0,-7.92,-4.01,2.97,36.24,222.0
"2025-04-07 00:00:00",AA,8,201,-15.0,-5.0,-2.97,0.99,27.94,735.0
"2025-04-07 00:00:00",UA,5,44,-12.0,-8.94,-5.99,-5.0,-2.97,15.0
"2025-04-07 00:00:00",AA,23,33,-16.0,-7.92,-4.01,4.01,22.88,191.0
"2025-04-07 00:00:00",AA,18,172,-17.0,-0.99,13.87,45.15,102.52,321.0
"2025-04-07 00:00:00",WN,15,215,-12.0,-2.97,2.97,17.99,41.68,204.0
"2025-04-07 00:00:00",WN,8,266,-10.0,-4.01,-1.99,1.99,15.03,157.0
"2025-04-07 00:00:00",WN,20,273,-15.0,-5.0,0.0,13.87,36.97,172.0
"2025-04-07 00:00:00",UA,22,32,-11.0,-7.03,-2.97,5.99,16.95,46.0
"2025-04-07 00:00:00",UA,19,138,-18.0,-5.99,-0.99,19.89,41.68,221.0
"2025-04-07 00:00:00",WN,13,244,-15.0,-2.97,0.99,13.07,34.13,288.0
"2025-04-07 00:00:00",AA,13,146,-17.0,-4.01,0.0,16.95,74.45,487.0
"2025-04-07 00:00:00",AA,11,165,-15.0,-5.0,-0.99,10.07,34.82,140.0
"2025-04-07 00:00:00",UA,9,142,-13.0,-7.03,-2.97,0.99,13.87,193.0
"2025-04-07 00:00:00",UA,11,126,-16.0,-5.99,-4.01,2.97,15.96,70.0
"2025-04-07 00:00:00",AA,17,163,-15.0,-2.97,5.0,32.14,96.55,327.0
"2025-04-07 00:00:00",UA,15,102,-12.0,-5.0,-1.99,5.99,40.86,247.0
"2025-04-07 00:00:00",AA,7,229,-14.0,-5.99,-2.97,0.0,17.99,1686.0
"2025-04-07 00:00:00",DL,1,2,-13.0,-13.0,-13.0,-13.0,-13.0,-2.0
"2025-04-07 00:00:00",DL,14,143,-13.0,-0.99,12.06,41.68,83.94,1135.0
"2025-04-07 00:00:00",UA,1,2,-10.0,-10.0,-10.0,-10.0,-10.0,-7.0
