"2025-03-03 00:00:00",WN,13,232,-11.0,-2.97,0.0,10.07,58.56,320.0
"2025-03-03 00:00:00",AA,18,150,-20.0,-5.99,-2.97,8.94,43.38,369.0
"2025-03-03 00:00:00",DL,14,137,-15.0,-7.03,-4.01,0.0,12.06,217.0
"2025-03-03 00:00:00",AA,17,157,-18.0,-7.03,-4.01,1.99,15.96,106.0
"2025-03-03 00:00:00",UA,14,130,-15.0,-7.03,-4.01,0.99,21.98,183.0
"2025-03-03 00:00:00",UA,15,89,-16.0,-7.03,-4.01,0.0,19.89,132.0
"2025-03-03 00:00:00",UA,9,138,-13.0,-7.03,-5.0,-1.99,10.07,145.0
"2025-03-03 00:00:00",AA,13,142,-15.0,-5.99,-2.97,2.97,21.98,255.0
"2025-03-03 00:00:00",DL,5,69,-17.0,-8.94,-5.99,-2.97,0.0,46.0
"2025-03-03 00:00:00",UA,5,31,-13.0,-7.92,-5.99,-4.01,-1.99,2.0
"2025-03-03 00:00:00",AA,11,166,-17.0,-5.99,-2.97,2.97,21.98,313.0
"2025-03-03 00:00:00",DL,1,2,-7.0,-7.0,-7.0,-7.0,-7.0,1.0
"2025-03-03 00:00:00",UA,11,127,-14.0,-7.03,-4.01,-0.99,5.99,74.0
"2025-03-03 00:00:00",AA,8,197,-14.0,-5.99,-2.97,0.0,16.95,224.0
"2025-03-03 00:00:00",WN,15,224,-17.0,-2.97,0.99,15.96,66.03,299.0
"2025-03-03 00:00:00",WN,8,267,-13.0,-5.0,-2.97,0.99,87.37,366.0
"2025-03-03 00:00:00",WN,20,181,-14.0,-5.0,1.99,17.99,67.36,191.0
"2025-03-03 00:00:00",AA,7,208,-13.0,-7.03,-4.01,-0.99,19.11,384.0
"2025-03-03 00:00:00",AA,23,27,-16.0,-10.07,-5.99,-0.99,0.99,25.0
"2025-03-03 00:00:00",UA,1,1,1.0,1.0,1.0,1.0,1.0,1.0
"2025-03-03 00:00:00",UA,19,131,-16.0,-5.99,-2.97,5.99,36.24,222.0
"2025-03-03 00:00:00",UA,22,33,-14.0,-8.94,-5.0,-0.99,0.99,53.0
"2025-03-04 00:00:00",UA,19,115,-16.0,-5.99,-0.99,8.94,47.95,736.0
"2025-03-04 00:00:00",DL,1,2,-8.0,-7.92,-7.92,-7.92,-7.92,-5.0
"2025-03-04 00:00:00",UA,5,28,-11.0,-8.94,-5.99,-1.99,10.91,94.0
"2025-03-04 00:00:00",DL,5,69,-16.0,-8.94,-7.03,-4.01,-0.99,64.0
"2025-03-04 00:00:00",AA,8,186,-14.0,-5.99,-2.97,4.01,37.72,314.0
"2025-03-04 00:00:00",WN,13,232,-14.0,-5.0,-1.99,7.03,37.72,325.0
"2025-03-04 00:00:00",UA,11,129,-18.0,-7.03,-4.01,0.99,12.06,156.0
"2025-03-04 00:00:00",UA,15,86,-17.0,-7.92,-4.01,2.97,22.88,397.0
"2025-03-04 00:00:00",AA,18,116,-18.0,-5.0,-0.99,41.68,146.95,864.0
"2025-03-04 00:00:00",AA,13,125,-13.0,-5.99,-1.99,13.87,80.65,1184.0
"2025-03-04 00:00:00",UA,1,1,-6.0,-6.0,-6.0,-6.0,-6.0,-6.0
"2025-03-04 00:00:00",UA,14,121,-17.0,-7.92,-4.01,-0.99,12.06,303.0
"2025-03-04 00:00:00",WN,20,161,-14.0,-4.01,-0.99,7.92,34.82,175.0
"2025-03-04 00:00:00",AA,11,144,-13.0,-7.03,-2.97,7.92,40.05,377.0
"2025-03-04 00:00:00",DL,14,122,-19.0,-7.03,-4.01,0.99,25.79,658.0
"2025-03-04 00:00:00",AA,17,105,-16.0,-5.0,0.99,47.0,190.59,949.0
"2025-03-04 00:00:00",WN,15,226,-15.0,-5.0,-0.99,7.92,36.97,275.0
"2025-03-04 00:00:00",UA,22,25,-16.0,-7.92,-5.99,-1.99,0.99,24.0
"2025-03-04 00:00:00",AA,23,20,-19.0,-10.91,-7.92,-1.99,7.92,79.0
"2025-03-04 00:00:00",UA,9,133,-16.0,-7.92,-4.01,0.99,17.99,426.0
"2025-03-04 00:00:00",WN,8,237,-11.0,-5.99,-2.97,0.0,5.0,350.0
"2025-03-04 00:00:00",AA,7,161,-18.0,-7.92,-5.0,-1.99,22.88,83.0
"2025-03-05 00:00:00",AA,8,177,-12.0,-5.0,-1.99,4.01,41.68,285.0
"2025-03-05 00:00:00",AA,17,151,-12.0,-4.01,0.0,26.84,79.05,379.0
"2025-03-05 00:00:00",AA,23,23,-12.0,-5.0,-0.99,5.99,19.11,63.0
"2025-03-05 00:00:00",UA,15,91,-18.0,-5.0,-0.99,13.07,49.9,279.0
"2025-03-05 00:00:00",DL,1,2,-6.0,-5.99,-5.99,-5.99,-5.99,0.0
"2025-03-05 00:00:00",DL,14,121,-14.0,-5.0,1.99,34.82,89.13,538.0
"2025-03-05 00:00:00",WN,8,227,-11.0,-5.0,-2.97,0.0,10.07,216.0
"2025-03-05 00:00:00",WN,13,235,-10.0,-2.97,0.99,15.03,43.38,161.0
"2025-03-05 00:00:00",UA,9,133,-15.0,-5.99,-4.01,0.0,7.92,88.0
"2025-03-05 00:00:00",UA,11,124,-16.0,-5.99,-1.99,0.0,19.11,218.0
"2025-03-05 00:00:00",AA,13,139,-14.0,-4.01,0.0,16.95,44.26,446.0
"2025-03-05 00:00:00",AA,11,155,-12.0,-5.0,-1.99,10.07,37.72,178.0
"2025-03-05 00:00:00",UA,5,27,-13.0,-7.92,-5.0,-2.97,15.96,75.0
"2025-03-05 00:00:00",WN,20,164,-10.0,-2.97,1.99,21.12,47.95,216.0
"2025-03-05 00:00:00",AA,7,162,-15.0,-5.99,-4.01,0.0,58.56,193.0
"2025-03-05 00:00:00",UA,22,32,-17.0,-5.99,-4.01,-0.99,4.01,60.0
"2025-03-05 00:00:00",UA,1,1,1.0,1.0,1.0,1.0,1.0,1.0
"2025-03-05 00:00:00",AA,18,152,-14.0,-5.0,0.99,21.98,87.37,387.0
"2025-03-05 00:00:00",UA,19,124,-19.0,-4.01,1.99,15.03,66.03,197.0
"2025-03-05 00:00:00",DL,5,69,-13.0,-7.92,-5.99,0.99,41.68,740.0
"2025-03-05 00:00:00",WN,15,226,-11.0,-2.97,0.99,15.03,40.05,241.0
"2025-03-05 00:00:00",UA,14,123,-14.0,-5.99,-1.99,10.07,36.24,252.0
"2025-03-06 00:00:00",UA,5,39,-11.0,-7.92,-5.0,-4.01,1.99,259.0
"2025-03-06 00:00:00",WN,8,252,-12.0,-4.01,-1.99,1.99,15.03,166.0
"2025-03-06 00:00:00",UA,9,131,-16.0,-7.03,-5.0,-0.99,10.07,87.0
"2025-03-06 00:00:00",AA,18,171,-19.0,-4.01,-0.99,12.06,36.24,379.0
"2025-03-06 00:00:00",AA,7,206,-13.0,-5.99,-4.01,-0.99,5.0,725.0
"2025-03-06 00:00:00",DL,1,2,-12.0,-12.0,-12.0,-12.0,-12.0,-11.0
"2025-03-06 00:00:00",WN,13,233,-10.0,-1.99,1.99,15.03,34.82,567.0
"2025-03-06 00:00:00",UA,15,93,-18.0,-5.0,-1.99,2.97,19.11,233.0
"2025-03-06 00:00:00",DL,14,137,-15.0,-5.99,-1.99,5.0,25.79,425.0
"2025-03-06 00:00:00",AA,13,142,-15.0,-5.0,-1.99,4.01,17.99,284.0
"2025-03-06 00:00:00",UA,14,132,-15.0,-7.03,-4.01,1.99,15.96,246.0
"2025-03-06 00:00:00",WN,15,212,-10.0,-1.99,2.97,19.89,36.97,278.0
"2025-03-06 00:00:00",AA,23,32,-14.0,-5.99,-1.99,5.99,22.88,72.0
"2025-03-06 00:00:00",AA,8,198,-12.0,-5.99,-4.01,-0.99,5.99,739.0
"2025-03-06 00:00:00",UA,11,125,-13.0,-7.03,-4.01,0.0,10.07,111.0
"2025-03-06 00:00:00",UA,19,129,-18.0,-5.99,-0.99,7.92,24.78,240.0
"2025-03-06 00:00:00",UA,22,36,-12.0,-5.99,-1.99,7.03,25.79,96.0
"2025-03-06 00:00:00",DL,5,69,-13.0,-7.03,-5.0,-1.99,5.0,68.0
"2025-03-06 00:00:00",UA,1,2,-8.0,-7.92,-7.92,-7.92,-7.92,105.0
"2025-03-06 00:00:00",AA,17,151,-14.0,-4.01,-0.99,12.06,41.68,888.0
"2025-03-06 00:00:00",AA,11,168,-17.0,-5.99,-1.99,2.97,16.95,1749.0
"2025-03-06 00:00:00",WN,20,280,-14.0,-4.01,2.97,19.11,49.9,208.0
"2025-03-07 00:00:00",UA,14,135,-12.0,-5.0,-0.99,15.96,39.25,207.0
"2025-03-07 00:00:00",AA,18,174,-15.0,-4.01,0.0,21.12,68.72,257.0
"2025-03-07 00:00:00",UA,1,2,-1.0,-0.99,-0.99,-0.99,-0.99,34.0
"2025-03-07 00:00:00",UA,5,39,-11.0,-7.92,-5.0,-1.99,15.03,197.0
"2025-03-07 00:00:00",WN,15,214,-9.0,-1.99,7.03,39.25,74.45,312.0
"2025-03-07 00:00:00",UA,19,135,-21.0,-5.99,0.0,8.94,32.14,116.0
"2025-03-07 00:00:00",UA,22,33,-12.0,-7.03,-1.99,7.03,21.12,94.0
"2025-03-07 00:00:00",AA,17,152,-12.0,-5.0,-1.99,7.03,45.15,374.0
"2025-03-07 00:00:00",AA,23,32,-12.0,-5.0,-1.99,4.01,15.96,98.0
"2025-03-07 00:00:00",UA,15,90,-15.0,-5.99,-0.99,7.92,48.91,164.0
"2025-03-07 00:00:00",WN,20,280,-15.0,-1.99,7.03,32.14,70.11,162.0
"2025-03-07 00:00:00",AA,11,166,-11.0,-5.0,-1.99,4.01,19.89,111.0
"2025-03-07 00:00:00",UA,11,126,-16.0,-5.99,-1.99,2.97,21.98,170.0
"2025-03-07 00:00:00",AA,8,198,-15.0,-5.0,-2.97,0.99,19.89,160.0
"2025-03-07 00:00:00",DL,1,2,-10.0,-10.0,-10.0,-10.0,-10.0,-9.0
"2025-03-07 00:00:00",AA,13,141,-18.0,-5.0,-0.99,10.91,26.84,526.0
"2025-03-07 00:00:00",WN,8,252,-11.0,-4.01,-1.99,2.97,29.08,200.0
"2025-03-07 00:00:00",WN,13,236,-12.0,-1.99,5.0,25.79,50.91,336.0
"2025-03-07 00:00:00",DL,14,138,-16.0,-5.99,-4.01,5.0,30.88,133.0
"2025-03-07 00:00:00",DL,5,69,-15.0,-8.94,-5.99,-1.99,1.99,47.0
"2025-03-07 00:00:00",UA,9,131,-15.0,-5.99,-2.97,5.0,17.99,137.0
"2025-03-07 00:00:00",AA,7,213,-13.0,-5.99,-4.01,-0.99,16.95,427.0
