"2025-01-01 00:00:00",AA,0,13,-11.0,-5.0,0.0,21.12,25.79,45.0
"2025-01-01 00:00:00",UA,0,7,-7.0,-5.0,-2.97,1.99,5.99,85.0
"2025-01-01 00:00:00",DL,8,160,-19.0,-5.99,-4.01,0.99,30.27,191.0
"2025-01-01 00:00:00",UA,10,109,-10.0,-4.01,-0.99,8.94,22.88,86.0
"2025-01-01 00:00:00",UA,18,146,-14.0,-5.99,-1.99,7.03,30.88,248.0
"2025-01-01 00:00:00",WN,18,251,-13.0,-2.97,2.97,13.07,29.08,205.0
"2025-01-01 00:00:00",AA,10,131,-11.0,-5.0,-4.01,0.0,12.06,1559.0
"2025-01-01 00:00:00",WN,19,217,-14.0,-4.01,0.0,13.07,36.24,108.0
"2025-01-01 00:00:00",DL,19,76,-10.0,-5.0,-2.97,0.99,5.99,48.0
"2025-01-01 00:00:00",UA,8,169,-14.0,-5.99,-2.97,0.99,12.06,71.0
"2025-01-01 00:00:00",WN,11,241,-10.0,-2.97,0.0,4.01,15.96,119.0
"2025-01-01 00:00:00",UA,21,57,-10.0,-5.0,-1.99,12.06,30.88,99.0
"2025-01-01 00:00:00",AA,22,83,-12.0,-5.99,-4.01,4.01,13.87,422.0
"2025-01-01 00:00:00",AA,12,132,-11.0,-5.0,-1.99,7.92,23.81,339.0
"2025-01-01 00:00:00",UA,23,48,-10.0,-7.03,-4.01,1.99,13.07,61.0
"2025-01-01 00:00:00",DL,7,190,-19.0,-5.99,-4.01,-0.99,15.96,339.0
"2025-01-01 00:00:00",DL,9,109,-16.0,-5.0,-2.97,0.99,10.91,243.0
"2025-01-01 00:00:00",DL,12,141,-20.0,-7.03,-2.97,4.01,32.79,184.0
"2025-01-01 00:00:00",UA,12,112,-11.0,-5.0,-2.97,2.97,22.88,153.0
"2025-01-01 00:00:00",DL,10,127,-16.0,-7.03,-4.01,0.0,15.96,214.0
"2025-01-01 00:00:00",WN,16,251,-12.0,-2.97,0.99,13.07,25.79,88.0
"2025-01-01 00:00:00",DL,18,83,-16.0,-5.99,-2.97,2.97,15.96,319.0
"2025-01-02 00:00:00",UA,0,9,-9.0,-7.03,-1.99,19.11,19.89,98.0
"2025-01-02 00:00:00",AA,10,145,-13.0,-5.99,-2.97,2.97,21.12,198.0
"2025-01-02 00:00:00",UA,18,146,-14.0,-5.0,0.0,10.91,44.26,282.0
"2025-01-02 00:00:00",UA,21,56,-12.0,-5.0,-0.99,15.03,51.94,729.0
"2025-01-02 00:00:00",UA,23,49,-10.0,-4.01,-0.99,10.07,30.27,108.0
"2025-01-02 00:00:00",AA,22,91,-12.0,-5.0,1.99,17.99,40.86,811.0
"2025-01-02 00:00:00",WN,18,241,-14.0,-2.97,1.99,15.03,36.24,112.0
"2025-01-02 00:00:00",DL,19,138,-20.0,-7.03,0.0,15.03,27.94,59.0
"2025-01-02 00:00:00",WN,19,201,-15.0,-4.01,0.99,15.03,34.13,251.0
"2025-01-02 00:00:00",WN,11,223,-8.0,-4.01,-0.99,5.0,22.88,239.0
"2025-01-02 00:00:00",UA,12,116,-15.0,-5.99,-2.97,0.99,12.06,76.0
"2025-01-02 00:00:00",DL,12,160,-16.0,-5.99,-1.99,12.06,37.72,174.0
"2025-01-02 00:00:00",DL,18,162,-20.0,-7.03,-2.97,10.07,32.79,947.0
"2025-01-02 00:00:00",WN,16,225,-10.0,-1.99,2.97,13.07,32.79,204.0
"2025-01-02 00:00:00",AA,12,139,-12.0,-5.0,-1.99,5.99,30.27,314.0
"2025-01-02 00:00:00",AA,0,16,-8.0,-5.99,-4.01,0.99,4.01,30.0
"2025-01-02 00:00:00",DL,9,125,-13.0,-5.0,-4.01,1.99,25.79,116.0
"2025-01-02 00:00:00",UA,10,110,-12.0,-5.99,-2.97,1.99,16.95,215.0
"2025-01-02 00:00:00",DL,8,167,-14.0,-5.99,-4.01,0.0,12.06,158.0
"2025-01-02 00:00:00",UA,8,173,-12.0,-5.0,-1.99,1.99,15.96,399.0
"2025-01-02 00:00:00",DL,10,142,-18.0,-5.99,-2.97,2.97,27.94,214.0
"2025-01-02 00:00:00",DL,7,225,-15.0,-5.99,-2.97,0.99,13.87,170.0
