"2025-02-24 00:00:00",WN,5,98,-9.0,-5.99,-4.01,-0.99,2.97,31.0
"2025-02-24 00:00:00",AA,14,151,-15.0,-5.0,-1.99,5.0,27.94,140.0
"2025-02-24 00:00:00",WN,10,233,-10.0,-4.01,-0.99,1.99,12.06,99.0
"2025-02-24 00:00:00",WN,14,225,-12.0,-5.0,-1.99,4.01,15.96,123.0
"2025-02-24 00:00:00",UA,6,124,-18.0,-8.94,-5.99,-2.97,1.99,58.0
"2025-02-24 00:00:00",WN,12,230,-13.0,-5.0,-0.99,7.03,17.99,246.0
"2025-02-24 00:00:00",UA,7,199,-13.0,-7.03,-5.0,-1.99,1.99,195.0
"2025-02-24 00:00:00",WN,7,214,-11.0,-5.0,-2.97,-0.99,4.01,115.0
"2025-02-24 00:00:00",WN,6,305,-12.0,-5.0,-4.01,-0.99,0.99,601.0
"2025-02-24 00:00:00",DL,20,102,-15.0,-5.99,-1.99,5.99,23.81,66.0
"2025-02-24 00:00:00",AA,16,147,-15.0,-5.0,-1.99,10.07,37.72,1472.0
"2025-02-24 00:00:00",WN,22,5,-9.0,-7.92,-5.99,-2.97,-2.97,7.0
"2025-02-24 00:00:00",WN,23,2,-13.0,-13.0,-13.0,-13.0,-13.0,0.0
"2025-02-24 00:00:00",DL,17,173,-20.0,-7.03,-5.0,5.0,24.78,302.0
"2025-02-24 00:00:00",DL,22,93,-18.0,-7.03,-4.01,0.99,15.03,51.0
"2025-02-24 00:00:00",UA,20,79,-21.0,-7.92,-5.0,0.0,15.03,238.0
"2025-02-24 00:00:00",UA,17,147,-15.0,-7.92,-5.0,0.0,13.87,349.0
"2025-02-24 00:00:00",AA,15,123,-11.0,-4.01,0.99,15.03,34.82,367.0
"2025-02-24 00:00:00",DL,0,5,-13.0,-12.06,-10.91,1.99,1.99,2.0
"2025-02-25 00:00:00",UA,17,137,-15.0,-7.03,-4.01,5.0,16.95,115.0
"2025-02-25 00:00:00",UA,6,118,-18.0,-10.07,-7.03,-4.01,0.0,46.0
"2025-02-25 00:00:00",DL,17,167,-17.0,-10.07,-5.99,-1.99,10.07,204.0
"2025-02-25 00:00:00",DL,0,4,-15.0,-15.0,-7.92,-7.03,-7.03,-7.0
"2025-02-25 00:00:00",WN,5,29,-9.0,-5.99,-4.01,-1.99,5.0,69.0
"2025-02-25 00:00:00",WN,12,183,-14.0,-5.0,-2.97,0.0,12.06,92.0
"2025-02-25 00:00:00",WN,6,221,-12.0,-5.99,-4.01,-1.99,0.99,36.0
"2025-02-25 00:00:00",WN,10,202,-14.0,-5.0,-2.97,-0.99,7.03,80.0
"2025-02-25 00:00:00",UA,7,179,-16.0,-7.92,-5.99,-2.97,0.99,97.0
"2025-02-25 00:00:00",WN,7,191,-13.0,-5.99,-4.01,-1.99,1.99,43.0
"2025-02-25 00:00:00",WN,23,2,-6.0,-5.99,-5.99,-5.99,-5.99,-5.0
"2025-02-25 00:00:00",AA,14,149,-13.0,-5.99,-4.01,1.99,23.81,416.0
"2025-02-25 00:00:00",AA,16,146,-14.0,-7.03,-2.97,1.99,16.95,292.0
"2025-02-25 00:00:00",DL,20,74,-19.0,-8.94,-4.01,0.0,13.07,62.0
"2025-02-25 00:00:00",WN,22,2,-3.0,-2.97,-2.97,-2.97,-2.97,-1.0
"2025-02-25 00:00:00",WN,14,220,-13.0,-5.99,-1.99,0.0,12.06,284.0
"2025-02-25 00:00:00",AA,15,119,-15.0,-7.03,-2.97,2.97,21.12,959.0
"2025-02-25 00:00:00",UA,20,64,-12.0,-7.03,-5.0,-0.99,8.94,117.0
"2025-02-25 00:00:00",DL,22,85,-19.0,-7.92,-4.01,-1.99,4.01,39.0
"2025-02-26 00:00:00",AA,15,118,-17.0,-5.99,-1.99,4.01,24.78,1963.0
"2025-02-26 00:00:00",WN,12,182,-10.0,-5.0,-2.97,0.0,10.91,103.0
"2025-02-26 00:00:00",WN,23,2,-5.0,-5.0,-5.0,-5.0,-5.0,-5.0
"2025-02-26 00:00:00",AA,16,145,-14.0,-7.03,-4.01,0.99,17.99,1766.0
"2025-02-26 00:00:00",WN,5,30,-10.0,-7.03,-4.01,-1.99,0.99,8.0
"2025-02-26 00:00:00",UA,17,140,-14.0,-5.99,-4.01,-0.99,10.07,228.0
"2025-02-26 00:00:00",DL,17,169,-20.0,-8.94,-5.0,0.0,15.96,139.0
"2025-02-26 00:00:00",WN,22,2,0.0,0.0,0.0,0.0,0.0,1.0
"2025-02-26 00:00:00",AA,14,146,-14.0,-5.99,-2.97,2.97,21.98,233.0
"2025-02-26 00:00:00",WN,14,218,-12.0,-5.0,-1.99,5.0,19.11,133.0
"2025-02-26 00:00:00",UA,6,120,-16.0,-8.94,-7.03,-4.01,0.99,85.0
"2025-02-26 00:00:00",WN,10,200,-13.0,-5.0,-2.97,0.0,7.92,128.0
"2025-02-26 00:00:00",UA,7,177,-17.0,-7.92,-5.99,-4.01,-0.99,315.0
"2025-02-26 00:00:00",WN,6,223,-13.0,-5.99,-5.0,-1.99,0.0,146.0
"2025-02-26 00:00:00",WN,7,191,-11.0,-5.99,-5.0,-1.99,0.0,72.0
"2025-02-26 00:00:00",UA,20,78,-14.0,-7.03,-5.0,-0.99,17.99,173.0
"2025-02-26 00:00:00",DL,20,75,-18.0,-7.92,-4.01,1.99,21.12,128.0
"2025-02-26 00:00:00",DL,22,86,-15.0,-7.92,-5.0,0.0,19.11,567.0
"2025-02-26 00:00:00",DL,0,2,-10.0,-10.0,-10.0,-10.0,-10.0,-7.0
