"2025-04-14 00:00:00",UA,6,136,-15.0,-8.94,-5.99,-4.01,0.0,58.0
"2025-04-14 00:00:00",AA,16,151,-20.0,-5.0,-1.99,15.03,71.53,271.0
"2025-04-14 00:00:00",DL,20,118,-18.0,-7.03,-4.01,8.94,41.68,200.0
"2025-04-14 00:00:00",WN,12,237,-11.0,-4.01,0.99,8.94,23.81,266.0
"2025-04-14 00:00:00",UA,20,80,-20.0,-7.03,-4.01,2.97,19.89,155.0
"2025-04-14 00:00:00",WN,6,282,-11.0,-5.0,-4.01,-0.99,1.99,210.0
"2025-04-14 00:00:00",AA,14,151,-15.0,-5.0,-1.99,2.97,43.38,317.0
"2025-04-14 00:00:00",WN,14,227,-11.0,-2.97,1.99,13.87,40.05,114.0
"2025-04-14 00:00:00",WN,7,277,-11.0,-5.0,-2.97,0.0,7.03,99.0
"2025-04-14 00:00:00",UA,7,201,-16.0,-7.92,-5.0,-1.99,2.97,430.0
"2025-04-14 00:00:00",WN,10,238,-10.0,-4.01,-0.99,5.0,13.87,295.0
"2025-04-14 00:00:00",DL,17,184,-15.0,-7.03,-4.01,4.01,13.87,426.0
"2025-04-14 00:00:00",WN,22,16,-12.0,-5.99,-0.99,4.01,15.03,23.0
"2025-04-14 00:00:00",WN,23,6,-6.0,-5.99,-4.01,-2.97,0.99,1.0
"2025-04-14 00:00:00",AA,15,143,-14.0,-5.99,-2.97,5.0,40.86,229.0
"2025-04-14 00:00:00",DL,22,114,-15.0,-7.03,-5.0,0.0,19.11,542.0
"2025-04-14 00:00:00",UA,17,135,-17.0,-7.03,-4.01,-0.99,10.07,122.0
"2025-04-14 00:00:00",WN,5,213,-10.0,-5.99,-4.01,-1.99,0.99,277.0
"2025-04-14 00:00:00",DL,0,7,-14.0,-13.87,-7.92,-2.97,5.0,10.0
"2025-04-15 00:00:00",AA,14,143,-15.0,-7.03,-2.97,0.99,21.98,207.0
"2025-04-15 00:00:00",WN,10,255,-13.0,-5.99,-2.97,0.0,7.03,180.0
"2025-04-15 00:00:00",WN,14,220,-10.0,-5.99,-2.97,1.99,19.11,222.0
"2025-04-15 00:00:00",UA,7,190,-15.0,-8.94,-5.99,-2.97,0.99,129.0
"2025-04-15 00:00:00",UA,17,128,-13.0,-7.92,-4.01,7.03,27.94,167.0
"2025-04-15 00:00:00",WN,12,218,-14.0,-5.99,-2.97,0.99,8.94,239.0
"2025-04-15 00:00:00",WN,5,91,-10.0,-5.99,-5.0,-2.97,-1.99,148.0
"2025-04-15 00:00:00",AA,15,138,-15.0,-7.03,-2.97,7.03,34.82,169.0
"2025-04-15 00:00:00",AA,16,142,-15.0,-5.99,-2.97,0.99,21.12,366.0
"2025-04-15 00:00:00",DL,17,176,-27.0,-8.94,-5.99,0.0,17.99,159.0
"2025-04-15 00:00:00",WN,7,230,-13.0,-5.99,-4.01,-1.99,0.0,97.0
"2025-04-15 00:00:00",UA,6,126,-15.0,-8.94,-5.99,-4.01,0.0,72.0
"2025-04-15 00:00:00",WN,6,292,-15.0,-5.99,-5.0,-1.99,0.0,222.0
"2025-04-15 00:00:00",WN,22,7,-14.0,-10.91,-7.92,-4.01,-0.99,0.0
"2025-04-15 00:00:00",DL,20,96,-20.0,-7.03,-5.0,-0.99,34.13,667.0
"2025-04-15 00:00:00",DL,0,8,-23.0,-15.96,-10.91,10.91,16.95,64.0
"2025-04-15 00:00:00",UA,20,76,-16.0,-7.03,-4.01,15.03,34.13,78.0
"2025-04-15 00:00:00",WN,23,6,-10.0,-8.94,-5.99,-4.01,0.0,17.0
"2025-04-15 00:00:00",DL,22,106,-13.0,-7.92,-5.0,-1.99,7.03,105.0
"2025-04-16 00:00:00",WN,10,256,-10.0,-5.0,-1.99,1.99,10.07,94.0
"2025-04-16 00:00:00",AA,16,151,-12.0,-5.99,-2.97,2.97,55.15,371.0
"2025-04-16 00:00:00",DL,17,176,-19.0,-7.03,-1.99,7.03,46.07,184.0
"2025-04-16 00:00:00",UA,17,134,-14.0,-5.0,-1.99,7.92,36.24,345.0
"2025-04-16 00:00:00",WN,6,292,-12.0,-5.99,-4.01,-1.99,0.0,40.0
"2025-04-16 00:00:00",DL,0,4,-11.0,-10.91,-10.07,-10.07,-10.07,95.0
"2025-04-16 00:00:00",WN,12,218,-12.0,-5.0,-1.99,0.99,10.07,91.0
"2025-04-16 00:00:00",WN,14,220,-14.0,-4.01,-0.99,4.01,15.96,105.0
"2025-04-16 00:00:00",AA,15,140,-13.0,-5.99,-1.99,13.87,50.91,888.0
"2025-04-16 00:00:00",AA,14,147,-14.0,-5.0,-1.99,5.0,34.13,283.0
"2025-04-16 00:00:00",UA,20,82,-23.0,-7.92,-1.99,13.07,50.91,147.0
"2025-04-16 00:00:00",DL,20,99,-16.0,-7.03,-4.01,0.0,25.79,151.0
"2025-04-16 00:00:00",DL,22,107,-15.0,-7.03,-4.01,0.99,8.94,77.0
"2025-04-16 00:00:00",WN,22,7,-10.0,-5.0,-4.01,0.0,5.0,6.0
"2025-04-16 00:00:00",WN,23,6,-5.0,-4.01,-4.01,-1.99,0.99,14.0
"2025-04-16 00:00:00",UA,7,192,-18.0,-7.92,-5.99,-2.97,0.99,376.0
"2025-04-16 00:00:00",WN,7,231,-14.0,-5.99,-4.01,-1.99,0.0,117.0
"2025-04-16 00:00:00",UA,6,127,-16.0,-8.94,-7.03,-4.01,-0.99,221.0
"2025-04-16 00:00:00",WN,5,91,-11.0,-5.0,-4.01,-1.99,0.0,46.0
"2025-04-17 00:00:00",DL,22,115,-14.0,-5.0,-0.99,7.92,36.24,108.0
"2025-04-17 00:00:00",WN,5,212,-11.0,-5.0,-2.97,-1.99,0.99,105.0
"2025-04-17 00:00:00",UA,6,132,-17.0,-8.94,-7.03,-4.01,0.0,462.0
"2025-04-17 00:00:00",WN,6,281,-13.0,-5.99,-4.01,-0.99,0.99,118.0
"2025-04-17 00:00:00",UA,7,201,-13.0,-7.92,-5.99,-2.97,1.99,87.0
"2025-04-17 00:00:00",WN,7,276,-11.0,-5.0,-2.97,0.0,7.92,154.0
"2025-04-17 00:00:00",WN,10,236,-13.0,-4.01,-1.99,4.01,15.96,95.0
"2025-04-17 00:00:00",WN,12,234,-12.0,-2.97,0.0,10.91,25.79,235.0
"2025-04-17 00:00:00",WN,14,228,-11.0,-1.99,4.01,19.11,45.15,240.0
"2025-04-17 00:00:00",AA,15,143,-15.0,-4.01,0.0,16.95,50.91,423.0
"2025-04-17 00:00:00",AA,16,149,-21.0,-4.01,-0.99,7.92,34.82,389.0
"2025-04-17 00:00:00",DL,17,184,-14.0,-4.01,0.0,15.96,39.25,297.0
"2025-04-17 00:00:00",DL,20,122,-14.0,-4.01,-0.99,12.06,40.05,220.0
"2025-04-17 00:00:00",UA,20,82,-7.0,-1.99,7.03,32.79,72.97,130.0
"2025-04-17 00:00:00",WN,22,16,-5.0,5.0,15.03,21.98,47.0,67.0
"2025-04-17 00:00:00",DL,0,5,-17.0,-7.92,-4.01,-2.97,-2.97,9.0
"2025-04-17 00:00:00",WN,23,6,-3.0,0.0,0.99,4.01,10.07,22.0
"2025-04-17 00:00:00",UA,17,135,-11.0,-2.97,2.97,25.79,62.18,280.0
"2025-04-17 00:00:00",AA,14,150,-15.0,-4.01,-0.99,10.91,47.95,334.0
