"2025-04-26 00:00:00",DL,18,146,-19.0,-7.03,-2.97,5.99,29.08,902.0
"2025-04-26 00:00:00",AA,0,9,-9.0,-7.92,-5.0,5.0,41.68,66.0
"2025-04-26 00:00:00",WN,11,200,-13.0,-4.01,0.0,8.94,24.78,216.0
"2025-04-26 00:00:00",UA,8,154,-13.0,-7.03,-4.01,-1.99,7.03,138.0
"2025-04-26 00:00:00",UA,23,33,-11.0,-7.03,-1.99,8.94,83.94,932.0
"2025-04-26 00:00:00",WN,19,159,-15.0,-5.99,0.0,13.07,48.91,158.0
"2025-04-26 00:00:00",UA,10,111,-13.0,-5.99,-2.97,13.87,58.56,262.0
"2025-04-26 00:00:00",DL,9,143,-15.0,-7.03,-5.0,-0.99,19.11,180.0
"2025-04-26 00:00:00",DL,19,96,-18.0,-7.92,-4.01,1.99,32.14,340.0
"2025-04-26 00:00:00",DL,10,129,-15.0,-7.03,-2.97,0.0,8.94,108.0
"2025-04-26 00:00:00",UA,21,43,-13.0,-5.99,5.99,63.44,113.31,718.0
"2025-04-26 00:00:00",AA,10,142,-16.0,-5.0,-2.97,0.99,15.96,457.0
"2025-04-26 00:00:00",DL,7,216,-16.0,-7.92,-5.0,-0.99,5.99,412.0
"2025-04-26 00:00:00",DL,8,179,-15.0,-7.03,-5.0,-1.99,7.03,371.0
"2025-04-26 00:00:00",DL,12,165,-18.0,-5.99,-2.97,0.0,19.11,196.0
"2025-04-26 00:00:00",AA,22,79,-13.0,-5.99,-2.97,7.03,26.84,494.0
"2025-04-26 00:00:00",WN,18,261,-15.0,-4.01,0.99,16.95,43.38,219.0
"2025-04-26 00:00:00",UA,12,112,-16.0,-5.99,-2.97,0.0,36.97,592.0
"2025-04-26 00:00:00",UA,0,8,-9.0,-7.92,-5.99,0.0,15.03,33.0
"2025-04-26 00:00:00",UA,18,117,-20.0,-5.99,0.0,13.87,108.86,996.0
"2025-04-26 00:00:00",WN,16,232,-13.0,-5.0,0.99,15.03,40.05,177.0
"2025-04-26 00:00:00",AA,12,132,-15.0,-5.99,-1.99,1.99,19.89,461.0
"2025-04-27 00:00:00",DL,10,161,-18.0,-7.03,-5.0,-1.99,4.01,188.0
"2025-04-27 00:00:00",AA,10,159,-14.0,-5.0,-1.99,4.01,32.79,155.0
"2025-04-27 00:00:00",DL,7,250,-14.0,-7.03,-4.01,0.0,7.92,204.0
"2025-04-27 00:00:00",WN,19,244,-10.0,0.0,10.07,32.14,47.0,164.0
"2025-04-27 00:00:00",UA,10,127,-13.0,-5.99,-2.97,1.99,21.12,94.0
"2025-04-27 00:00:00",DL,18,178,-17.0,-5.0,-1.99,7.03,36.24,200.0
"2025-04-27 00:00:00",DL,9,142,-12.0,-7.03,-5.0,-0.99,10.07,139.0
"2025-04-27 00:00:00",UA,18,141,-14.0,-5.0,-1.99,10.91,64.72,248.0
"2025-04-27 00:00:00",DL,12,186,-14.0,-7.03,-4.01,0.0,10.91,130.0
"2025-04-27 00:00:00",WN,18,245,-9.0,-0.99,8.94,26.84,48.91,139.0
"2025-04-27 00:00:00",WN,16,233,-12.0,0.0,7.03,22.88,36.24,372.0
"2025-04-27 00:00:00",UA,12,118,-11.0,-5.0,-2.97,2.97,21.12,199.0
"2025-04-27 00:00:00",DL,19,180,-18.0,-5.99,-0.99,10.91,34.13,327.0
"2025-04-27 00:00:00",AA,12,150,-16.0,-5.0,-1.99,8.94,47.95,160.0
"2025-04-27 00:00:00",DL,8,198,-14.0,-5.99,-4.01,-0.99,7.03,97.0
"2025-04-27 00:00:00",UA,8,161,-15.0,-7.03,-4.01,-1.99,10.07,181.0
"2025-04-27 00:00:00",WN,11,213,-11.0,-2.97,0.0,7.92,19.11,89.0
"2025-04-27 00:00:00",AA,0,9,-8.0,-5.0,0.99,4.01,5.99,8.0
"2025-04-27 00:00:00",UA,0,7,-7.0,-5.99,-0.99,29.08,127.75,133.0
"2025-04-27 00:00:00",UA,21,62,-11.0,-5.0,-1.99,15.03,50.91,166.0
"2025-04-27 00:00:00",AA,22,114,-9.0,-4.01,0.0,7.92,34.82,178.0
"2025-04-27 00:00:00",UA,23,35,-10.0,-5.99,-5.0,-1.99,4.01,120.0
"2025-04-28 00:00:00",WN,19,252,-13.0,-4.01,0.99,13.87,34.82,158.0
"2025-04-28 00:00:00",AA,10,159,-13.0,-5.0,-2.97,0.99,26.84,190.0
"2025-04-28 00:00:00",UA,18,132,-12.0,-5.99,-1.99,10.07,48.91,293.0
"2025-04-28 00:00:00",AA,22,116,-18.0,-5.0,-1.99,12.06,45.15,1080.0
"2025-04-28 00:00:00",UA,21,50,-11.0,-5.0,-2.97,0.99,62.18,170.0
"2025-04-28 00:00:00",DL,12,185,-14.0,-7.03,-4.01,0.0,13.07,112.0
"2025-04-28 00:00:00",AA,0,9,-11.0,-7.03,-4.01,-2.97,-1.99,1.0
"2025-04-28 00:00:00",UA,0,8,-10.0,-5.0,4.01,29.08,29.08,46.0
"2025-04-28 00:00:00",DL,9,136,-15.0,-5.99,-4.01,-0.99,5.99,108.0
"2025-04-28 00:00:00",DL,18,176,-16.0,-7.03,-2.97,7.03,36.24,1021.0
"2025-04-28 00:00:00",AA,12,148,-19.0,-5.0,-1.99,5.0,21.12,466.0
"2025-04-28 00:00:00",WN,18,274,-14.0,-2.97,0.99,12.06,40.05,139.0
"2025-04-28 00:00:00",DL,19,176,-24.0,-7.92,-2.97,4.01,30.27,694.0
"2025-04-28 00:00:00",DL,7,242,-15.0,-7.92,-5.0,-0.99,7.03,346.0
"2025-04-28 00:00:00",UA,23,33,-13.0,-7.03,-4.01,8.94,21.98,61.0
"2025-04-28 00:00:00",UA,12,118,-11.0,-5.99,-2.97,0.99,17.99,402.0
"2025-04-28 00:00:00",DL,8,198,-14.0,-5.99,-5.0,-0.99,5.0,341.0
"2025-04-28 00:00:00",WN,16,228,-11.0,-1.99,4.01,15.03,32.14,158.0
"2025-04-28 00:00:00",WN,11,242,-9.0,-4.01,0.99,7.92,25.79,364.0
"2025-04-28 00:00:00",UA,10,126,-13.0,-7.03,-4.01,0.0,8.94,161.0
"2025-04-28 00:00:00",UA,8,158,-16.0,-7.03,-4.01,-1.99,4.01,125.0
"2025-04-28 00:00:00",DL,10,162,-15.0,-7.03,-5.0,0.0,8.94,119.0
"2025-04-29 00:00:00",UA,10,127,-19.0,-7.03,-4.01,-0.99,5.0,148.0
"2025-04-29 00:00:00",UA,21,38,-15.0,-8.94,-4.01,5.0,10.07,53.0
"2025-04-29 00:00:00",WN,16,226,-11.0,-5.0,-0.99,7.03,23.81,94.0
"2025-04-29 00:00:00",UA,23,31,-14.0,-7.92,-5.99,-0.99,51.94,117.0
"2025-04-29 00:00:00",AA,0,9,-12.0,-5.99,0.0,17.99,19.89,77.0
"2025-04-29 00:00:00",AA,22,103,-15.0,-7.03,-4.01,0.0,29.08,95.0
"2025-04-29 00:00:00",WN,11,226,-12.0,-5.0,-1.99,4.01,13.87,303.0
"2025-04-29 00:00:00",AA,12,143,-16.0,-7.03,-4.01,4.01,22.88,400.0
"2025-04-29 00:00:00",WN,19,245,-15.0,-5.99,-1.99,12.06,48.91,190.0
"2025-04-29 00:00:00",UA,8,159,-15.0,-8.94,-5.99,-1.99,1.99,173.0
"2025-04-29 00:00:00",UA,12,119,-13.0,-7.03,-4.01,-1.99,0.99,306.0
"2025-04-29 00:00:00",UA,0,8,-16.0,-10.07,-8.94,-5.0,1.99,4.0
"2025-04-29 00:00:00",DL,10,158,-15.0,-8.94,-5.99,-2.97,5.0,111.0
"2025-04-29 00:00:00",DL,8,194,-15.0,-7.92,-5.99,-1.99,17.99,253.0
"2025-04-29 00:00:00",UA,18,118,-13.0,-5.99,-2.97,5.99,26.84,261.0
"2025-04-29 00:00:00",DL,7,240,-20.0,-8.94,-5.99,-1.99,0.99,191.0
"2025-04-29 00:00:00",DL,12,182,-15.0,-7.03,-5.0,-0.99,8.94,237.0
"2025-04-29 00:00:00",DL,19,129,-20.0,-8.94,-4.01,2.97,16.95,65.0
"2025-04-29 00:00:00",DL,18,166,-21.0,-7.03,-4.01,1.99,23.81,241.0
"2025-04-29 00:00:00",DL,9,139,-17.0,-7.92,-5.0,-0.99,5.99,515.0
"2025-04-29 00:00:00",AA,10,151,-15.0,-7.03,-4.01,-0.99,10.07,132.0
"2025-04-29 00:00:00",WN,18,253,-15.0,-5.99,-1.99,2.97,19.89,178.0
"2025-04-30 00:00:00",UA,18,131,-14.0,-5.0,-0.99,7.92,47.0,373.0
"2025-04-30 00:00:00",DL,10,159,-17.0,-7.03,-5.0,-0.99,10.07,287.0
"2025-04-30 00:00:00",UA,0,7,-10.0,-7.03,-4.01,-0.99,1.99,10.0
"2025-04-30 00:00:00",DL,9,137,-14.0,-7.92,-5.0,-0.99,5.0,150.0
"2025-04-30 00:00:00",UA,12,120,-13.0,-5.99,-2.97,0.99,15.03,454.0
"2025-04-30 00:00:00",AA,0,7,-4.0,-2.97,-0.99,0.0,0.99,3.0
"2025-04-30 00:00:00",UA,8,156,-14.0,-7.92,-5.99,-2.97,5.99,351.0
"2025-04-30 00:00:00",AA,12,97,-14.0,-4.01,-0.99,25.79,179.49,2595.0
"2025-04-30 00:00:00",DL,7,234,-16.0,-7.92,-5.99,-2.97,4.01,198.0
"2025-04-30 00:00:00",WN,19,238,-12.0,-1.99,7.03,32.14,100.49,267.0
"2025-04-30 00:00:00",UA,23,37,-15.0,-5.99,-4.01,24.78,89.13,314.0
"2025-04-30 00:00:00",UA,10,130,-17.0,-5.99,-4.01,5.99,57.4,273.0
"2025-04-30 00:00:00",WN,16,215,-9.0,-1.99,5.99,27.94,89.13,442.0
"2025-04-30 00:00:00",UA,21,54,-11.0,-5.0,1.99,29.08,94.64,500.0
"2025-04-30 00:00:00",WN,18,241,-15.0,-0.99,8.94,32.79,98.5,267.0
"2025-04-30 00:00:00",DL,12,181,-16.0,-7.03,-4.01,0.99,12.06,800.0
"2025-04-30 00:00:00",DL,19,129,-17.0,-7.03,-1.99,5.99,30.88,212.0
"2025-04-30 00:00:00",DL,8,192,-19.0,-7.92,-5.0,-2.97,0.0,370.0
"2025-04-30 00:00:00",DL,18,169,-17.0,-5.99,-1.99,10.91,55.15,244.0
"2025-04-30 00:00:00",AA,22,102,-12.0,-2.97,4.01,17.99,67.36,506.0
"2025-04-30 00:00:00",AA,10,124,-12.0,-5.99,-1.99,13.07,206.46,827.0
"2025-04-30 00:00:00",WN,11,212,-11.0,-2.97,0.99,12.06,36.97,640.0
