"2025-03-21 00:00:00",DL,5,69,-18.0,-7.03,-4.01,-0.99,22.88,616.0
"2025-03-21 00:00:00",UA,5,42,-15.0,-7.92,-5.99,-2.97,1.99,23.0
"2025-03-21 00:00:00",UA,11,126,-16.0,-5.99,-2.97,0.99,24.78,284.0
"2025-03-21 00:00:00",UA,15,88,-15.0,-5.99,-2.97,7.92,40.05,416.0
"2025-03-21 00:00:00",AA,13,148,-11.0,-5.0,-1.99,12.06,41.68,240.0
"2025-03-21 00:00:00",WN,13,245,-11.0,-2.97,0.0,8.94,22.88,95.0
"2025-03-21 00:00:00",DL,14,154,-15.0,-5.0,-1.99,10.07,40.05,144.0
"2025-03-21 00:00:00",UA,14,129,-14.0,-5.99,-2.97,2.97,50.91,530.0
"2025-03-21 00:00:00",WN,15,215,-10.0,-2.97,0.0,10.07,34.13,169.0
"2025-03-21 00:00:00",WN,20,274,-13.0,-5.0,0.0,10.91,32.14,206.0
"2025-03-21 00:00:00",UA,22,34,-13.0,-5.99,-1.99,2.97,26.84,208.0
"2025-03-21 00:00:00",AA,23,29,-12.0,-5.0,2.97,17.99,46.07,600.0
"2025-03-21 00:00:00",UA,1,1,-5.0,-5.0,-5.0,-5.0,-5.0,-5.0
"2025-03-21 00:00:00",DL,1,2,-13.0,-13.0,-13.0,-13.0,-13.0,-7.0
"2025-03-21 00:00:00",AA,11,166,-15.0,-5.0,-1.99,4.01,27.94,377.0
"2025-03-21 00:00:00",AA,17,153,-15.0,-5.0,0.0,21.12,57.4,212.0
"2025-03-21 00:00:00",AA,18,168,-13.0,-5.0,-0.99,29.08,71.53,891.0
"2025-03-21 00:00:00",UA,9,134,-14.0,-7.03,-4.01,-1.99,7.92,138.0
"2025-03-21 00:00:00",UA,19,137,-23.0,-7.03,-1.99,10.91,32.14,197.0
"2025-03-21 00:00:00",WN,8,267,-9.0,-4.01,-1.99,0.0,7.03,304.0
"2025-03-21 00:00:00",AA,7,221,-15.0,-7.03,-4.01,-0.99,13.07,976.0
"2025-03-21 00:00:00",AA,8,199,-11.0,-5.99,-4.01,0.0,22.88,1448.0
"2025-03-22 00:00:00",DL,14,124,-16.0,-7.03,-2.97,4.01,16.95,250.0
"2025-03-22 00:00:00",UA,5,52,-14.0,-8.94,-7.03,-0.99,0.0,13.0
"2025-03-22 00:00:00",WN,13,237,-12.0,-4.01,-0.99,4.01,15.96,165.0
"2025-03-22 00:00:00",UA,1,1,-6.0,-6.0,-6.0,-6.0,-6.0,-6.0
"2025-03-22 00:00:00",DL,5,70,-20.0,-8.94,-5.0,-1.99,10.07,121.0
"2025-03-22 00:00:00",AA,7,203,-17.0,-7.03,-5.0,-0.99,12.06,771.0
"2025-03-22 00:00:00",AA,8,180,-14.0,-5.99,-4.01,-0.99,13.07,639.0
"2025-03-22 00:00:00",UA,9,116,-16.0,-7.03,-4.01,-0.99,5.0,542.0
"2025-03-22 00:00:00",AA,11,149,-15.0,-5.99,-2.97,2.97,23.81,829.0
"2025-03-22 00:00:00",UA,14,115,-12.0,-7.03,-4.01,2.97,24.78,1002.0
"2025-03-22 00:00:00",DL,1,2,-6.0,-5.99,-5.99,-5.99,-5.99,-5.0
"2025-03-22 00:00:00",WN,15,220,-11.0,-4.01,0.0,8.94,25.79,213.0
"2025-03-22 00:00:00",UA,11,110,-13.0,-5.99,-4.01,-0.99,13.87,224.0
"2025-03-22 00:00:00",WN,8,217,-11.0,-5.0,-2.97,0.0,2.97,166.0
"2025-03-22 00:00:00",AA,23,28,-8.0,-4.01,-0.99,16.95,21.12,53.0
"2025-03-22 00:00:00",UA,15,82,-12.0,-7.03,-2.97,1.99,17.99,70.0
"2025-03-22 00:00:00",AA,13,130,-20.0,-5.99,-2.97,7.03,34.13,1081.0
"2025-03-22 00:00:00",WN,20,233,-15.0,-5.0,0.0,10.07,30.27,202.0
"2025-03-22 00:00:00",AA,17,150,-12.0,-5.0,-1.99,13.87,58.56,158.0
"2025-03-22 00:00:00",UA,22,36,-11.0,-5.0,-1.99,2.97,13.87,26.0
"2025-03-22 00:00:00",AA,18,152,-12.0,-5.0,-0.99,13.87,51.94,159.0
"2025-03-22 00:00:00",UA,19,126,-13.0,-5.99,-0.99,7.03,44.26,159.0
"2025-03-23 00:00:00",UA,22,36,-28.0,-7.03,-4.01,0.99,7.03,148.0
"2025-03-23 00:00:00",WN,13,237,-10.0,-2.97,0.0,7.03,23.81,118.0
"2025-03-23 00:00:00",AA,23,29,-7.0,-2.97,5.0,13.07,29.08,64.0
"2025-03-23 00:00:00",UA,15,87,-13.0,-7.03,-2.97,1.99,13.87,204.0
"2025-03-23 00:00:00",UA,1,2,-7.0,-7.0,-7.0,-7.0,-7.0,-5.0
"2025-03-23 00:00:00",AA,13,149,-16.0,-5.0,-1.99,5.99,26.84,470.0
"2025-03-23 00:00:00",UA,11,120,-13.0,-5.99,-2.97,2.97,13.07,149.0
"2025-03-23 00:00:00",AA,8,198,-12.0,-5.99,-2.97,0.99,21.12,338.0
"2025-03-23 00:00:00",DL,14,153,-14.0,-5.99,-1.99,5.99,32.79,1054.0
"2025-03-23 00:00:00",WN,20,251,-13.0,-2.97,2.97,19.89,44.26,271.0
"2025-03-23 00:00:00",AA,18,165,-12.0,-4.01,-0.99,15.03,36.24,167.0
"2025-03-23 00:00:00",UA,19,135,-17.0,-5.0,-0.99,12.06,36.24,181.0
"2025-03-23 00:00:00",WN,8,246,-10.0,-5.0,-2.97,0.0,8.94,150.0
"2025-03-23 00:00:00",AA,11,166,-14.0,-5.0,-2.97,1.99,21.98,173.0
"2025-03-23 00:00:00",UA,14,125,-14.0,-5.99,-2.97,5.0,32.14,135.0
"2025-03-23 00:00:00",UA,9,130,-14.0,-7.03,-4.01,-0.99,13.87,181.0
"2025-03-23 00:00:00",AA,7,222,-13.0,-7.03,-4.01,-1.99,5.99,1518.0
"2025-03-23 00:00:00",DL,1,2,-14.0,-13.87,-13.87,-13.87,-13.87,-2.0
"2025-03-23 00:00:00",DL,5,68,-15.0,-7.92,-4.01,-0.99,1.99,305.0
"2025-03-23 00:00:00",UA,5,39,-10.0,-7.92,-5.0,-1.99,7.03,279.0
"2025-03-23 00:00:00",WN,15,225,-16.0,-1.99,2.97,10.91,27.94,100.0
"2025-03-23 00:00:00",AA,17,155,-12.0,-4.01,0.0,12.06,32.14,1141.0
"2025-03-24 00:00:00",AA,8,199,-10.0,-5.99,-2.97,0.0,12.06,3288.0
"2025-03-24 00:00:00",WN,20,274,-16.0,-5.0,-0.99,13.87,34.13,179.0
"2025-03-24 00:00:00",AA,13,149,-14.0,-5.0,-1.99,7.03,34.13,201.0
"2025-03-24 00:00:00",UA,22,34,-12.0,-7.92,-5.0,-0.99,4.01,57.0
"2025-03-24 00:00:00",AA,23,27,-15.0,-7.03,-4.01,0.0,10.91,24.0
"2025-03-24 00:00:00",UA,5,42,-13.0,-7.03,-5.0,-1.99,0.99,14.0
"2025-03-24 00:00:00",UA,1,1,39.0,39.0,39.0,39.0,39.0,39.0
"2025-03-24 00:00:00",DL,1,2,-15.0,-15.0,-15.0,-15.0,-15.0,-13.0
"2025-03-24 00:00:00",DL,5,69,-17.0,-8.94,-5.0,-0.99,5.0,303.0
"2025-03-24 00:00:00",AA,17,156,-14.0,-5.0,-0.99,16.95,59.75,1192.0
"2025-03-24 00:00:00",AA,11,167,-11.0,-4.01,-0.99,7.03,37.72,627.0
"2025-03-24 00:00:00",UA,11,124,-12.0,-7.03,-4.01,-0.99,12.06,81.0
"2025-03-24 00:00:00",UA,9,133,-13.0,-7.03,-4.01,0.0,8.94,780.0
"2025-03-24 00:00:00",AA,18,168,-18.0,-5.0,-0.99,10.91,39.25,459.0
"2025-03-24 00:00:00",WN,8,267,-12.0,-4.01,-0.99,1.99,10.91,242.0
"2025-03-24 00:00:00",UA,19,127,-15.0,-5.99,-0.99,8.94,24.78,238.0
"2025-03-24 00:00:00",UA,14,127,-13.0,-5.99,-2.97,5.99,32.79,135.0
"2025-03-24 00:00:00",UA,15,95,-18.0,-5.99,0.0,15.03,54.06,338.0
"2025-03-24 00:00:00",WN,15,215,-11.0,-2.97,0.0,12.06,30.27,174.0
"2025-03-24 00:00:00",AA,7,221,-17.0,-5.99,-4.01,-0.99,10.07,76.0
"2025-03-24 00:00:00",DL,14,154,-22.0,-4.01,1.99,15.96,62.18,284.0
"2025-03-24 00:00:00",WN,13,246,-10.0,-2.97,1.99,10.91,24.78,113.0
"2025-03-25 00:00:00",WN,8,270,-10.0,-5.0,-2.97,-0.99,2.97,83.0
"2025-03-25 00:00:00",UA,19,115,-20.0,-8.94,-5.0,-1.99,7.92,147.0
"2025-03-25 00:00:00",AA,7,222,-15.0,-7.92,-5.99,-2.97,1.99,856.0
"2025-03-25 00:00:00",UA,9,129,-13.0,-7.92,-5.0,-1.99,2.97,104.0
"2025-03-25 00:00:00",WN,20,180,-15.0,-7.03,-4.01,16.95,58.56,221.0
"2025-03-25 00:00:00",UA,1,1,-6.0,-6.0,-6.0,-6.0,-6.0,-6.0
"2025-03-25 00:00:00",DL,1,2,-4.0,-4.0,-4.0,-4.0,-4.0,-1.0
"2025-03-25 00:00:00",DL,5,68,-18.0,-10.91,-8.94,-5.0,0.0,70.0
"2025-03-25 00:00:00",UA,15,87,-16.0,-7.92,-5.0,-0.99,8.94,115.0
"2025-03-25 00:00:00",AA,18,167,-14.0,-5.99,-0.99,21.98,82.28,1264.0
"2025-03-25 00:00:00",UA,5,36,-13.0,-10.07,-7.03,-4.01,-2.97,0.0
"2025-03-25 00:00:00",WN,15,216,-13.0,-5.0,-1.99,5.99,21.98,185.0
"2025-03-25 00:00:00",AA,17,152,-17.0,-5.99,-1.99,17.99,67.36,232.0
"2025-03-25 00:00:00",UA,11,121,-13.0,-7.03,-5.0,-2.97,7.92,84.0
"2025-03-25 00:00:00",AA,13,148,-13.0,-5.99,-4.01,0.99,26.84,177.0
"2025-03-25 00:00:00",WN,13,234,-15.0,-5.99,-2.97,0.99,12.06,77.0
"2025-03-25 00:00:00",DL,14,144,-16.0,-7.03,-4.01,0.99,13.87,99.0
"2025-03-25 00:00:00",UA,14,121,-13.0,-7.92,-5.99,-1.99,8.94,216.0
"2025-03-25 00:00:00",AA,23,27,-18.0,-8.94,-5.0,7.03,34.82,104.0
"2025-03-25 00:00:00",AA,11,168,-17.0,-5.99,-1.99,5.0,41.68,495.0
"2025-03-25 00:00:00",UA,22,31,-13.0,-8.94,-5.0,-2.97,5.0,22.0
"2025-03-25 00:00:00",AA,8,198,-15.0,-7.03,-4.01,-0.99,5.99,193.0
