"2025-03-27 00:00:00",UA,20,97,-15.0,-5.0,0.0,7.92,36.24,207.0
"2025-03-27 00:00:00",DL,22,103,-16.0,-5.99,-4.01,0.0,17.99,126.0
"2025-03-27 00:00:00",WN,22,137,-16.0,-7.03,-2.97,5.99,21.12,101.0
"2025-03-27 00:00:00",WN,23,8,-3.0,-1.99,5.99,16.95,17.99,18.0
"2025-03-27 00:00:00",WN,7,238,-12.0,-5.0,-4.01,-0.99,1.99,99.0
"2025-03-27 00:00:00",DL,0,4,-11.0,-10.91,-7.03,-4.01,-4.01,0.0
"2025-03-27 00:00:00",WN,10,238,-12.0,-5.0,-2.97,0.99,8.94,53.0
"2025-03-27 00:00:00",WN,5,194,-11.0,-5.0,-2.97,-1.99,0.99,184.0
"2025-03-27 00:00:00",UA,6,138,-18.0,-8.94,-7.03,-4.01,0.0,309.0
"2025-03-27 00:00:00",WN,6,307,-13.0,-5.0,-4.01,-0.99,1.99,304.0
"2025-03-27 00:00:00",UA,7,204,-15.0,-7.92,-5.99,-2.97,0.0,257.0
"2025-03-27 00:00:00",WN,12,227,-12.0,-4.01,-0.99,5.0,16.95,152.0
"2025-03-27 00:00:00",WN,14,247,-16.0,-2.97,0.99,10.07,22.88,183.0
"2025-03-27 00:00:00",AA,14,145,-18.0,-5.0,-1.99,7.03,27.94,348.0
"2025-03-27 00:00:00",AA,15,143,-20.0,-5.0,-0.99,10.91,43.38,220.0
"2025-03-27 00:00:00",AA,16,142,-13.0,-5.0,-0.99,13.07,30.27,179.0
"2025-03-27 00:00:00",DL,17,185,-18.0,-5.99,-2.97,2.97,19.11,173.0
"2025-03-27 00:00:00",UA,17,140,-11.0,-5.0,-0.99,7.92,37.72,266.0
"2025-03-27 00:00:00",DL,20,121,-19.0,-7.03,-1.99,5.99,27.94,124.0
"2025-03-28 00:00:00",WN,6,306,-10.0,-5.0,-2.97,0.0,5.99,153.0
"2025-03-28 00:00:00",DL,0,7,-12.0,-10.91,-7.92,-5.99,-2.97,-1.0
"2025-03-28 00:00:00",WN,5,194,-13.0,-5.0,-2.97,0.0,10.07,289.0
"2025-03-28 00:00:00",UA,6,143,-13.0,-7.03,-5.0,-1.99,10.07,181.0
"2025-03-28 00:00:00",WN,7,238,-11.0,-5.0,-2.97,0.0,5.0,126.0
"2025-03-28 00:00:00",WN,14,246,-10.0,-1.99,1.99,15.03,41.68,495.0
"2025-03-28 00:00:00",UA,7,204,-13.0,-5.99,-4.01,-0.99,15.03,137.0
"2025-03-28 00:00:00",AA,14,142,-12.0,-5.0,-0.99,7.92,40.05,1136.0
"2025-03-28 00:00:00",WN,10,233,-10.0,-4.01,-0.99,1.99,8.94,173.0
"2025-03-28 00:00:00",WN,12,224,-11.0,-2.97,0.0,7.03,24.78,183.0
"2025-03-28 00:00:00",AA,15,142,-15.0,-5.99,-1.99,10.91,32.14,384.0
"2025-03-28 00:00:00",UA,20,97,-15.0,-4.01,1.99,13.07,29.08,89.0
"2025-03-28 00:00:00",WN,23,9,-5.0,-0.99,0.99,5.0,5.99,6.0
"2025-03-28 00:00:00",WN,22,135,-17.0,-5.0,-0.99,7.92,30.27,89.0
"2025-03-28 00:00:00",DL,22,103,-14.0,-5.99,-2.97,1.99,16.95,166.0
"2025-03-28 00:00:00",AA,16,144,-20.0,-4.01,-0.99,17.99,44.26,486.0
"2025-03-28 00:00:00",DL,17,188,-20.0,-7.03,-2.97,5.0,21.98,157.0
"2025-03-28 00:00:00",UA,17,137,-14.0,-5.0,-0.99,13.07,37.72,247.0
"2025-03-28 00:00:00",DL,20,122,-22.0,-5.99,-2.97,10.07,40.86,195.0
"2025-03-29 00:00:00",WN,10,184,-12.0,-5.0,-2.97,0.0,8.94,97.0
"2025-03-29 00:00:00",DL,20,88,-14.0,-5.99,-1.99,10.07,32.79,140.0
"2025-03-29 00:00:00",DL,22,76,-13.0,-5.0,-0.99,13.87,36.24,595.0
"2025-03-29 00:00:00",WN,12,177,-13.0,-5.0,-1.99,4.01,17.99,82.0
"2025-03-29 00:00:00",DL,0,7,-10.0,-8.94,-7.03,-5.0,0.0,0.0
"2025-03-29 00:00:00",AA,14,134,-12.0,-5.0,-1.99,7.92,57.4,198.0
"2025-03-29 00:00:00",WN,23,9,-9.0,-7.03,-0.99,7.92,7.92,15.0
"2025-03-29 00:00:00",WN,22,106,-13.0,-2.97,2.97,15.96,67.36,145.0
"2025-03-29 00:00:00",WN,5,193,-11.0,-5.0,-2.97,-0.99,4.01,258.0
"2025-03-29 00:00:00",UA,6,147,-14.0,-8.94,-5.99,-2.97,0.0,142.0
"2025-03-29 00:00:00",WN,6,283,-12.0,-5.99,-4.01,-1.99,1.99,188.0
"2025-03-29 00:00:00",WN,7,228,-14.0,-5.99,-4.01,-0.99,1.99,93.0
"2025-03-29 00:00:00",UA,7,180,-12.0,-7.92,-5.99,-2.97,0.0,113.0
"2025-03-29 00:00:00",UA,20,84,-10.0,-4.01,4.01,15.96,72.97,200.0
"2025-03-29 00:00:00",UA,17,113,-14.0,-5.0,-0.99,7.03,36.97,227.0
"2025-03-29 00:00:00",DL,17,146,-20.0,-7.92,-4.01,5.0,32.14,150.0
"2025-03-29 00:00:00",AA,15,132,-18.0,-5.99,-1.99,8.94,43.38,362.0
"2025-03-29 00:00:00",AA,16,132,-18.0,-5.0,-1.99,12.06,54.06,1789.0
"2025-03-29 00:00:00",WN,14,191,-11.0,-4.01,-0.99,8.94,29.08,161.0
"2025-03-30 00:00:00",WN,5,193,-14.0,-5.0,-2.97,0.0,5.0,84.0
"2025-03-30 00:00:00",AA,14,139,-9.0,-1.99,7.92,41.68,100.49,430.0
"2025-03-30 00:00:00",DL,17,180,-17.0,-5.0,4.01,34.82,100.49,861.0
"2025-03-30 00:00:00",DL,20,116,-14.0,-0.99,32.14,77.49,132.97,288.0
"2025-03-30 00:00:00",WN,10,233,-15.0,-4.01,0.0,8.94,37.72,150.0
"2025-03-30 00:00:00",DL,0,4,-3.0,-2.97,-1.99,4.01,4.01,6.0
"2025-03-30 00:00:00",WN,7,232,-11.0,-5.0,-2.97,0.0,12.06,148.0
"2025-03-30 00:00:00",WN,12,215,-9.0,-1.99,2.97,19.11,58.56,320.0
"2025-03-30 00:00:00",WN,14,206,-13.0,-0.99,8.94,36.24,94.64,419.0
"2025-03-30 00:00:00",UA,20,85,-11.0,0.0,24.78,96.55,132.97,233.0
"2025-03-30 00:00:00",AA,15,135,-14.0,-1.99,8.94,39.25,113.31,1085.0
"2025-03-30 00:00:00",WN,22,156,-9.0,10.91,47.95,115.6,165.69,242.0
"2025-03-30 00:00:00",WN,6,295,-13.0,-5.99,-4.01,-0.99,7.92,188.0
"2025-03-30 00:00:00",UA,17,134,-9.0,2.97,17.99,92.77,141.19,428.0
"2025-03-30 00:00:00",AA,16,133,-10.0,-1.99,10.07,37.72,89.13,1265.0
"2025-03-30 00:00:00",WN,23,9,-7.0,2.97,5.0,40.05,45.15,78.0
"2025-03-30 00:00:00",UA,7,184,-13.0,-7.03,-4.01,0.0,23.81,881.0
"2025-03-30 00:00:00",UA,6,139,-16.0,-7.03,-4.01,-0.99,13.87,539.0
"2025-03-30 00:00:00",DL,22,100,-11.0,-1.99,7.92,49.9,138.4,614.0
