"2025-03-26 00:00:00",AA,8,198,-15.0,-5.99,-4.01,0.0,16.95,690.0
"2025-03-26 00:00:00",UA,15,92,-15.0,-7.03,-2.97,0.0,21.98,157.0
"2025-03-26 00:00:00",WN,15,215,-13.0,-4.01,-0.99,5.99,21.98,129.0
"2025-03-26 00:00:00",AA,17,153,-15.0,-5.0,-1.99,13.87,37.72,293.0
"2025-03-26 00:00:00",UA,19,127,-15.0,-7.92,-4.01,2.97,64.72,238.0
"2025-03-26 00:00:00",AA,23,26,-15.0,-5.0,-0.99,5.0,13.87,56.0
"2025-03-26 00:00:00",DL,1,2,-10.0,-10.0,-10.0,-10.0,-10.0,-8.0
"2025-03-26 00:00:00",UA,1,1,-4.0,-4.0,-4.0,-4.0,-4.0,-4.0
"2025-03-26 00:00:00",WN,8,270,-11.0,-5.0,-2.97,-0.99,2.97,39.0
"2025-03-26 00:00:00",UA,22,34,-11.0,-7.03,-4.01,0.0,10.91,93.0
"2025-03-26 00:00:00",WN,20,178,-14.0,-7.03,-4.01,0.99,32.14,166.0
"2025-03-26 00:00:00",UA,14,126,-14.0,-7.92,-4.01,-1.99,10.91,164.0
"2025-03-26 00:00:00",UA,9,131,-16.0,-7.92,-5.0,-2.97,4.01,168.0
"2025-03-26 00:00:00",AA,18,168,-14.0,-4.01,-0.99,13.07,30.88,193.0
"2025-03-26 00:00:00",DL,14,145,-13.0,-7.03,-2.97,4.01,24.78,560.0
"2025-03-26 00:00:00",AA,11,168,-12.0,-5.99,-4.01,0.0,19.89,131.0
"2025-03-26 00:00:00",UA,11,125,-19.0,-7.03,-5.0,-0.99,1.99,60.0
"2025-03-26 00:00:00",WN,13,234,-12.0,-5.0,-1.99,2.97,15.96,306.0
"2025-03-26 00:00:00",AA,13,149,-20.0,-5.0,-1.99,5.0,22.88,253.0
"2025-03-26 00:00:00",DL,5,68,-17.0,-10.91,-7.03,-5.0,-0.99,411.0
"2025-03-26 00:00:00",AA,7,222,-15.0,-7.92,-5.0,-1.99,7.03,658.0
"2025-03-26 00:00:00",UA,5,36,-10.0,-8.94,-5.99,-2.97,4.01,87.0
