"2025-02-12 00:00:00",WN,17,196,-12.0,-2.97,5.0,26.84,48.91,185.0
"2025-02-12 00:00:00",DL,21,67,-15.0,-2.97,10.91,44.26,113.31,921.0
"2025-02-12 00:00:00",WN,21,14,-10.0,0.0,10.91,19.89,36.97,93.0
"2025-02-12 00:00:00",AA,21,76,-14.0,-5.0,-0.99,13.87,26.84,64.0
"2025-02-12 00:00:00",AA,20,78,-12.0,-2.97,10.07,30.88,83.94,560.0
"2025-02-12 00:00:00",DL,13,140,-16.0,-4.01,0.99,19.89,43.38,221.0
"2025-02-12 00:00:00",UA,16,118,-15.0,-2.97,5.99,25.79,100.49,259.0
"2025-02-12 00:00:00",DL,15,169,-15.0,-2.97,2.97,23.81,56.27,185.0
"2025-02-12 00:00:00",AA,6,164,-14.0,-7.03,-4.01,0.0,8.94,579.0
"2025-02-12 00:00:00",DL,16,114,-14.0,-2.97,1.99,22.88,57.4,362.0
"2025-02-12 00:00:00",DL,6,178,-14.0,-7.03,-4.01,-0.99,7.92,290.0
"2025-02-12 00:00:00",UA,13,128,-14.0,-2.97,1.99,21.12,48.91,567.0
"2025-02-12 00:00:00",UA,2,1,-5.0,-5.0,-5.0,-5.0,-5.0,-5.0
"2025-02-12 00:00:00",AA,19,104,-12.0,-5.0,-0.99,13.87,55.15,278.0
"2025-02-12 00:00:00",WN,9,227,-12.0,-5.0,-0.99,7.03,23.81,131.0
"2025-02-12 00:00:00",DL,11,176,-18.0,-4.01,0.99,19.11,46.07,116.0
"2025-02-12 00:00:00",AA,5,77,-12.0,-5.99,-4.01,0.0,19.89,530.0
"2025-02-12 00:00:00",DL,23,20,-8.0,-5.0,-2.97,4.01,10.91,94.0
"2025-02-12 00:00:00",AA,9,128,-14.0,-5.0,-2.97,4.01,34.82,655.0
"2025-02-13 00:00:00",DL,6,186,-16.0,-7.03,-2.97,0.99,21.98,626.0
"2025-02-13 00:00:00",AA,6,171,-14.0,-5.99,-4.01,-0.99,5.0,1857.0
"2025-02-13 00:00:00",DL,15,186,-15.0,-0.99,15.03,46.07,104.6,429.0
"2025-02-13 00:00:00",WN,17,226,-9.0,1.99,19.89,63.44,172.45,337.0
"2025-02-13 00:00:00",AA,9,128,-14.0,-5.0,-1.99,7.92,37.72,172.0
"2025-02-13 00:00:00",AA,20,127,-10.0,-0.99,19.11,50.91,127.75,880.0
"2025-02-13 00:00:00",WN,21,129,-9.0,10.91,29.08,79.05,165.69,289.0
"2025-02-13 00:00:00",DL,23,26,-8.0,2.97,12.06,41.68,94.64,185.0
"2025-02-13 00:00:00",UA,16,140,-15.0,-0.99,10.91,56.27,146.95,425.0
"2025-02-13 00:00:00",DL,21,95,-16.0,-0.99,8.94,37.72,80.65,283.0
"2025-02-13 00:00:00",DL,16,141,-8.0,0.0,10.91,36.24,82.28,257.0
"2025-02-13 00:00:00",UA,13,142,-10.0,-1.99,7.92,47.0,125.22,477.0
"2025-02-13 00:00:00",AA,19,160,-13.0,0.0,17.99,63.44,152.95,869.0
"2025-02-13 00:00:00",UA,2,1,-10.0,-10.0,-10.0,-10.0,-10.0,-10.0
"2025-02-13 00:00:00",WN,9,216,-10.0,-2.97,1.99,13.07,52.99,206.0
"2025-02-13 00:00:00",DL,13,144,-13.0,-0.99,13.87,43.38,94.64,231.0
"2025-02-13 00:00:00",DL,11,188,-12.0,-1.99,5.99,30.88,80.65,299.0
"2025-02-13 00:00:00",AA,5,104,-12.0,-7.03,-4.01,-0.99,5.99,1144.0
"2025-02-13 00:00:00",AA,21,93,-9.0,-1.99,10.91,40.05,80.65,573.0
"2025-02-14 00:00:00",WN,17,237,-12.0,-0.99,8.94,26.84,64.72,230.0
"2025-02-14 00:00:00",AA,5,102,-11.0,-5.0,-2.97,0.0,15.96,368.0
"2025-02-14 00:00:00",AA,19,162,-12.0,-5.0,0.0,24.78,59.75,657.0
"2025-02-14 00:00:00",DL,11,188,-12.0,-4.01,2.97,27.94,80.65,282.0
"2025-02-14 00:00:00",AA,20,127,-12.0,-2.97,8.94,43.38,94.64,1017.0
"2025-02-14 00:00:00",AA,21,94,-14.0,-5.0,-0.99,13.07,58.56,511.0
"2025-02-14 00:00:00",DL,21,96,-10.0,-2.97,7.92,26.84,68.72,532.0
"2025-02-14 00:00:00",WN,21,142,-13.0,-2.97,13.87,36.24,72.97,166.0
"2025-02-14 00:00:00",DL,23,25,-7.0,-2.97,4.01,13.07,41.68,801.0
"2025-02-14 00:00:00",DL,13,147,-16.0,-4.01,7.03,41.68,89.13,442.0
"2025-02-14 00:00:00",UA,13,142,-14.0,-4.01,-0.99,8.94,36.97,400.0
"2025-02-14 00:00:00",AA,6,188,-14.0,-5.99,-4.01,0.0,13.87,383.0
"2025-02-14 00:00:00",DL,6,190,-14.0,-5.99,-2.97,0.99,13.87,297.0
"2025-02-14 00:00:00",AA,9,132,-10.0,-5.0,-2.97,1.99,16.95,356.0
"2025-02-14 00:00:00",WN,9,217,-13.0,-2.97,0.0,7.92,26.84,184.0
"2025-02-14 00:00:00",UA,2,1,7.0,7.0,7.0,7.0,7.0,7.0
"2025-02-14 00:00:00",DL,15,185,-13.0,-2.97,5.99,36.24,66.03,387.0
"2025-02-14 00:00:00",UA,16,144,-15.0,-4.01,-0.99,7.03,34.82,360.0
"2025-02-14 00:00:00",DL,16,142,-16.0,-2.97,10.07,34.13,71.53,1118.0
"2025-02-15 00:00:00",UA,2,1,-6.0,-6.0,-6.0,-6.0,-6.0,-6.0
"2025-02-15 00:00:00",AA,5,82,-11.0,-5.99,-2.97,1.99,12.06,939.0
"2025-02-15 00:00:00",AA,6,168,-12.0,-5.99,-2.97,0.0,21.12,244.0
"2025-02-15 00:00:00",DL,6,171,-13.0,-7.03,-2.97,2.97,21.12,259.0
"2025-02-15 00:00:00",AA,9,119,-11.0,-4.01,-1.99,7.92,40.86,267.0
"2025-02-15 00:00:00",WN,9,189,-11.0,-4.01,0.0,8.94,22.88,348.0
"2025-02-15 00:00:00",DL,11,159,-15.0,-2.97,2.97,24.78,47.95,147.0
"2025-02-15 00:00:00",DL,13,126,-17.0,-2.97,1.99,36.24,104.6,235.0
"2025-02-15 00:00:00",UA,13,123,-15.0,-4.01,0.0,17.99,71.53,406.0
"2025-02-15 00:00:00",DL,15,146,-20.0,-2.97,7.03,39.25,94.64,1094.0
"2025-02-15 00:00:00",UA,16,121,-16.0,-2.97,5.99,36.24,156.04,904.0
"2025-02-15 00:00:00",DL,16,106,-17.0,-0.99,15.96,44.26,71.53,950.0
"2025-02-15 00:00:00",WN,17,216,-15.0,-2.97,5.99,29.08,80.65,206.0
"2025-02-15 00:00:00",AA,20,104,-10.0,-4.01,1.99,32.79,52.99,709.0
"2025-02-15 00:00:00",DL,23,19,-11.0,-4.01,1.99,23.81,36.97,83.0
"2025-02-15 00:00:00",AA,19,108,-13.0,-4.01,7.03,39.25,85.64,617.0
"2025-02-15 00:00:00",DL,21,62,-14.0,-4.01,0.0,13.07,57.4,669.0
"2025-02-15 00:00:00",AA,21,74,-11.0,-1.99,5.99,27.94,60.95,622.0
"2025-02-15 00:00:00",WN,21,105,-15.0,1.99,21.12,49.9,89.13,132.0
"2025-02-16 00:00:00",DL,15,147,-13.0,2.97,30.88,82.28,202.38,365.0
"2025-02-16 00:00:00",UA,16,138,-12.0,-0.99,19.11,98.5,172.45,375.0
"2025-02-16 00:00:00",DL,6,167,-14.0,-7.03,-2.97,7.03,146.95,490.0
"2025-02-16 00:00:00",WN,17,237,-12.0,-0.99,8.94,52.99,125.22,317.0
"2025-02-16 00:00:00",DL,13,133,-12.0,0.0,22.88,74.45,135.65,716.0
"2025-02-16 00:00:00",DL,16,107,-11.0,1.99,27.94,96.55,162.41,1120.0
"2025-02-16 00:00:00",DL,11,169,-13.0,-0.99,30.27,80.65,135.65,428.0
"2025-02-16 00:00:00",UA,13,137,-13.0,-2.97,5.0,40.86,117.93,378.0
"2025-02-16 00:00:00",AA,5,100,-14.0,-7.92,-4.01,-0.99,36.24,987.0
"2025-02-16 00:00:00",AA,9,123,-12.0,-4.01,0.0,23.81,71.53,450.0
"2025-02-16 00:00:00",AA,21,91,-9.0,0.0,17.99,54.06,122.75,1050.0
"2025-02-16 00:00:00",DL,21,74,-9.0,-4.01,8.94,64.72,111.06,668.0
"2025-02-16 00:00:00",UA,2,1,49.0,49.0,49.0,49.0,49.0,49.0
"2025-02-16 00:00:00",WN,9,211,-15.0,-5.0,-0.99,12.06,34.82,244.0
"2025-02-16 00:00:00",WN,21,139,-11.0,-1.99,16.95,56.27,115.6,315.0
"2025-02-16 00:00:00",DL,23,17,-12.0,-4.01,-0.99,7.92,48.91,929.0
"2025-02-16 00:00:00",AA,19,152,-13.0,-1.99,12.06,50.91,108.86,1166.0
"2025-02-16 00:00:00",AA,6,176,-15.0,-7.92,-4.01,0.99,44.26,482.0
"2025-02-16 00:00:00",AA,20,121,-12.0,-0.99,15.03,41.68,96.55,610.0
"2025-02-17 00:00:00",AA,9,129,-10.0,-4.01,-1.99,2.97,30.27,171.0
"2025-02-17 00:00:00",DL,6,182,-14.0,-4.01,-0.99,7.92,32.79,925.0
"2025-02-17 00:00:00",WN,9,217,-11.0,-2.97,0.0,10.07,32.14,427.0
"2025-02-17 00:00:00",DL,11,189,-16.0,-2.97,5.99,30.88,70.11,395.0
"2025-02-17 00:00:00",AA,6,184,-13.0,-5.0,-2.97,0.0,16.95,1671.0
"2025-02-17 00:00:00",UA,13,144,-11.0,-2.97,2.97,24.78,60.95,183.0
"2025-02-17 00:00:00",DL,13,145,-14.0,-4.01,2.97,36.24,77.49,374.0
"2025-02-17 00:00:00",DL,21,94,-13.0,-0.99,13.87,46.07,92.77,580.0
"2025-02-17 00:00:00",UA,2,1,74.0,74.0,74.0,74.0,74.0,74.0
"2025-02-17 00:00:00",WN,21,142,-13.0,13.07,32.79,80.65,117.93,222.0
"2025-02-17 00:00:00",AA,5,94,-12.0,-5.99,-4.01,-0.99,0.99,1500.0
"2025-02-17 00:00:00",AA,21,93,-11.0,-2.97,8.94,36.24,90.93,1272.0
"2025-02-17 00:00:00",DL,15,180,-12.0,0.0,16.95,57.4,111.06,305.0
"2025-02-17 00:00:00",WN,17,242,-12.0,5.0,21.98,54.06,90.93,290.0
"2025-02-17 00:00:00",AA,19,163,-13.0,-2.97,12.06,43.38,94.64,680.0
"2025-02-17 00:00:00",AA,20,124,-14.0,-0.99,13.87,40.05,92.77,2273.0
"2025-02-17 00:00:00",DL,23,26,-12.0,0.0,7.92,34.13,56.27,142.0
"2025-02-17 00:00:00",DL,16,145,-9.0,0.99,16.95,71.53,135.65,822.0
"2025-02-17 00:00:00",UA,16,144,-11.0,-2.97,7.92,34.82,94.64,311.0
