"2025-03-19 00:00:00",UA,9,129,-19.0,-7.03,-5.0,-0.99,5.99,86.0
"2025-03-19 00:00:00",DL,1,2,-10.0,-10.0,-10.0,-10.0,-10.0,0.0
"2025-03-19 00:00:00",AA,11,167,-12.0,-5.0,-1.99,5.99,44.26,243.0
"2025-03-19 00:00:00",UA,1,1,-5.0,-5.0,-5.0,-5.0,-5.0,-5.0
"2025-03-19 00:00:00",UA,11,124,-12.0,-5.99,-2.97,0.0,10.07,115.0
"2025-03-19 00:00:00",UA,15,89,-13.0,-7.03,-1.99,5.99,45.15,224.0
"2025-03-19 00:00:00",UA,14,121,-11.0,-5.99,-2.97,13.07,46.07,406.0
"2025-03-19 00:00:00",WN,15,203,-16.0,-2.97,0.0,8.94,21.98,173.0
"2025-03-19 00:00:00",WN,13,230,-15.0,-4.01,-0.99,5.0,19.11,164.0
"2025-03-19 00:00:00",AA,13,148,-22.0,-5.0,-0.99,17.99,94.64,494.0
"2025-03-19 00:00:00",DL,14,142,-15.0,-5.99,-1.99,5.99,27.94,150.0
"2025-03-19 00:00:00",WN,8,266,-12.0,-5.0,-2.97,0.0,10.07,221.0
"2025-03-19 00:00:00",UA,19,126,-16.0,-5.99,-0.99,15.96,100.49,319.0
"2025-03-19 00:00:00",UA,5,36,-15.0,-10.07,-5.0,-2.97,-0.99,21.0
"2025-03-19 00:00:00",AA,7,219,-13.0,-7.03,-4.01,0.0,19.89,1419.0
"2025-03-19 00:00:00",AA,8,195,-14.0,-5.99,-2.97,0.0,15.03,1314.0
"2025-03-19 00:00:00",WN,20,175,-13.0,-5.0,-0.99,10.07,32.79,116.0
"2025-03-19 00:00:00",UA,22,34,-13.0,-4.01,0.99,2.97,8.94,42.0
"2025-03-19 00:00:00",DL,5,67,-13.0,-8.94,-7.03,-2.97,-0.99,857.0
"2025-03-19 00:00:00",AA,23,26,-9.0,-4.01,0.0,5.0,47.95,769.0
"2025-03-19 00:00:00",AA,18,163,-12.0,-2.97,2.97,37.72,98.5,857.0
"2025-03-19 00:00:00",AA,17,153,-14.0,-2.97,8.94,41.68,79.05,819.0
"2025-03-20 00:00:00",UA,22,34,-15.0,-5.0,-0.99,5.0,19.11,250.0
"2025-03-20 00:00:00",DL,1,2,-10.0,-10.0,-10.0,-10.0,-10.0,-8.0
"2025-03-20 00:00:00",AA,18,169,-10.0,-2.97,2.97,29.08,77.49,863.0
"2025-03-20 00:00:00",DL,14,153,-13.0,-4.01,0.0,10.07,29.08,257.0
"2025-03-20 00:00:00",DL,5,69,-15.0,-7.92,-4.01,-0.99,5.99,195.0
"2025-03-20 00:00:00",UA,14,127,-13.0,-2.97,1.99,19.89,64.72,287.0
"2025-03-20 00:00:00",UA,15,94,-11.0,-5.99,-0.99,13.07,44.26,173.0
"2025-03-20 00:00:00",WN,15,215,-12.0,-2.97,2.97,13.87,30.27,189.0
"2025-03-20 00:00:00",AA,17,153,-18.0,-4.01,-0.99,21.98,60.95,322.0
"2025-03-20 00:00:00",AA,23,29,-11.0,-5.0,-2.97,0.99,34.82,77.0
"2025-03-20 00:00:00",WN,13,246,-13.0,-2.97,0.0,10.07,26.84,192.0
"2025-03-20 00:00:00",UA,9,134,-21.0,-5.99,-1.99,7.92,45.15,239.0
"2025-03-20 00:00:00",UA,19,136,-18.0,-4.01,0.99,10.91,29.08,271.0
"2025-03-20 00:00:00",AA,13,149,-17.0,-4.01,0.0,15.96,68.72,233.0
"2025-03-20 00:00:00",UA,11,126,-13.0,-5.0,-0.99,10.91,59.75,246.0
"2025-03-20 00:00:00",AA,11,167,-14.0,-5.0,-1.99,7.92,40.86,220.0
"2025-03-20 00:00:00",WN,20,274,-14.0,-2.97,1.99,19.11,50.91,227.0
"2025-03-20 00:00:00",AA,7,217,-14.0,-5.99,-4.01,0.0,21.12,512.0
"2025-03-20 00:00:00",WN,8,267,-11.0,-4.01,-1.99,0.99,10.07,93.0
"2025-03-20 00:00:00",AA,8,199,-12.0,-5.0,-2.97,2.97,30.27,363.0
"2025-03-20 00:00:00",UA,1,1,-4.0,-4.0,-4.0,-4.0,-4.0,-4.0
"2025-03-20 00:00:00",UA,5,42,-11.0,-7.92,-5.99,-0.99,4.01,204.0
