"2025-04-24 00:00:00",WN,7,273,-10.0,-5.0,-1.99,0.99,8.94,188.0
"2025-04-24 00:00:00",WN,23,6,6.0,7.03,13.07,32.79,49.9,74.0
"2025-04-24 00:00:00",AA,14,141,-10.0,-5.0,0.0,52.99,106.71,235.0
"2025-04-24 00:00:00",WN,22,16,-2.0,0.0,10.07,13.87,25.79,66.0
"2025-04-24 00:00:00",DL,0,5,-11.0,-8.94,-0.99,0.0,0.0,53.0
"2025-04-24 00:00:00",WN,5,212,-12.0,-5.0,-2.97,-0.99,2.97,206.0
"2025-04-24 00:00:00",DL,22,117,-11.0,-2.97,0.0,13.87,34.82,101.0
"2025-04-24 00:00:00",WN,12,230,-9.0,-1.99,1.99,16.95,39.25,222.0
"2025-04-24 00:00:00",WN,14,227,-9.0,0.0,8.94,29.08,82.28,253.0
"2025-04-24 00:00:00",WN,10,236,-12.0,-4.01,0.0,8.94,32.14,208.0
"2025-04-24 00:00:00",AA,15,139,-11.0,-1.99,5.99,37.72,111.06,362.0
"2025-04-24 00:00:00",UA,20,82,-8.0,16.95,43.38,77.49,141.19,634.0
"2025-04-24 00:00:00",UA,7,202,-15.0,-7.03,-5.0,-1.99,15.96,257.0
"2025-04-24 00:00:00",DL,20,126,-15.0,-5.0,0.0,16.95,39.25,377.0
"2025-04-24 00:00:00",AA,16,142,-10.0,-2.97,10.91,50.91,111.06,382.0
"2025-04-24 00:00:00",UA,6,132,-15.0,-7.92,-5.99,-2.97,0.0,45.0
"2025-04-24 00:00:00",DL,17,187,-24.0,-5.99,0.0,15.96,54.06,397.0
"2025-04-24 00:00:00",WN,6,279,-12.0,-5.0,-2.97,-0.99,5.0,80.0
"2025-04-24 00:00:00",UA,17,131,-9.0,-2.97,7.92,43.38,175.94,383.0
"2025-04-25 00:00:00",WN,14,227,-9.0,-0.99,7.03,27.94,50.91,105.0
"2025-04-25 00:00:00",WN,12,238,-10.0,-0.99,7.92,24.78,46.07,273.0
"2025-04-25 00:00:00",WN,23,6,-4.0,-0.99,0.0,2.97,7.92,79.0
"2025-04-25 00:00:00",DL,0,8,-9.0,-7.92,-5.0,5.0,21.98,50.0
"2025-04-25 00:00:00",WN,10,239,-10.0,-1.99,0.0,12.06,30.27,261.0
"2025-04-25 00:00:00",WN,7,278,-10.0,-4.01,-1.99,1.99,12.06,172.0
"2025-04-25 00:00:00",UA,6,133,-16.0,-7.03,-5.0,-0.99,5.99,72.0
"2025-04-25 00:00:00",WN,5,213,-10.0,-5.0,-1.99,0.0,4.01,152.0
"2025-04-25 00:00:00",AA,14,152,-13.0,-4.01,0.0,13.87,37.72,407.0
"2025-04-25 00:00:00",UA,7,201,-12.0,-7.03,-4.01,0.0,12.06,162.0
"2025-04-25 00:00:00",WN,6,281,-12.0,-5.0,-2.97,0.0,5.99,206.0
"2025-04-25 00:00:00",WN,22,16,-9.0,0.0,13.87,21.12,36.97,115.0
"2025-04-25 00:00:00",DL,22,117,-12.0,-5.0,16.95,48.91,92.77,496.0
"2025-04-25 00:00:00",DL,20,122,-18.0,-5.99,0.0,15.03,30.27,270.0
"2025-04-25 00:00:00",UA,20,83,-16.0,-1.99,16.95,39.25,63.44,183.0
"2025-04-25 00:00:00",UA,17,132,-12.0,-2.97,7.03,23.81,89.13,325.0
"2025-04-25 00:00:00",AA,15,144,-14.0,-5.0,0.0,16.95,44.26,437.0
"2025-04-25 00:00:00",AA,16,149,-17.0,-4.01,0.99,19.89,41.68,155.0
"2025-04-25 00:00:00",DL,17,187,-19.0,-5.99,-0.99,10.07,34.13,988.0
