"2025-01-26 00:00:00",WN,6,299,-12.0,-7.03,-5.0,-1.99,1.99,326.0
"2025-01-26 00:00:00",DL,20,100,-15.0,-7.03,-1.99,5.0,36.97,299.0
"2025-01-26 00:00:00",DL,17,170,-19.0,-7.03,-4.01,0.0,13.07,140.0
"2025-01-26 00:00:00",UA,17,145,-14.0,-5.99,-2.97,0.0,5.99,67.0
"2025-01-26 00:00:00",WN,22,3,-13.0,-13.0,-7.92,-7.92,-7.92,7.0
"2025-01-26 00:00:00",WN,14,220,-14.0,-4.01,0.0,10.07,22.88,142.0
"2025-01-26 00:00:00",AA,15,113,-11.0,-5.0,-1.99,10.07,30.88,381.0
"2025-01-26 00:00:00",AA,16,157,-20.0,-5.0,-0.99,7.92,34.13,462.0
"2025-01-26 00:00:00",WN,10,232,-14.0,-5.99,-2.97,0.99,10.07,176.0
"2025-01-26 00:00:00",UA,7,165,-16.0,-7.92,-5.99,-1.99,1.99,169.0
"2025-01-26 00:00:00",WN,12,227,-12.0,-5.0,-0.99,7.03,21.98,125.0
"2025-01-26 00:00:00",WN,7,213,-13.0,-7.03,-5.0,-1.99,2.97,211.0
"2025-01-26 00:00:00",WN,5,96,-12.0,-5.99,-4.01,-0.99,5.0,98.0
"2025-01-26 00:00:00",UA,6,110,-13.0,-7.92,-5.99,-2.97,0.99,88.0
"2025-01-26 00:00:00",AA,14,157,-21.0,-4.01,-1.99,7.03,22.88,250.0
"2025-01-26 00:00:00",UA,20,85,-16.0,-2.97,0.99,10.91,36.24,129.0
"2025-01-26 00:00:00",DL,22,90,-16.0,-5.99,-2.97,2.97,16.95,156.0
"2025-01-26 00:00:00",DL,0,1,-10.0,-10.0,-10.0,-10.0,-10.0,-10.0
"2025-01-27 00:00:00",DL,17,167,-17.0,-10.07,-5.99,-0.99,13.07,157.0
"2025-01-27 00:00:00",UA,17,141,-17.0,-7.92,-5.0,-1.99,8.94,161.0
"2025-01-27 00:00:00",DL,20,92,-19.0,-7.92,-5.0,-0.99,10.91,124.0
"2025-01-27 00:00:00",UA,20,81,-19.0,-7.92,-4.01,-0.99,17.99,121.0
"2025-01-27 00:00:00",WN,7,190,-10.0,-5.99,-4.01,-1.99,5.0,97.0
"2025-01-27 00:00:00",DL,22,91,-16.0,-8.94,-5.99,-1.99,5.99,444.0
"2025-01-27 00:00:00",UA,7,172,-18.0,-8.94,-5.99,-2.97,0.0,552.0
"2025-01-27 00:00:00",WN,5,29,-12.0,-7.03,-5.0,-2.97,-0.99,2.0
"2025-01-27 00:00:00",WN,10,201,-11.0,-5.0,-1.99,1.99,13.07,93.0
"2025-01-27 00:00:00",UA,6,110,-16.0,-8.94,-5.99,-4.01,-0.99,33.0
"2025-01-27 00:00:00",WN,6,224,-14.0,-5.99,-4.01,-1.99,0.99,564.0
"2025-01-27 00:00:00",DL,0,4,-18.0,-17.99,-16.95,-10.07,-10.07,5.0
"2025-01-27 00:00:00",WN,12,182,-12.0,-5.0,-1.99,2.97,15.96,55.0
"2025-01-27 00:00:00",WN,14,220,-12.0,-5.0,-1.99,1.99,17.99,100.0
"2025-01-27 00:00:00",AA,14,147,-18.0,-5.99,-2.97,5.0,22.88,168.0
"2025-01-27 00:00:00",AA,15,120,-17.0,-5.99,-4.01,2.97,25.79,206.0
"2025-01-27 00:00:00",AA,16,142,-15.0,-5.99,-2.97,0.99,21.98,154.0
"2025-01-28 00:00:00",WN,10,201,-14.0,-5.99,-4.01,-0.99,5.0,86.0
"2025-01-28 00:00:00",UA,6,108,-17.0,-8.94,-7.03,-2.97,8.94,157.0
"2025-01-28 00:00:00",DL,0,1,-5.0,-5.0,-5.0,-5.0,-5.0,-5.0
"2025-01-28 00:00:00",AA,14,133,-15.0,-7.92,-5.99,-1.99,10.91,320.0
"2025-01-28 00:00:00",AA,16,125,-18.0,-7.92,-5.0,-1.99,2.97,94.0
"2025-01-28 00:00:00",UA,17,138,-19.0,-7.92,-5.99,0.0,12.06,251.0
"2025-01-28 00:00:00",WN,12,182,-15.0,-7.03,-5.0,-0.99,1.99,93.0
"2025-01-28 00:00:00",WN,5,29,-12.0,-7.92,-5.99,-2.97,-0.99,2.0
"2025-01-28 00:00:00",WN,7,189,-12.0,-7.03,-5.0,-2.97,-0.99,50.0
"2025-01-28 00:00:00",DL,22,84,-22.0,-10.07,-5.99,-2.97,0.0,30.0
"2025-01-28 00:00:00",DL,20,65,-18.0,-7.92,-5.99,-0.99,7.92,114.0
"2025-01-28 00:00:00",WN,14,220,-14.0,-7.03,-5.0,-1.99,0.99,56.0
"2025-01-28 00:00:00",UA,20,74,-20.0,-10.07,-7.03,-2.97,2.97,60.0
"2025-01-28 00:00:00",AA,15,115,-13.0,-7.92,-5.99,-2.97,2.97,99.0
"2025-01-28 00:00:00",DL,17,168,-24.0,-10.07,-7.03,-2.97,2.97,205.0
"2025-01-28 00:00:00",WN,6,224,-14.0,-7.03,-5.0,-2.97,-0.99,53.0
"2025-01-28 00:00:00",UA,7,150,-16.0,-8.94,-7.03,-2.97,4.01,359.0
