"2025-03-21 00:00:00",DL,12,168,-13.0,-5.0,-0.99,8.94,32.14,124.0
"2025-03-21 00:00:00",DL,18,167,-19.0,-7.03,-1.99,10.91,30.27,158.0
"2025-03-21 00:00:00",WN,19,220,-14.0,-5.0,-0.99,10.07,29.08,269.0
"2025-03-21 00:00:00",DL,8,181,-17.0,-7.03,-5.0,-0.99,8.94,354.0
"2025-03-21 00:00:00",UA,10,128,-14.0,-7.03,-4.01,0.0,10.91,136.0
"2025-03-21 00:00:00",UA,8,173,-18.0,-7.03,-5.0,-0.99,12.06,250.0
"2025-03-21 00:00:00",DL,9,133,-15.0,-5.99,-2.97,5.0,32.14,229.0
"2025-03-21 00:00:00",DL,10,162,-18.0,-5.99,-2.97,4.01,39.25,194.0
"2025-03-21 00:00:00",AA,10,138,-11.0,-5.0,-0.99,5.0,32.79,376.0
"2025-03-21 00:00:00",AA,0,10,-9.0,-5.0,-2.97,-1.99,10.91,17.0
"2025-03-21 00:00:00",UA,21,61,-11.0,-5.0,-2.97,13.07,36.97,100.0
"2025-03-21 00:00:00",AA,22,103,-13.0,-5.0,-1.99,5.99,34.13,432.0
"2025-03-21 00:00:00",UA,23,47,-15.0,-7.92,-4.01,0.99,19.11,54.0
"2025-03-21 00:00:00",UA,12,128,-11.0,-5.99,-4.01,1.99,15.03,423.0
"2025-03-21 00:00:00",DL,19,168,-19.0,-5.99,0.0,19.11,51.94,883.0
"2025-03-21 00:00:00",UA,0,8,-6.0,-0.99,2.97,21.12,25.79,39.0
"2025-03-21 00:00:00",WN,16,234,-12.0,-2.97,0.99,8.94,30.27,283.0
"2025-03-21 00:00:00",UA,18,152,-17.0,-5.0,-2.97,5.0,45.15,122.0
"2025-03-21 00:00:00",WN,18,248,-13.0,-4.01,0.0,13.07,39.25,219.0
"2025-03-21 00:00:00",WN,11,237,-13.0,-4.01,-0.99,4.01,19.11,301.0
"2025-03-21 00:00:00",AA,12,146,-16.0,-5.0,-2.97,8.94,48.91,619.0
"2025-03-21 00:00:00",DL,7,245,-14.0,-5.99,-2.97,0.99,12.06,535.0
"2025-03-22 00:00:00",WN,16,204,-10.0,-4.01,-0.99,7.03,27.94,174.0
"2025-03-22 00:00:00",AA,0,10,-10.0,-5.99,-1.99,0.0,1.99,4.0
"2025-03-22 00:00:00",UA,0,7,-11.0,-5.99,-4.01,-0.99,7.92,9.0
"2025-03-22 00:00:00",DL,7,218,-14.0,-7.03,-4.01,-0.99,7.03,66.0
"2025-03-22 00:00:00",DL,8,162,-15.0,-7.03,-4.01,0.0,15.03,98.0
"2025-03-22 00:00:00",UA,8,154,-18.0,-7.92,-4.01,-0.99,5.0,114.0
"2025-03-22 00:00:00",DL,9,140,-14.0,-5.0,-2.97,0.0,12.06,313.0
"2025-03-22 00:00:00",AA,10,129,-12.0,-5.99,-2.97,0.99,36.24,621.0
"2025-03-22 00:00:00",DL,10,128,-16.0,-5.99,-1.99,1.99,12.06,416.0
"2025-03-22 00:00:00",UA,10,117,-13.0,-5.99,-2.97,0.99,19.89,91.0
"2025-03-22 00:00:00",WN,11,225,-11.0,-4.01,-1.99,2.97,13.07,162.0
"2025-03-22 00:00:00",DL,12,144,-15.0,-7.03,-2.97,4.01,13.07,89.0
"2025-03-22 00:00:00",UA,12,103,-14.0,-5.99,-4.01,0.0,13.87,223.0
"2025-03-22 00:00:00",AA,12,125,-15.0,-5.0,-1.99,7.03,34.13,566.0
"2025-03-22 00:00:00",DL,18,138,-24.0,-5.99,-2.97,10.07,41.68,216.0
"2025-03-22 00:00:00",WN,18,226,-16.0,-4.01,-0.99,7.92,24.78,100.0
"2025-03-22 00:00:00",DL,19,86,-17.0,-5.99,-2.97,1.99,27.94,92.0
"2025-03-22 00:00:00",UA,21,48,-10.0,-5.0,-0.99,15.96,41.68,107.0
"2025-03-22 00:00:00",AA,22,100,-9.0,-5.0,-0.99,5.99,27.94,389.0
"2025-03-22 00:00:00",UA,18,124,-19.0,-5.0,-1.99,7.03,30.27,270.0
"2025-03-22 00:00:00",UA,23,41,-13.0,-7.03,-5.0,0.0,7.03,80.0
"2025-03-22 00:00:00",WN,19,224,-13.0,-5.0,-1.99,8.94,30.27,165.0
"2025-03-23 00:00:00",UA,12,119,-13.0,-7.03,-2.97,0.99,22.88,274.0
"2025-03-23 00:00:00",DL,19,171,-15.0,-5.0,0.0,19.11,56.27,292.0
"2025-03-23 00:00:00",AA,10,139,-10.0,-5.0,-1.99,7.92,29.08,545.0
"2025-03-23 00:00:00",UA,0,5,-7.0,-7.0,-5.0,-1.99,-1.99,0.0
"2025-03-23 00:00:00",WN,16,233,-10.0,-1.99,1.99,12.06,27.94,130.0
"2025-03-23 00:00:00",WN,19,243,-15.0,-2.97,4.01,15.03,36.24,253.0
"2025-03-23 00:00:00",AA,12,144,-18.0,-5.0,-1.99,7.03,40.05,537.0
"2025-03-23 00:00:00",WN,18,228,-12.0,-4.01,1.99,15.96,30.88,129.0
"2025-03-23 00:00:00",DL,18,165,-19.0,-5.99,-0.99,13.07,43.38,142.0
"2025-03-23 00:00:00",UA,18,148,-13.0,-5.0,-0.99,7.92,24.78,166.0
"2025-03-23 00:00:00",DL,12,164,-19.0,-7.03,-1.99,7.92,26.84,183.0
"2025-03-23 00:00:00",DL,7,244,-14.0,-7.03,-4.01,0.0,10.07,341.0
"2025-03-23 00:00:00",UA,8,167,-13.0,-7.03,-4.01,0.0,19.89,235.0
"2025-03-23 00:00:00",DL,8,187,-14.0,-7.03,-4.01,-0.99,7.03,163.0
"2025-03-23 00:00:00",WN,11,220,-12.0,-4.01,-0.99,5.0,13.07,272.0
"2025-03-23 00:00:00",AA,22,102,-12.0,-2.97,0.99,17.99,49.9,465.0
"2025-03-23 00:00:00",UA,23,46,-12.0,-7.03,-5.0,0.0,13.07,47.0
"2025-03-23 00:00:00",DL,10,161,-16.0,-7.03,-2.97,2.97,22.88,153.0
"2025-03-23 00:00:00",UA,10,123,-13.0,-5.99,-2.97,0.99,16.95,399.0
"2025-03-23 00:00:00",UA,21,64,-12.0,-5.99,-0.99,13.07,24.78,127.0
"2025-03-23 00:00:00",AA,0,9,-7.0,-5.0,-4.01,-0.99,21.12,34.0
"2025-03-23 00:00:00",DL,9,132,-15.0,-5.99,-2.97,0.0,15.96,163.0
"2025-03-24 00:00:00",WN,16,232,-10.0,-2.97,1.99,13.87,29.08,182.0
"2025-03-24 00:00:00",DL,10,161,-18.0,-5.0,-2.97,8.94,27.94,150.0
"2025-03-24 00:00:00",UA,0,8,-7.0,-7.0,2.97,7.92,10.91,112.0
"2025-03-24 00:00:00",DL,19,164,-17.0,-5.0,4.01,29.08,58.56,719.0
"2025-03-24 00:00:00",UA,10,128,-18.0,-7.03,-4.01,0.99,23.81,129.0
"2025-03-24 00:00:00",UA,12,130,-20.0,-7.03,-2.97,1.99,24.78,216.0
"2025-03-24 00:00:00",AA,12,144,-12.0,-5.0,-1.99,7.03,22.88,444.0
"2025-03-24 00:00:00",DL,12,167,-14.0,-5.99,-1.99,10.07,41.68,531.0
"2025-03-24 00:00:00",WN,11,237,-11.0,-2.97,0.0,7.92,21.12,209.0
"2025-03-24 00:00:00",DL,7,245,-15.0,-5.99,-2.97,0.0,10.91,449.0
"2025-03-24 00:00:00",AA,10,140,-12.0,-5.99,-2.97,4.01,19.89,511.0
"2025-03-24 00:00:00",DL,18,171,-18.0,-7.03,-0.99,10.07,34.82,174.0
"2025-03-24 00:00:00",DL,8,181,-14.0,-5.99,-2.97,0.99,13.07,565.0
"2025-03-24 00:00:00",DL,9,134,-15.0,-5.0,-1.99,8.94,32.14,844.0
"2025-03-24 00:00:00",UA,8,171,-14.0,-7.03,-4.01,0.0,13.87,327.0
"2025-03-24 00:00:00",UA,23,39,-15.0,-8.94,-5.99,-1.99,8.94,78.0
"2025-03-24 00:00:00",WN,19,220,-12.0,-5.0,0.0,12.06,37.72,190.0
"2025-03-24 00:00:00",AA,0,10,-10.0,-5.99,-5.0,-4.01,0.99,23.0
"2025-03-24 00:00:00",AA,22,102,-20.0,-5.99,-2.97,7.92,36.24,179.0
"2025-03-24 00:00:00",UA,21,57,-16.0,-7.03,-2.97,4.01,10.07,110.0
"2025-03-24 00:00:00",UA,18,152,-14.0,-5.99,-0.99,5.0,36.97,853.0
"2025-03-24 00:00:00",WN,18,247,-11.0,-4.01,0.99,15.03,34.82,143.0
