"2025-03-14 00:00:00",AA,12,119,-16.0,-4.01,-0.99,8.94,57.4,349.0
"2025-03-14 00:00:00",UA,12,128,-14.0,-5.99,-2.97,4.01,30.27,156.0
"2025-03-14 00:00:00",WN,19,221,-14.0,-2.97,7.92,29.08,60.95,261.0
"2025-03-14 00:00:00",UA,21,61,-9.0,-2.97,4.01,13.87,36.24,76.0
"2025-03-14 00:00:00",AA,22,102,-11.0,-5.0,-0.99,8.94,32.14,122.0
"2025-03-14 00:00:00",DL,19,166,-19.0,-5.0,-1.99,15.03,46.07,181.0
"2025-03-14 00:00:00",WN,16,233,-12.0,-1.99,5.0,24.78,63.44,153.0
"2025-03-14 00:00:00",DL,18,168,-16.0,-5.99,-0.99,7.92,46.07,187.0
"2025-03-14 00:00:00",WN,18,247,-12.0,-1.99,7.92,30.88,70.11,186.0
"2025-03-14 00:00:00",UA,18,153,-14.0,-4.01,0.0,15.03,59.75,214.0
"2025-03-14 00:00:00",AA,10,128,-14.0,-4.01,-0.99,5.99,23.81,285.0
"2025-03-14 00:00:00",UA,0,8,-8.0,-7.92,-5.99,-1.99,7.03,138.0
"2025-03-14 00:00:00",DL,12,168,-16.0,-7.03,-2.97,0.99,37.72,408.0
"2025-03-14 00:00:00",DL,10,161,-17.0,-5.99,-4.01,1.99,21.12,183.0
"2025-03-14 00:00:00",UA,10,128,-18.0,-7.03,-4.01,7.92,60.95,591.0
"2025-03-14 00:00:00",WN,11,238,-12.0,-2.97,0.0,7.92,22.88,264.0
"2025-03-14 00:00:00",UA,8,170,-15.0,-7.03,-4.01,0.0,23.81,123.0
"2025-03-14 00:00:00",DL,7,245,-15.0,-5.99,-2.97,0.0,7.03,165.0
"2025-03-14 00:00:00",DL,9,133,-16.0,-5.99,-2.97,0.99,15.03,68.0
"2025-03-14 00:00:00",DL,8,182,-14.0,-5.99,-4.01,0.0,13.07,177.0
"2025-03-14 00:00:00",UA,23,46,-20.0,-5.99,-0.99,8.94,21.12,79.0
"2025-03-14 00:00:00",AA,0,10,-8.0,-5.99,-1.99,0.99,13.07,20.0
