"2025-02-18 00:00:00",DL,18,144,-17.0,-2.97,2.97,23.81,54.06,810.0
"2025-02-18 00:00:00",UA,8,186,-17.0,-5.99,-4.01,-0.99,21.12,276.0
"2025-02-18 00:00:00",UA,23,25,-12.0,-7.92,-5.99,0.99,12.06,29.0
"2025-02-18 00:00:00",DL,9,122,-14.0,-4.01,0.0,13.87,40.05,220.0
"2025-02-18 00:00:00",DL,7,228,-14.0,-5.0,-0.99,5.99,25.79,877.0
"2025-02-18 00:00:00",AA,0,11,-12.0,-2.97,-1.99,2.97,40.05,90.0
"2025-02-18 00:00:00",DL,8,175,-13.0,-4.01,0.0,8.94,32.79,482.0
"2025-02-18 00:00:00",UA,0,3,-10.0,-10.0,-2.97,-2.97,-2.97,8.0
"2025-02-18 00:00:00",DL,19,117,-13.0,-2.97,0.99,23.81,55.15,964.0
"2025-02-18 00:00:00",UA,18,130,-16.0,-5.0,0.99,50.91,77.49,292.0
"2025-02-18 00:00:00",UA,21,30,-14.0,-7.03,-0.99,5.99,30.88,179.0
"2025-02-18 00:00:00",AA,22,61,-13.0,-5.99,-1.99,5.99,22.88,143.0
"2025-02-18 00:00:00",WN,18,225,-11.0,-1.99,8.94,25.79,63.44,176.0
"2025-02-18 00:00:00",WN,19,269,-15.0,-2.97,2.97,23.81,58.56,188.0
"2025-02-18 00:00:00",AA,10,132,-11.0,-5.0,-1.99,7.92,25.79,436.0
"2025-02-18 00:00:00",DL,10,153,-14.0,-4.01,0.0,19.11,47.0,320.0
"2025-02-18 00:00:00",UA,10,125,-14.0,-5.99,-2.97,4.01,30.27,496.0
"2025-02-18 00:00:00",WN,11,222,-11.0,-2.97,1.99,13.87,36.97,305.0
"2025-02-18 00:00:00",DL,12,169,-13.0,-4.01,0.0,17.99,36.97,811.0
"2025-02-18 00:00:00",UA,12,120,-13.0,-5.99,-2.97,0.99,21.12,215.0
"2025-02-18 00:00:00",AA,12,127,-10.0,-4.01,-0.99,10.07,50.91,1377.0
"2025-02-18 00:00:00",WN,16,225,-10.0,-2.97,5.99,23.81,52.99,194.0
"2025-02-19 00:00:00",UA,23,32,-17.0,-10.91,-7.92,-0.99,-0.99,10.0
"2025-02-19 00:00:00",AA,12,112,-13.0,-0.99,21.12,71.53,146.95,413.0
"2025-02-19 00:00:00",UA,8,188,-11.0,-5.99,-4.01,0.0,13.87,177.0
"2025-02-19 00:00:00",WN,16,209,-12.0,-2.97,2.97,19.89,43.38,251.0
"2025-02-19 00:00:00",WN,18,264,-14.0,-2.97,4.01,17.99,39.25,229.0
"2025-02-19 00:00:00",UA,12,122,-14.0,-5.99,-2.97,4.01,21.98,391.0
"2025-02-19 00:00:00",DL,9,122,-16.0,-7.03,-1.99,7.92,26.84,111.0
"2025-02-19 00:00:00",DL,12,173,-19.0,-5.99,-0.99,15.96,46.07,1030.0
"2025-02-19 00:00:00",AA,10,128,-13.0,-4.01,4.01,56.27,127.75,274.0
"2025-02-19 00:00:00",DL,10,155,-14.0,-5.99,-0.99,16.95,63.44,355.0
"2025-02-19 00:00:00",WN,11,264,-13.0,-2.97,0.99,13.07,39.25,244.0
"2025-02-19 00:00:00",UA,10,120,-18.0,-5.99,-2.97,4.01,30.88,441.0
"2025-02-19 00:00:00",AA,0,9,-6.0,-5.99,10.91,12.06,13.07,46.0
"2025-02-19 00:00:00",DL,8,176,-15.0,-5.0,-1.99,2.97,21.12,247.0
"2025-02-19 00:00:00",WN,19,122,-10.0,-2.97,7.92,24.78,57.4,129.0
"2025-02-19 00:00:00",UA,0,2,-12.0,-12.0,-12.0,-12.0,-12.0,-8.0
"2025-02-19 00:00:00",DL,7,227,-14.0,-5.0,-2.97,0.99,22.88,848.0
"2025-02-19 00:00:00",DL,19,119,-17.0,-2.97,0.99,17.99,57.4,925.0
"2025-02-19 00:00:00",UA,21,34,-14.0,-8.94,-4.01,2.97,12.06,71.0
"2025-02-19 00:00:00",AA,22,61,-12.0,-2.97,1.99,29.08,82.28,1105.0
"2025-02-19 00:00:00",UA,18,140,-14.0,-5.0,-1.99,10.07,29.08,786.0
"2025-02-19 00:00:00",DL,18,143,-12.0,-1.99,10.07,29.08,57.4,274.0
"2025-02-20 00:00:00",UA,23,35,-12.0,-7.92,-2.97,0.99,15.96,107.0
"2025-02-20 00:00:00",DL,8,177,-13.0,-5.99,-0.99,5.99,34.13,253.0
"2025-02-20 00:00:00",DL,9,125,-16.0,-5.0,-0.99,10.07,48.91,290.0
"2025-02-20 00:00:00",UA,21,42,-9.0,-5.0,0.0,10.07,19.11,50.0
"2025-02-20 00:00:00",UA,0,2,-6.0,-5.99,-5.99,-5.99,-5.99,0.0
"2025-02-20 00:00:00",AA,22,98,-16.0,-4.01,7.92,36.24,62.18,681.0
"2025-02-20 00:00:00",DL,10,160,-23.0,-5.99,-0.99,19.11,43.38,564.0
"2025-02-20 00:00:00",AA,12,133,-8.0,-1.99,2.97,34.13,58.56,258.0
"2025-02-20 00:00:00",DL,12,181,-16.0,-4.01,1.99,19.89,48.91,233.0
"2025-02-20 00:00:00",UA,18,154,-17.0,-5.99,-1.99,7.92,46.07,144.0
"2025-02-20 00:00:00",WN,19,268,-12.0,-2.97,5.99,29.08,62.18,231.0
"2025-02-20 00:00:00",WN,18,225,-11.0,-2.97,4.01,23.81,51.94,244.0
"2025-02-20 00:00:00",UA,12,124,-16.0,-5.0,-1.99,4.01,26.84,408.0
"2025-02-20 00:00:00",DL,18,158,-18.0,-4.01,4.01,27.94,49.9,822.0
"2025-02-20 00:00:00",WN,16,226,-10.0,-1.99,5.0,21.12,47.95,321.0
"2025-02-20 00:00:00",UA,10,126,-16.0,-5.0,-2.97,0.99,10.91,95.0
"2025-02-20 00:00:00",WN,11,224,-13.0,-2.97,0.99,10.91,32.14,209.0
"2025-02-20 00:00:00",AA,0,9,-9.0,-4.01,-1.99,4.01,13.07,106.0
"2025-02-20 00:00:00",DL,19,165,-24.0,-4.01,7.03,32.14,57.4,169.0
"2025-02-20 00:00:00",DL,7,234,-14.0,-5.99,-2.97,1.99,13.07,419.0
"2025-02-20 00:00:00",AA,10,141,-10.0,-4.01,0.0,15.03,58.56,289.0
"2025-02-20 00:00:00",UA,8,191,-14.0,-5.99,-4.01,-0.99,12.06,341.0
