"2025-03-31 00:00:00",UA,21,52,-9.0,1.99,16.95,77.49,117.93,411.0
"2025-03-31 00:00:00",AA,12,141,-12.0,-0.99,8.94,45.15,80.65,315.0
"2025-03-31 00:00:00",AA,0,9,-7.0,-5.0,-0.99,1.99,10.07,68.0
"2025-03-31 00:00:00",AA,22,83,-13.0,-0.99,15.03,47.0,96.55,369.0
"2025-03-31 00:00:00",DL,7,239,-15.0,-5.99,-2.97,4.01,59.75,640.0
"2025-03-31 00:00:00",DL,8,179,-14.0,-5.99,-1.99,7.03,49.9,489.0
"2025-03-31 00:00:00",UA,8,160,-12.0,-5.99,-4.01,0.99,34.13,451.0
"2025-03-31 00:00:00",DL,9,132,-15.0,-5.0,-0.99,17.99,44.26,432.0
"2025-03-31 00:00:00",AA,10,140,-11.0,-2.97,1.99,23.81,70.11,474.0
"2025-03-31 00:00:00",UA,23,34,-16.0,-5.0,0.0,24.78,89.13,188.0
"2025-03-31 00:00:00",DL,10,155,-14.0,-5.0,0.99,26.84,60.95,445.0
"2025-03-31 00:00:00",UA,10,130,-11.0,-5.0,-0.99,13.87,58.56,154.0
"2025-03-31 00:00:00",WN,11,232,-10.0,-1.99,4.01,25.79,67.36,489.0
"2025-03-31 00:00:00",WN,18,232,-14.0,0.99,21.12,66.03,117.93,453.0
"2025-03-31 00:00:00",DL,12,162,-13.0,-2.97,7.03,62.18,141.19,484.0
"2025-03-31 00:00:00",WN,19,204,-10.0,1.99,23.81,71.53,159.19,399.0
"2025-03-31 00:00:00",UA,0,9,-13.0,0.0,0.99,7.03,30.88,96.0
"2025-03-31 00:00:00",DL,19,138,-15.0,13.07,67.36,141.19,194.44,371.0
"2025-03-31 00:00:00",UA,12,115,-14.0,-4.01,-0.99,15.96,56.27,359.0
"2025-03-31 00:00:00",UA,18,129,-11.0,-0.99,16.95,80.65,169.04,430.0
"2025-03-31 00:00:00",DL,18,153,-17.0,13.87,55.15,115.6,223.66,446.0
"2025-03-31 00:00:00",WN,16,221,-9.0,4.01,23.81,72.97,132.97,478.0
"2025-04-01 00:00:00",DL,7,217,-19.0,-7.03,-2.97,4.01,52.99,580.0
"2025-04-01 00:00:00",WN,11,225,-12.0,-4.01,0.0,12.06,27.94,200.0
"2025-04-01 00:00:00",DL,19,132,-17.0,-5.0,2.97,22.88,47.0,804.0
"2025-04-01 00:00:00",UA,8,159,-14.0,-7.03,-4.01,0.0,10.07,130.0
"2025-04-01 00:00:00",DL,8,169,-14.0,-5.0,-1.99,19.11,56.27,233.0
"2025-04-01 00:00:00",UA,10,129,-12.0,-5.99,-2.97,2.97,22.88,194.0
"2025-04-01 00:00:00",DL,10,151,-15.0,-5.0,-0.99,15.96,36.97,146.0
"2025-04-01 00:00:00",DL,9,131,-14.0,-4.01,0.0,15.96,56.27,398.0
"2025-04-01 00:00:00",AA,10,138,-14.0,-5.0,-1.99,12.06,63.44,556.0
"2025-04-01 00:00:00",UA,0,8,-7.0,-7.0,-5.0,-0.99,40.05,590.0
"2025-04-01 00:00:00",AA,0,9,-8.0,-1.99,15.03,47.0,67.36,103.0
"2025-04-01 00:00:00",AA,12,145,-24.0,-4.01,-0.99,13.87,40.86,153.0
"2025-04-01 00:00:00",UA,12,116,-17.0,-7.03,-4.01,0.0,10.07,98.0
"2025-04-01 00:00:00",WN,18,216,-13.0,-5.0,-0.99,12.06,27.94,80.0
"2025-04-01 00:00:00",AA,22,100,-15.0,-5.0,-2.97,5.99,34.13,90.0
"2025-04-01 00:00:00",UA,23,32,-14.0,-10.07,-7.03,-4.01,0.0,67.0
"2025-04-01 00:00:00",UA,21,39,-16.0,-10.07,-5.99,-2.97,0.0,7.0
"2025-04-01 00:00:00",WN,19,270,-15.0,-5.0,-0.99,10.91,34.13,233.0
"2025-04-01 00:00:00",UA,18,120,-17.0,-7.03,-2.97,5.0,22.88,126.0
"2025-04-01 00:00:00",DL,12,162,-11.0,-5.0,0.99,19.11,57.4,578.0
"2025-04-01 00:00:00",WN,16,236,-11.0,-5.0,0.0,10.91,30.27,127.0
"2025-04-01 00:00:00",DL,18,157,-21.0,-5.99,-1.99,15.96,47.95,192.0
