"2025-02-12 00:00:00",AA,0,4,-7.0,-7.0,0.0,0.99,0.99,2.0
"2025-02-12 00:00:00",UA,21,27,-11.0,-5.99,-1.99,12.06,77.49,116.0
"2025-02-12 00:00:00",UA,18,130,-15.0,-4.01,4.01,39.25,115.6,294.0
"2025-02-12 00:00:00",UA,10,111,-13.0,-5.0,-0.99,10.91,67.36,326.0
"2025-02-12 00:00:00",WN,18,255,-21.0,-1.99,5.0,21.12,40.05,149.0
"2025-02-12 00:00:00",WN,19,118,-11.0,-5.0,0.0,21.98,71.53,135.0
"2025-02-12 00:00:00",AA,22,58,-11.0,-5.0,-0.99,7.92,39.25,381.0
"2025-02-12 00:00:00",UA,23,26,-13.0,-5.0,-2.97,7.03,27.94,145.0
"2025-02-12 00:00:00",DL,19,110,-17.0,-1.99,5.99,24.78,82.28,988.0
"2025-02-12 00:00:00",WN,16,205,-12.0,-2.97,1.99,19.11,46.07,212.0
"2025-02-12 00:00:00",DL,10,150,-13.0,-5.0,-0.99,15.96,36.97,204.0
"2025-02-12 00:00:00",WN,11,252,-15.0,-4.01,0.0,15.96,40.05,158.0
"2025-02-12 00:00:00",DL,18,138,-14.0,-0.99,10.91,30.27,67.36,817.0
"2025-02-12 00:00:00",UA,0,3,-9.0,-8.94,-5.99,-5.99,-5.99,2.0
"2025-02-12 00:00:00",AA,12,130,-12.0,-4.01,-0.99,21.98,63.44,390.0
"2025-02-12 00:00:00",DL,12,163,-14.0,-5.0,2.97,24.78,56.27,1160.0
"2025-02-12 00:00:00",AA,10,129,-13.0,-5.0,0.99,21.98,67.36,213.0
"2025-02-12 00:00:00",UA,12,130,-14.0,-4.01,2.97,25.79,80.65,540.0
"2025-02-12 00:00:00",DL,7,214,-15.0,-5.99,-2.97,1.99,34.13,569.0
"2025-02-12 00:00:00",DL,8,174,-16.0,-5.99,-1.99,1.99,26.84,122.0
"2025-02-12 00:00:00",DL,9,119,-21.0,-5.0,-1.99,7.03,45.15,159.0
"2025-02-12 00:00:00",UA,8,174,-16.0,-5.99,-2.97,0.0,13.07,503.0
"2025-02-13 00:00:00",WN,16,213,-9.0,5.0,21.98,55.15,135.65,329.0
"2025-02-13 00:00:00",DL,18,160,-15.0,-1.99,15.03,52.99,122.75,770.0
"2025-02-13 00:00:00",DL,8,175,-14.0,-5.0,-0.99,15.03,32.79,913.0
"2025-02-13 00:00:00",AA,10,145,-13.0,-4.01,0.0,10.07,26.84,518.0
"2025-02-13 00:00:00",DL,10,157,-16.0,-4.01,0.0,21.98,48.91,442.0
"2025-02-13 00:00:00",UA,10,124,-16.0,-5.0,-0.99,13.07,56.27,380.0
"2025-02-13 00:00:00",UA,8,189,-14.0,-5.0,-1.99,7.03,37.72,232.0
"2025-02-13 00:00:00",UA,18,154,-15.0,-2.97,0.99,40.86,111.06,390.0
"2025-02-13 00:00:00",AA,22,99,-15.0,0.0,12.06,40.05,108.86,634.0
"2025-02-13 00:00:00",WN,18,193,-8.0,7.92,30.27,80.65,172.45,338.0
"2025-02-13 00:00:00",WN,19,220,-10.0,7.92,26.84,71.53,175.94,421.0
"2025-02-13 00:00:00",UA,21,42,-7.0,0.99,25.79,46.07,70.11,681.0
"2025-02-13 00:00:00",DL,19,165,-13.0,0.0,22.88,58.56,113.31,338.0
"2025-02-13 00:00:00",AA,0,8,-10.0,-8.94,-5.99,-5.0,13.87,16.0
"2025-02-13 00:00:00",DL,7,232,-16.0,-5.99,-1.99,2.97,19.11,410.0
"2025-02-13 00:00:00",DL,9,125,-13.0,-5.0,0.0,22.88,58.56,671.0
"2025-02-13 00:00:00",UA,12,123,-16.0,-4.01,2.97,30.27,82.28,277.0
"2025-02-13 00:00:00",DL,12,181,-10.0,-2.97,5.0,36.24,82.28,245.0
"2025-02-13 00:00:00",AA,12,135,-10.0,-2.97,4.01,26.84,56.27,464.0
"2025-02-13 00:00:00",UA,23,34,-14.0,-4.01,8.94,21.98,30.88,206.0
"2025-02-13 00:00:00",UA,0,2,-2.0,-1.99,-1.99,-1.99,-1.99,11.0
"2025-02-13 00:00:00",WN,11,221,-12.0,-2.97,0.99,23.81,98.5,458.0
"2025-02-14 00:00:00",UA,23,36,-13.0,-7.03,-4.01,7.03,13.87,121.0
"2025-02-14 00:00:00",DL,12,180,-11.0,-4.01,0.0,22.88,50.91,537.0
"2025-02-14 00:00:00",AA,0,12,-10.0,-5.99,-4.01,2.97,13.07,485.0
"2025-02-14 00:00:00",WN,11,223,-11.0,-2.97,0.99,10.07,40.05,273.0
"2025-02-14 00:00:00",UA,18,153,-18.0,-4.01,0.0,19.89,68.72,394.0
"2025-02-14 00:00:00",AA,10,145,-10.0,-4.01,-0.99,8.94,30.27,249.0
"2025-02-14 00:00:00",AA,12,137,-12.0,-2.97,0.0,13.87,54.06,1202.0
"2025-02-14 00:00:00",UA,0,3,28.0,28.0,36.97,36.97,36.97,109.0
"2025-02-14 00:00:00",WN,16,222,-10.0,-0.99,5.99,23.81,58.56,204.0
"2025-02-14 00:00:00",AA,22,96,-17.0,-4.01,-0.99,15.96,80.65,560.0
"2025-02-14 00:00:00",WN,19,238,-13.0,-2.97,5.99,26.84,72.97,254.0
"2025-02-14 00:00:00",WN,18,203,-13.0,-2.97,10.91,30.88,62.18,250.0
"2025-02-14 00:00:00",DL,19,166,-27.0,-2.97,7.03,30.27,57.4,353.0
"2025-02-14 00:00:00",UA,21,42,-9.0,-2.97,7.92,41.68,115.6,155.0
"2025-02-14 00:00:00",DL,18,159,-15.0,-0.99,13.87,40.86,104.6,308.0
"2025-02-14 00:00:00",DL,10,163,-17.0,-5.0,5.0,29.08,57.4,282.0
"2025-02-14 00:00:00",UA,10,123,-13.0,-5.0,-1.99,5.0,23.81,484.0
"2025-02-14 00:00:00",UA,12,124,-15.0,-5.0,-1.99,8.94,36.24,289.0
"2025-02-14 00:00:00",DL,7,234,-14.0,-5.99,-2.97,1.99,16.95,358.0
"2025-02-14 00:00:00",DL,8,173,-12.0,-5.0,-1.99,4.01,21.12,790.0
"2025-02-14 00:00:00",UA,8,193,-13.0,-5.99,-2.97,2.97,30.27,482.0
"2025-02-14 00:00:00",DL,9,128,-17.0,-4.01,0.0,21.12,45.15,172.0
"2025-02-15 00:00:00",AA,22,63,-10.0,-2.97,5.99,25.79,68.72,439.0
"2025-02-15 00:00:00",DL,8,146,-15.0,-4.01,1.99,17.99,36.24,289.0
"2025-02-15 00:00:00",UA,10,116,-13.0,-5.0,-0.99,8.94,29.08,146.0
"2025-02-15 00:00:00",AA,10,122,-11.0,-5.0,-1.99,10.07,30.27,176.0
"2025-02-15 00:00:00",UA,8,168,-13.0,-5.99,-2.97,4.01,21.12,135.0
"2025-02-15 00:00:00",DL,10,121,-13.0,-2.97,2.97,32.79,98.5,404.0
"2025-02-15 00:00:00",DL,9,126,-13.0,-4.01,2.97,23.81,54.06,796.0
"2025-02-15 00:00:00",AA,12,132,-13.0,-4.01,1.99,16.95,47.0,1172.0
"2025-02-15 00:00:00",AA,0,11,-12.0,-7.03,0.0,5.0,13.87,28.0
"2025-02-15 00:00:00",DL,19,96,-13.0,0.0,21.98,58.56,120.31,701.0
"2025-02-15 00:00:00",UA,21,28,-15.0,-5.99,0.0,24.78,46.07,92.0
"2025-02-15 00:00:00",WN,19,229,-13.0,-2.97,8.94,41.68,85.64,193.0
"2025-02-15 00:00:00",DL,12,151,-14.0,-4.01,8.94,41.68,75.95,333.0
"2025-02-15 00:00:00",UA,0,3,-10.0,-10.0,-7.92,-7.92,-7.92,-7.0
"2025-02-15 00:00:00",UA,12,102,-12.0,-5.99,-1.99,7.92,25.79,277.0
"2025-02-15 00:00:00",UA,18,110,-10.0,-2.97,1.99,22.88,49.9,244.0
"2025-02-15 00:00:00",DL,7,204,-19.0,-5.99,-1.99,2.97,21.12,306.0
"2025-02-15 00:00:00",WN,16,192,-15.0,-2.97,5.99,34.13,70.11,457.0
"2025-02-15 00:00:00",WN,18,225,-15.0,-2.97,8.94,55.15,106.71,321.0
"2025-02-15 00:00:00",DL,18,118,-14.0,-0.99,22.88,58.56,108.86,1000.0
"2025-02-15 00:00:00",UA,23,25,-10.0,-7.03,-1.99,12.06,39.25,84.0
"2025-02-15 00:00:00",WN,11,207,-9.0,-2.97,1.99,19.11,45.15,571.0
