"2025-02-28 00:00:00",UA,22,33,-14.0,-7.03,-4.01,-0.99,5.99,94.0
"2025-02-28 00:00:00",AA,18,163,-16.0,-5.0,-0.99,8.94,56.27,367.0
"2025-02-28 00:00:00",AA,8,199,-14.0,-5.99,-4.01,-0.99,8.94,350.0
"2025-02-28 00:00:00",DL,1,2,-7.0,-7.0,-7.0,-7.0,-7.0,-4.0
"2025-02-28 00:00:00",UA,19,135,-17.0,-7.03,-2.97,2.97,13.87,112.0
"2025-02-28 00:00:00",UA,1,1,-12.0,-12.0,-12.0,-12.0,-12.0,-12.0
"2025-02-28 00:00:00",WN,20,264,-15.0,-5.99,-4.01,1.99,19.11,141.0
"2025-02-28 00:00:00",UA,5,31,-11.0,-7.03,-5.99,-0.99,1.99,8.0
"2025-02-28 00:00:00",DL,5,69,-14.0,-7.92,-5.99,-2.97,0.0,75.0
"2025-02-28 00:00:00",AA,23,30,-13.0,-5.99,-1.99,2.97,15.03,65.0
"2025-02-28 00:00:00",UA,15,89,-17.0,-5.0,-2.97,2.97,15.96,124.0
"2025-02-28 00:00:00",WN,8,272,-10.0,-4.01,-1.99,0.0,5.99,244.0
"2025-02-28 00:00:00",AA,17,162,-12.0,-5.0,-2.97,10.91,45.15,273.0
"2025-02-28 00:00:00",WN,15,238,-15.0,-5.0,-1.99,5.99,21.12,245.0
"2025-02-28 00:00:00",AA,7,208,-13.0,-5.99,-4.01,-0.99,10.07,1820.0
"2025-02-28 00:00:00",WN,13,224,-10.0,-4.01,-0.99,4.01,13.87,146.0
"2025-02-28 00:00:00",UA,9,134,-11.0,-5.99,-4.01,-0.99,10.91,116.0
"2025-02-28 00:00:00",DL,14,139,-19.0,-5.99,-2.97,1.99,21.12,150.0
"2025-02-28 00:00:00",UA,14,132,-12.0,-7.03,-5.0,0.0,10.91,148.0
"2025-02-28 00:00:00",AA,11,165,-10.0,-4.01,-2.97,1.99,30.27,1332.0
"2025-02-28 00:00:00",UA,11,129,-13.0,-5.99,-4.01,-0.99,2.97,287.0
"2025-02-28 00:00:00",AA,13,142,-13.0,-5.0,-2.97,4.01,19.89,298.0
"2025-03-01 00:00:00",DL,5,59,-17.0,-8.94,-5.99,-2.97,1.99,369.0
"2025-03-01 00:00:00",UA,1,1,-2.0,-2.0,-2.0,-2.0,-2.0,-2.0
"2025-03-01 00:00:00",DL,1,2,-6.0,-5.99,-5.99,-5.99,-5.99,-5.0
"2025-03-01 00:00:00",UA,5,35,-12.0,-8.94,-5.99,-0.99,7.03,46.0
"2025-03-01 00:00:00",AA,7,169,-15.0,-7.03,-4.01,-1.99,4.01,190.0
"2025-03-01 00:00:00",AA,18,133,-17.0,-5.99,-0.99,10.91,39.25,344.0
"2025-03-01 00:00:00",UA,19,107,-12.0,-4.01,-0.99,4.01,21.12,167.0
"2025-03-01 00:00:00",UA,22,31,-11.0,-5.0,-1.99,2.97,10.91,25.0
"2025-03-01 00:00:00",AA,23,21,-10.0,-5.99,-2.97,5.0,22.88,38.0
"2025-03-01 00:00:00",WN,20,149,-17.0,-7.03,-2.97,2.97,16.95,88.0
"2025-03-01 00:00:00",AA,8,179,-12.0,-5.99,-4.01,-0.99,7.03,138.0
"2025-03-01 00:00:00",WN,8,239,-14.0,-5.0,-2.97,0.0,5.99,135.0
"2025-03-01 00:00:00",UA,9,124,-13.0,-5.99,-2.97,0.0,7.92,279.0
"2025-03-01 00:00:00",AA,11,144,-14.0,-5.99,-4.01,0.0,7.03,60.0
"2025-03-01 00:00:00",UA,11,112,-17.0,-5.0,-2.97,1.99,21.12,212.0
"2025-03-01 00:00:00",AA,13,117,-13.0,-5.0,-2.97,0.99,30.27,185.0
"2025-03-01 00:00:00",WN,13,198,-12.0,-5.0,-1.99,4.01,16.95,141.0
"2025-03-01 00:00:00",DL,14,119,-21.0,-5.99,-2.97,2.97,17.99,432.0
"2025-03-01 00:00:00",UA,14,120,-14.0,-5.99,-0.99,5.99,36.97,329.0
"2025-03-01 00:00:00",WN,15,218,-13.0,-4.01,0.0,10.07,22.88,116.0
"2025-03-01 00:00:00",UA,15,76,-11.0,-5.0,0.0,7.92,36.24,351.0
"2025-03-01 00:00:00",AA,17,135,-14.0,-5.99,-2.97,5.99,32.14,315.0
"2025-03-02 00:00:00",UA,11,125,-13.0,-5.99,-4.01,-0.99,15.03,120.0
"2025-03-02 00:00:00",AA,18,161,-16.0,-4.01,1.99,23.81,70.11,254.0
"2025-03-02 00:00:00",AA,7,203,-14.0,-7.92,-5.0,-1.99,10.07,1038.0
"2025-03-02 00:00:00",WN,8,274,-13.0,-5.0,-2.97,0.0,7.03,124.0
"2025-03-02 00:00:00",DL,5,69,-15.0,-8.94,-5.99,-2.97,5.0,115.0
"2025-03-02 00:00:00",AA,8,194,-13.0,-5.99,-4.01,0.0,13.07,172.0
"2025-03-02 00:00:00",DL,1,2,-11.0,-10.91,-10.91,-10.91,-10.91,-5.0
"2025-03-02 00:00:00",UA,22,32,-11.0,-7.92,-4.01,-1.99,4.01,40.0
"2025-03-02 00:00:00",UA,19,134,-14.0,-5.0,-0.99,5.99,27.94,175.0
"2025-03-02 00:00:00",AA,23,31,-14.0,-7.92,-4.01,7.92,15.96,45.0
"2025-03-02 00:00:00",WN,20,263,-12.0,-4.01,0.0,15.03,34.13,106.0
"2025-03-02 00:00:00",UA,5,29,-10.0,-7.03,-4.01,-0.99,10.07,444.0
"2025-03-02 00:00:00",DL,14,135,-18.0,-5.99,-2.97,4.01,23.81,260.0
"2025-03-02 00:00:00",UA,14,126,-13.0,-5.99,-4.01,1.99,23.81,131.0
"2025-03-02 00:00:00",UA,15,85,-14.0,-7.03,-4.01,0.0,8.94,213.0
"2025-03-02 00:00:00",AA,17,164,-11.0,-4.01,0.0,24.78,63.44,413.0
"2025-03-02 00:00:00",WN,15,238,-10.0,-1.99,1.99,13.87,27.94,220.0
"2025-03-02 00:00:00",AA,13,143,-13.0,-5.0,-2.97,2.97,19.11,129.0
"2025-03-02 00:00:00",UA,9,134,-14.0,-5.99,-2.97,0.99,16.95,170.0
"2025-03-02 00:00:00",WN,13,225,-14.0,-4.01,0.0,5.99,16.95,123.0
"2025-03-02 00:00:00",AA,11,167,-11.0,-5.99,-4.01,0.99,19.89,238.0
