"2025-01-16 00:00:00",UA,22,25,-13.0,-7.03,-4.01,0.0,5.0,23.0
"2025-01-16 00:00:00",UA,1,1,8.0,8.0,8.0,8.0,8.0,8.0
"2025-01-16 00:00:00",UA,5,25,-13.0,-7.03,-5.0,-2.97,-1.99,19.0
"2025-01-16 00:00:00",DL,5,65,-15.0,-7.92,-5.99,-1.99,1.99,246.0
"2025-01-16 00:00:00",UA,9,152,-15.0,-7.03,-4.01,-0.99,7.03,186.0
"2025-01-16 00:00:00",UA,15,93,-15.0,-5.99,-4.01,0.99,13.87,263.0
"2025-01-16 00:00:00",AA,23,27,-9.0,-5.99,-2.97,5.0,12.06,55.0
"2025-01-16 00:00:00",WN,20,180,-13.0,-5.99,-2.97,5.0,22.88,243.0
"2025-01-16 00:00:00",DL,1,2,-5.0,-5.0,-5.0,-5.0,-5.0,-4.0
"2025-01-16 00:00:00",AA,18,168,-13.0,-4.01,-0.99,10.07,34.82,1000.0
"2025-01-16 00:00:00",AA,11,159,-12.0,-5.99,-1.99,2.97,13.07,256.0
"2025-01-16 00:00:00",UA,19,104,-15.0,-5.99,-2.97,2.97,16.95,189.0
"2025-01-16 00:00:00",AA,7,207,-14.0,-7.03,-4.01,0.0,7.92,393.0
"2025-01-16 00:00:00",WN,8,267,-11.0,-5.0,-2.97,0.0,5.0,175.0
"2025-01-16 00:00:00",AA,17,157,-14.0,-4.01,-0.99,12.06,40.05,147.0
"2025-01-16 00:00:00",UA,14,117,-16.0,-5.99,-2.97,0.99,22.88,170.0
"2025-01-16 00:00:00",UA,11,120,-11.0,-5.0,-2.97,0.99,15.96,455.0
"2025-01-16 00:00:00",WN,15,227,-15.0,-4.01,-0.99,5.0,13.87,262.0
"2025-01-16 00:00:00",AA,8,188,-16.0,-5.99,-4.01,-0.99,1.99,290.0
"2025-01-16 00:00:00",DL,14,125,-16.0,-5.99,-1.99,2.97,21.12,237.0
"2025-01-16 00:00:00",AA,13,140,-11.0,-5.99,-2.97,1.99,21.98,1098.0
"2025-01-16 00:00:00",WN,13,243,-13.0,-5.0,-1.99,4.01,15.03,156.0
"2025-01-17 00:00:00",UA,19,102,-15.0,-5.0,-1.99,5.0,21.98,164.0
"2025-01-17 00:00:00",UA,9,155,-11.0,-5.99,-4.01,-0.99,5.0,219.0
"2025-01-17 00:00:00",WN,20,180,-15.0,-5.99,-1.99,8.94,19.89,91.0
"2025-01-17 00:00:00",UA,1,1,5.0,5.0,5.0,5.0,5.0,5.0
"2025-01-17 00:00:00",UA,22,25,-12.0,-5.99,-0.99,4.01,13.07,58.0
"2025-01-17 00:00:00",AA,7,208,-13.0,-5.99,-2.97,0.0,10.07,1493.0
"2025-01-17 00:00:00",AA,23,21,-9.0,-5.0,-2.97,4.01,15.96,588.0
"2025-01-17 00:00:00",UA,5,25,-9.0,-7.03,-5.99,-0.99,4.01,5.0
"2025-01-17 00:00:00",DL,5,66,-15.0,-5.99,-4.01,0.0,4.01,409.0
"2025-01-17 00:00:00",AA,18,147,-15.0,-4.01,-1.99,13.07,34.13,241.0
"2025-01-17 00:00:00",UA,14,117,-16.0,-5.99,-4.01,-0.99,10.07,128.0
"2025-01-17 00:00:00",WN,15,227,-11.0,-2.97,0.0,7.92,19.89,159.0
"2025-01-17 00:00:00",AA,17,155,-11.0,-5.0,-1.99,1.99,19.89,118.0
"2025-01-17 00:00:00",UA,15,92,-12.0,-5.99,-2.97,1.99,13.87,130.0
"2025-01-17 00:00:00",AA,11,158,-10.0,-4.01,-0.99,5.99,34.13,182.0
"2025-01-17 00:00:00",DL,14,128,-18.0,-5.99,-2.97,5.99,19.11,442.0
"2025-01-17 00:00:00",UA,11,119,-14.0,-7.03,-4.01,0.0,7.03,175.0
"2025-01-17 00:00:00",AA,13,135,-10.0,-5.0,-1.99,8.94,43.38,191.0
"2025-01-17 00:00:00",WN,8,267,-13.0,-5.0,-1.99,0.0,5.0,111.0
"2025-01-17 00:00:00",WN,13,243,-11.0,-4.01,0.0,4.01,15.03,165.0
"2025-01-17 00:00:00",AA,8,191,-11.0,-5.0,-2.97,-0.99,13.07,159.0
"2025-01-17 00:00:00",DL,1,2,-9.0,-8.94,-8.94,-8.94,-8.94,27.0
"2025-01-18 00:00:00",AA,17,137,-14.0,-7.03,-2.97,2.97,15.96,214.0
"2025-01-18 00:00:00",UA,5,24,-11.0,-5.99,-2.97,-1.99,0.0,276.0
"2025-01-18 00:00:00",DL,5,58,-15.0,-7.03,-5.0,-0.99,5.0,1101.0
"2025-01-18 00:00:00",DL,1,2,-4.0,-4.0,-4.0,-4.0,-4.0,2.0
"2025-01-18 00:00:00",AA,7,148,-12.0,-5.99,-2.97,-0.99,5.99,232.0
"2025-01-18 00:00:00",UA,1,1,9.0,9.0,9.0,9.0,9.0,9.0
"2025-01-18 00:00:00",AA,8,176,-12.0,-5.0,-2.97,-0.99,7.03,226.0
"2025-01-18 00:00:00",WN,8,230,-12.0,-5.0,-2.97,0.0,7.03,97.0
"2025-01-18 00:00:00",UA,9,131,-13.0,-5.99,-1.99,1.99,24.78,702.0
"2025-01-18 00:00:00",AA,11,132,-15.0,-5.0,-1.99,1.99,23.81,199.0
"2025-01-18 00:00:00",UA,11,108,-13.0,-5.0,0.0,13.07,27.94,238.0
"2025-01-18 00:00:00",WN,13,193,-12.0,-4.01,-0.99,7.03,19.11,172.0
"2025-01-18 00:00:00",AA,13,113,-14.0,-5.99,-2.97,0.0,15.03,150.0
"2025-01-18 00:00:00",DL,14,112,-13.0,-7.03,-2.97,2.97,16.95,169.0
"2025-01-18 00:00:00",UA,14,108,-16.0,-5.0,-1.99,8.94,34.13,387.0
"2025-01-18 00:00:00",UA,15,76,-18.0,-5.0,-0.99,8.94,25.79,154.0
"2025-01-18 00:00:00",WN,15,178,-16.0,-5.0,-0.99,5.99,15.96,309.0
"2025-01-18 00:00:00",AA,18,131,-15.0,-5.99,-2.97,0.99,15.03,88.0
"2025-01-18 00:00:00",WN,20,33,-7.0,-2.97,-0.99,13.07,17.99,138.0
"2025-01-18 00:00:00",AA,23,17,-11.0,-4.01,-2.97,1.99,7.03,10.0
"2025-01-18 00:00:00",UA,19,81,-18.0,-5.0,1.99,15.96,36.24,131.0
"2025-01-18 00:00:00",UA,22,23,-15.0,-7.03,-5.0,-0.99,10.07,63.0
"2025-01-19 00:00:00",UA,9,139,-14.0,-5.99,-1.99,7.03,24.78,391.0
"2025-01-19 00:00:00",UA,15,80,-13.0,-5.99,-0.99,7.92,37.72,245.0
"2025-01-19 00:00:00",WN,8,238,-10.0,-5.0,-2.97,0.0,10.07,124.0
"2025-01-19 00:00:00",DL,1,2,-8.0,-7.92,-7.92,-7.92,-7.92,-3.0
"2025-01-19 00:00:00",AA,11,150,-12.0,-5.0,-2.97,1.99,19.89,355.0
"2025-01-19 00:00:00",WN,15,224,-13.0,-2.97,1.99,15.03,34.82,265.0
"2025-01-19 00:00:00",DL,14,109,-13.0,-5.0,-1.99,2.97,24.78,353.0
"2025-01-19 00:00:00",UA,14,108,-14.0,-5.99,-2.97,8.94,34.13,332.0
"2025-01-19 00:00:00",WN,13,237,-10.0,-4.01,-0.99,10.91,32.14,240.0
"2025-01-19 00:00:00",UA,11,110,-10.0,-5.99,0.0,12.06,39.25,699.0
"2025-01-19 00:00:00",AA,13,139,-15.0,-5.0,-1.99,7.03,30.27,438.0
"2025-01-19 00:00:00",AA,17,146,-12.0,-4.01,2.97,26.84,47.95,945.0
"2025-01-19 00:00:00",UA,19,89,-10.0,-1.99,5.0,17.99,47.95,780.0
"2025-01-19 00:00:00",UA,22,21,-10.0,-2.97,2.97,15.96,29.08,179.0
"2025-01-19 00:00:00",UA,5,24,-10.0,-5.99,-5.0,-0.99,15.03,38.0
"2025-01-19 00:00:00",DL,5,59,-17.0,-7.92,-5.0,0.0,10.91,162.0
"2025-01-19 00:00:00",UA,1,1,8.0,8.0,8.0,8.0,8.0,8.0
"2025-01-19 00:00:00",AA,18,147,-12.0,-2.97,5.99,36.97,82.28,1011.0
"2025-01-19 00:00:00",AA,7,160,-13.0,-7.92,-5.0,-0.99,7.92,398.0
"2025-01-19 00:00:00",AA,23,26,-10.0,-5.99,-2.97,0.99,13.87,105.0
"2025-01-19 00:00:00",AA,8,179,-13.0,-5.99,-2.97,0.0,17.99,500.0
"2025-01-19 00:00:00",WN,20,163,-9.0,1.99,13.07,29.08,59.75,128.0
"2025-01-20 00:00:00",AA,11,159,-9.0,-4.01,0.0,15.96,54.06,232.0
"2025-01-20 00:00:00",UA,14,115,-11.0,-2.97,0.99,13.07,43.38,192.0
"2025-01-20 00:00:00",WN,15,224,-12.0,0.0,15.96,43.38,77.49,187.0
"2025-01-20 00:00:00",UA,15,90,-12.0,-2.97,5.0,16.95,68.72,307.0
"2025-01-20 00:00:00",AA,17,150,-15.0,-4.01,1.99,25.79,57.4,891.0
"2025-01-20 00:00:00",AA,18,140,-14.0,-2.97,0.99,21.12,63.44,315.0
"2025-01-20 00:00:00",UA,19,102,-15.0,-1.99,7.92,24.78,66.03,179.0
"2025-01-20 00:00:00",WN,20,168,-12.0,4.01,19.89,49.9,87.37,288.0
"2025-01-20 00:00:00",UA,22,22,-7.0,-0.99,5.0,24.78,40.86,102.0
"2025-01-20 00:00:00",AA,23,21,-10.0,-4.01,-2.97,4.01,23.81,608.0
"2025-01-20 00:00:00",AA,13,133,-9.0,-2.97,0.0,21.12,64.72,257.0
"2025-01-20 00:00:00",DL,1,2,-10.0,-10.0,-10.0,-10.0,-10.0,-7.0
"2025-01-20 00:00:00",UA,11,120,-14.0,-4.01,4.01,19.89,46.07,185.0
"2025-01-20 00:00:00",WN,8,267,-13.0,-2.97,-0.99,7.03,26.84,262.0
"2025-01-20 00:00:00",UA,9,152,-11.0,-4.01,1.99,13.07,34.82,106.0
"2025-01-20 00:00:00",AA,7,202,-13.0,-5.0,-1.99,1.99,19.11,1803.0
"2025-01-20 00:00:00",AA,8,186,-10.0,-5.0,-2.97,4.01,17.99,614.0
"2025-01-20 00:00:00",UA,1,1,67.0,67.0,67.0,67.0,67.0,67.0
"2025-01-20 00:00:00",DL,5,68,-15.0,-7.92,-4.01,-0.99,27.94,541.0
"2025-01-20 00:00:00",UA,5,24,-12.0,-7.03,-5.0,1.99,5.0,36.0
"2025-01-20 00:00:00",DL,14,135,-12.0,-2.97,4.01,32.79,71.53,603.0
"2025-01-20 00:00:00",WN,13,244,-9.0,0.0,10.91,30.27,62.18,259.0
