"2025-02-10 00:00:00",DL,8,177,-16.0,-5.99,-4.01,0.0,8.94,151.0
"2025-02-10 00:00:00",DL,12,172,-17.0,-5.99,-2.97,2.97,15.96,294.0
"2025-02-10 00:00:00",AA,10,139,-16.0,-5.0,-0.99,5.0,32.79,263.0
"2025-02-10 00:00:00",AA,22,57,-13.0,-7.03,-5.0,0.0,5.0,137.0
"2025-02-10 00:00:00",UA,12,137,-13.0,-5.0,-1.99,5.0,34.82,359.0
"2025-02-10 00:00:00",UA,23,28,-10.0,-7.92,-7.03,-1.99,4.01,32.0
"2025-02-10 00:00:00",DL,19,145,-18.0,-7.92,-2.97,4.01,37.72,345.0
"2025-02-10 00:00:00",UA,21,29,-12.0,-7.92,-4.01,0.99,30.27,53.0
"2025-02-10 00:00:00",WN,19,262,-12.0,-5.0,-0.99,15.03,48.91,181.0
"2025-02-10 00:00:00",WN,16,228,-11.0,-4.01,0.99,12.06,48.91,235.0
"2025-02-10 00:00:00",DL,18,156,-18.0,-7.03,-2.97,7.03,26.84,271.0
"2025-02-10 00:00:00",UA,18,142,-21.0,-7.03,-2.97,5.0,24.78,92.0
"2025-02-10 00:00:00",WN,18,224,-13.0,-5.99,-0.99,13.07,39.25,163.0
"2025-02-10 00:00:00",UA,8,188,-13.0,-7.03,-4.01,0.0,15.96,174.0
"2025-02-10 00:00:00",UA,10,126,-12.0,-5.99,-4.01,1.99,21.12,224.0
"2025-02-10 00:00:00",DL,9,127,-15.0,-5.99,-4.01,0.0,15.03,309.0
"2025-02-10 00:00:00",WN,11,223,-14.0,-4.01,0.0,10.07,29.08,249.0
"2025-02-10 00:00:00",AA,12,137,-13.0,-4.01,-0.99,7.03,34.13,1546.0
"2025-02-10 00:00:00",DL,7,225,-17.0,-5.99,-4.01,0.0,5.99,127.0
"2025-02-10 00:00:00",UA,0,5,-2.0,-1.99,-1.99,-0.99,-0.99,43.0
"2025-02-10 00:00:00",AA,0,8,-8.0,-7.03,-4.01,-1.99,-0.99,1.0
"2025-02-10 00:00:00",DL,10,160,-18.0,-7.03,-2.97,1.99,16.95,109.0
"2025-02-11 00:00:00",UA,18,116,-28.0,-5.0,0.99,15.96,57.4,271.0
"2025-02-11 00:00:00",UA,0,3,-9.0,-8.94,-4.01,-4.01,-4.01,0.0
"2025-02-11 00:00:00",DL,7,219,-15.0,-7.92,-5.0,-1.99,2.97,914.0
"2025-02-11 00:00:00",AA,22,53,-15.0,-5.99,-4.01,4.01,26.84,70.0
"2025-02-11 00:00:00",DL,9,121,-15.0,-7.03,-4.01,0.0,22.88,142.0
"2025-02-11 00:00:00",WN,18,263,-14.0,-2.97,5.0,36.97,74.45,283.0
"2025-02-11 00:00:00",UA,10,111,-16.0,-7.03,-2.97,0.99,25.79,258.0
"2025-02-11 00:00:00",WN,16,209,-15.0,-4.01,0.0,19.89,52.99,302.0
"2025-02-11 00:00:00",AA,0,5,-11.0,-8.94,-7.03,-5.99,-5.99,-3.0
"2025-02-11 00:00:00",DL,18,134,-19.0,-7.03,-2.97,5.0,23.81,354.0
"2025-02-11 00:00:00",AA,12,129,-14.0,-5.99,-1.99,2.97,19.11,1104.0
"2025-02-11 00:00:00",WN,11,263,-13.0,-5.0,-0.99,8.94,30.88,258.0
"2025-02-11 00:00:00",AA,10,128,-15.0,-5.99,-4.01,0.99,17.99,303.0
"2025-02-11 00:00:00",DL,12,161,-17.0,-7.92,-4.01,5.0,17.99,170.0
"2025-02-11 00:00:00",UA,12,130,-15.0,-5.99,-0.99,24.78,104.6,651.0
"2025-02-11 00:00:00",DL,10,150,-18.0,-7.03,-5.0,-0.99,15.96,156.0
"2025-02-11 00:00:00",UA,23,24,-10.0,-7.92,-7.03,-1.99,0.0,95.0
"2025-02-11 00:00:00",UA,8,173,-15.0,-7.92,-5.0,-1.99,2.97,210.0
"2025-02-11 00:00:00",DL,8,173,-17.0,-7.03,-4.01,0.0,7.92,150.0
"2025-02-11 00:00:00",WN,19,116,-13.0,-5.0,0.0,21.98,57.4,261.0
"2025-02-11 00:00:00",DL,19,102,-25.0,-7.03,-4.01,5.0,30.27,124.0
"2025-02-11 00:00:00",UA,21,21,-19.0,-8.94,-5.99,-4.01,-1.99,117.0
