"2025-03-27 00:00:00",WN,16,234,-10.0,-2.97,0.99,12.06,25.79,183.0
"2025-03-27 00:00:00",AA,0,9,-9.0,-5.0,-2.97,-0.99,-0.99,48.0
"2025-03-27 00:00:00",DL,7,246,-17.0,-7.03,-5.0,-0.99,7.03,188.0
"2025-03-27 00:00:00",UA,0,6,-5.0,-4.01,-2.97,7.03,7.92,47.0
"2025-03-27 00:00:00",UA,18,153,-12.0,-7.03,-2.97,5.0,22.88,379.0
"2025-03-27 00:00:00",WN,18,245,-13.0,-4.01,1.99,19.11,30.88,197.0
"2025-03-27 00:00:00",DL,18,172,-18.0,-7.03,-2.97,4.01,19.11,216.0
"2025-03-27 00:00:00",WN,19,220,-13.0,-4.01,0.99,12.06,30.88,332.0
"2025-03-27 00:00:00",DL,19,167,-20.0,-7.03,-2.97,5.0,36.24,156.0
"2025-03-27 00:00:00",DL,12,168,-15.0,-7.03,-4.01,0.99,16.95,197.0
"2025-03-27 00:00:00",DL,8,180,-19.0,-7.03,-5.0,-1.99,8.94,80.0
"2025-03-27 00:00:00",WN,11,236,-9.0,-4.01,-0.99,2.97,12.06,65.0
"2025-03-27 00:00:00",AA,12,146,-11.0,-5.0,-1.99,4.01,19.89,133.0
"2025-03-27 00:00:00",UA,12,128,-21.0,-7.03,-4.01,-0.99,7.03,97.0
"2025-03-27 00:00:00",DL,10,162,-18.0,-7.03,-4.01,-0.99,8.94,110.0
"2025-03-27 00:00:00",UA,10,126,-16.0,-7.03,-4.01,-0.99,10.91,180.0
"2025-03-27 00:00:00",UA,8,173,-18.0,-7.92,-5.99,-1.99,10.91,444.0
"2025-03-27 00:00:00",DL,9,134,-15.0,-7.03,-4.01,0.0,15.03,640.0
"2025-03-27 00:00:00",AA,10,141,-14.0,-5.99,-2.97,4.01,29.08,276.0
"2025-03-27 00:00:00",UA,21,63,-12.0,-7.03,-1.99,4.01,16.95,137.0
"2025-03-27 00:00:00",AA,22,103,-10.0,-5.0,-0.99,10.07,27.94,1406.0
"2025-03-27 00:00:00",UA,23,45,-17.0,-7.92,-5.0,-0.99,17.99,206.0
"2025-03-28 00:00:00",WN,18,248,-13.0,-5.0,0.99,15.96,47.95,246.0
"2025-03-28 00:00:00",UA,10,128,-15.0,-5.99,-2.97,8.94,40.86,195.0
"2025-03-28 00:00:00",UA,18,153,-18.0,-5.99,-1.99,10.07,34.13,247.0
"2025-03-28 00:00:00",DL,18,165,-22.0,-7.03,-1.99,8.94,32.79,236.0
"2025-03-28 00:00:00",WN,16,233,-13.0,-2.97,1.99,17.99,45.15,246.0
"2025-03-28 00:00:00",UA,12,128,-13.0,-5.99,-2.97,2.97,21.12,291.0
"2025-03-28 00:00:00",WN,11,233,-12.0,-2.97,-0.99,5.99,26.84,159.0
"2025-03-28 00:00:00",WN,19,219,-10.0,-2.97,0.0,15.03,51.94,220.0
"2025-03-28 00:00:00",DL,19,169,-20.0,-5.99,-1.99,7.92,36.24,151.0
"2025-03-28 00:00:00",UA,21,62,-14.0,-5.99,-2.97,1.99,17.99,60.0
"2025-03-28 00:00:00",AA,22,102,-13.0,-5.0,-1.99,7.03,21.98,534.0
"2025-03-28 00:00:00",UA,23,47,-15.0,-7.92,-5.0,0.0,4.01,52.0
"2025-03-28 00:00:00",DL,12,167,-17.0,-7.03,-4.01,4.01,15.03,195.0
"2025-03-28 00:00:00",AA,12,145,-12.0,-5.0,-0.99,8.94,23.81,227.0
"2025-03-28 00:00:00",DL,9,134,-15.0,-7.03,-4.01,0.0,12.06,191.0
"2025-03-28 00:00:00",DL,10,159,-15.0,-7.03,-5.0,0.0,15.96,245.0
"2025-03-28 00:00:00",AA,10,142,-9.0,-5.0,-0.99,7.03,24.78,532.0
"2025-03-28 00:00:00",DL,7,246,-18.0,-7.03,-4.01,0.0,7.03,248.0
"2025-03-28 00:00:00",UA,8,173,-18.0,-7.03,-4.01,0.0,19.11,417.0
"2025-03-28 00:00:00",DL,8,182,-12.0,-7.03,-5.0,-0.99,13.07,758.0
"2025-03-28 00:00:00",UA,0,8,-12.0,-8.94,-7.03,-4.01,-3.0,-3.0
"2025-03-28 00:00:00",AA,0,10,-9.0,-7.03,-5.99,-1.99,-0.99,3.0
"2025-03-29 00:00:00",UA,23,41,-10.0,-5.99,-0.99,7.92,19.89,271.0
"2025-03-29 00:00:00",DL,7,217,-15.0,-7.92,-5.0,-1.99,5.0,101.0
"2025-03-29 00:00:00",AA,10,124,-18.0,-5.99,-2.97,5.0,24.78,347.0
"2025-03-29 00:00:00",DL,18,137,-18.0,-7.03,-2.97,8.94,43.38,213.0
"2025-03-29 00:00:00",AA,12,128,-13.0,-5.99,-1.99,15.96,70.11,546.0
"2025-03-29 00:00:00",UA,10,115,-13.0,-7.03,-4.01,-0.99,10.91,71.0
"2025-03-29 00:00:00",UA,18,129,-16.0,-5.99,-1.99,15.96,48.91,202.0
"2025-03-29 00:00:00",DL,10,126,-19.0,-7.92,-5.99,-0.99,7.03,72.0
"2025-03-29 00:00:00",WN,11,224,-10.0,-5.0,-1.99,1.99,10.91,90.0
"2025-03-29 00:00:00",AA,0,10,-10.0,-5.99,-2.97,2.97,183.12,487.0
"2025-03-29 00:00:00",AA,22,99,-13.0,-5.0,0.0,21.12,57.4,620.0
"2025-03-29 00:00:00",UA,0,7,-7.0,-7.0,-5.99,-2.97,-1.99,-1.0
"2025-03-29 00:00:00",WN,18,225,-15.0,-5.0,-0.99,15.03,46.07,275.0
"2025-03-29 00:00:00",DL,19,86,-15.0,-7.03,-2.97,7.92,47.95,157.0
"2025-03-29 00:00:00",WN,19,223,-15.0,-5.0,0.0,25.79,85.64,330.0
"2025-03-29 00:00:00",UA,21,50,-12.0,-5.0,0.99,16.95,34.13,140.0
"2025-03-29 00:00:00",DL,8,163,-15.0,-7.03,-5.0,-2.97,2.97,203.0
"2025-03-29 00:00:00",WN,16,203,-11.0,-4.01,0.0,10.91,50.91,232.0
"2025-03-29 00:00:00",UA,12,107,-15.0,-7.92,-5.0,-1.99,23.81,233.0
"2025-03-29 00:00:00",UA,8,155,-14.0,-7.92,-5.99,-2.97,2.97,205.0
"2025-03-29 00:00:00",DL,12,143,-15.0,-7.92,-5.0,-0.99,15.03,258.0
"2025-03-29 00:00:00",DL,9,138,-14.0,-5.99,-4.01,0.0,12.06,217.0
"2025-03-30 00:00:00",UA,8,157,-16.0,-5.99,-2.97,0.99,15.96,167.0
"2025-03-30 00:00:00",WN,19,235,-13.0,5.0,32.14,82.28,152.95,430.0
"2025-03-30 00:00:00",DL,9,132,-15.0,-5.99,-2.97,2.97,15.96,565.0
"2025-03-30 00:00:00",AA,10,137,-13.0,-5.0,-1.99,5.99,51.94,404.0
"2025-03-30 00:00:00",DL,10,157,-17.0,-5.99,-5.0,0.0,19.89,312.0
"2025-03-30 00:00:00",UA,10,126,-14.0,-5.0,-0.99,10.91,34.82,97.0
"2025-03-30 00:00:00",DL,8,185,-15.0,-7.03,-4.01,-0.99,7.03,314.0
"2025-03-30 00:00:00",UA,21,64,-9.0,2.97,30.88,63.44,111.06,240.0
"2025-03-30 00:00:00",AA,22,89,-9.0,-0.99,10.91,37.72,96.55,471.0
"2025-03-30 00:00:00",UA,0,7,-9.0,-5.0,-0.99,-0.99,13.07,23.0
"2025-03-30 00:00:00",AA,0,9,-8.0,-5.0,-4.01,5.99,13.07,39.0
"2025-03-30 00:00:00",DL,7,247,-14.0,-7.03,-4.01,0.0,10.91,822.0
"2025-03-30 00:00:00",UA,23,39,-10.0,-0.99,7.92,41.68,80.65,191.0
"2025-03-30 00:00:00",DL,19,163,-18.0,-1.99,19.89,77.49,175.94,927.0
"2025-03-30 00:00:00",WN,16,229,-11.0,2.97,17.99,63.44,149.92,646.0
"2025-03-30 00:00:00",WN,18,219,-15.0,4.01,34.13,79.05,149.92,384.0
"2025-03-30 00:00:00",UA,18,139,-9.0,-0.99,30.27,117.93,175.94,847.0
"2025-03-30 00:00:00",DL,18,162,-19.0,-0.99,10.07,58.56,125.22,1094.0
"2025-03-30 00:00:00",UA,12,109,-11.0,-5.0,-0.99,17.99,50.91,344.0
"2025-03-30 00:00:00",DL,12,159,-15.0,-5.99,-2.97,7.92,32.14,350.0
"2025-03-30 00:00:00",WN,11,218,-17.0,-2.97,2.97,15.96,39.25,202.0
"2025-03-30 00:00:00",AA,12,138,-12.0,-4.01,1.99,26.84,75.95,1170.0
