"2025-03-20 00:00:00",DL,16,139,-12.0,-4.01,0.0,13.07,47.95,347.0
"2025-03-20 00:00:00",DL,13,158,-15.0,-5.99,-2.97,1.99,25.79,235.0
"2025-03-20 00:00:00",DL,15,181,-14.0,-2.97,0.0,8.94,39.25,404.0
"2025-03-20 00:00:00",UA,13,139,-15.0,-5.99,-1.99,7.03,34.82,284.0
"2025-03-20 00:00:00",DL,21,102,-11.0,-2.97,-0.99,13.87,30.88,835.0
"2025-03-20 00:00:00",DL,11,207,-17.0,-5.0,-1.99,5.0,22.88,337.0
"2025-03-20 00:00:00",WN,21,167,-13.0,-4.01,0.99,21.12,48.91,208.0
"2025-03-20 00:00:00",AA,9,132,-12.0,-5.0,-2.97,4.01,21.98,284.0
"2025-03-20 00:00:00",DL,23,39,-16.0,-7.03,-1.99,0.0,13.87,193.0
"2025-03-20 00:00:00",WN,9,237,-13.0,-4.01,-1.99,4.01,16.95,232.0
"2025-03-20 00:00:00",DL,6,189,-15.0,-7.92,-5.0,-0.99,5.99,441.0
"2025-03-20 00:00:00",AA,5,110,-14.0,-7.92,-5.99,-1.99,36.97,1633.0
"2025-03-20 00:00:00",AA,6,186,-13.0,-7.03,-5.0,-2.97,5.0,627.0
"2025-03-20 00:00:00",UA,16,140,-14.0,-5.0,-1.99,7.92,39.25,218.0
"2025-03-20 00:00:00",AA,19,160,-12.0,-4.01,2.97,27.94,59.75,846.0
"2025-03-20 00:00:00",WN,17,242,-15.0,-1.99,5.0,15.03,47.95,304.0
"2025-03-20 00:00:00",AA,20,129,-10.0,-2.97,4.01,23.81,63.44,184.0
"2025-03-20 00:00:00",AA,21,87,-10.0,-2.97,1.99,15.03,36.97,118.0
