"2025-04-12 00:00:00",DL,12,146,-18.0,-5.99,-2.97,5.99,21.98,554.0
"2025-04-12 00:00:00",DL,9,138,-15.0,-5.99,-2.97,2.97,30.88,343.0
"2025-04-12 00:00:00",DL,19,87,-17.0,-7.03,-2.97,0.99,29.08,166.0
"2025-04-12 00:00:00",AA,10,144,-13.0,-7.03,-2.97,1.99,21.12,205.0
"2025-04-12 00:00:00",UA,21,42,-12.0,-7.92,-4.01,1.99,15.03,48.0
"2025-04-12 00:00:00",WN,16,232,-12.0,-4.01,-0.99,7.92,22.88,101.0
"2025-04-12 00:00:00",WN,18,263,-13.0,-5.0,-1.99,5.0,23.81,178.0
"2025-04-12 00:00:00",WN,19,160,-15.0,-5.0,0.0,8.94,24.78,86.0
"2025-04-12 00:00:00",UA,18,117,-22.0,-7.92,-4.01,1.99,24.78,173.0
"2025-04-12 00:00:00",DL,18,133,-19.0,-7.03,-2.97,10.07,22.88,123.0
"2025-04-12 00:00:00",AA,12,131,-11.0,-5.99,-4.01,0.0,17.99,262.0
"2025-04-12 00:00:00",UA,12,113,-13.0,-7.03,-5.0,-1.99,0.99,346.0
"2025-04-12 00:00:00",DL,10,125,-15.0,-7.03,-4.01,0.0,26.84,263.0
"2025-04-12 00:00:00",UA,10,109,-17.0,-7.03,-4.01,0.0,13.07,519.0
"2025-04-12 00:00:00",WN,11,201,-9.0,-4.01,-0.99,4.01,17.99,110.0
"2025-04-12 00:00:00",DL,7,220,-15.0,-7.03,-4.01,0.0,15.03,290.0
"2025-04-12 00:00:00",DL,8,155,-19.0,-5.0,-1.99,0.99,10.91,80.0
"2025-04-12 00:00:00",UA,23,34,-14.0,-8.94,-5.99,-1.99,13.87,141.0
"2025-04-12 00:00:00",UA,0,8,-16.0,-8.94,-7.92,-5.99,-5.0,-3.0
"2025-04-12 00:00:00",UA,8,155,-16.0,-7.92,-5.0,-1.99,5.0,253.0
"2025-04-12 00:00:00",AA,22,79,-13.0,-5.0,-1.99,2.97,21.12,430.0
"2025-04-12 00:00:00",AA,0,9,-9.0,-7.03,-5.0,-4.01,-1.99,18.0
"2025-04-13 00:00:00",DL,18,161,-20.0,-5.0,-1.99,7.92,36.97,302.0
"2025-04-13 00:00:00",DL,7,249,-18.0,-7.92,-4.01,0.0,10.07,277.0
"2025-04-13 00:00:00",AA,10,160,-17.0,-5.0,-2.97,1.99,23.81,219.0
"2025-04-13 00:00:00",DL,12,164,-20.0,-5.99,-2.97,5.0,24.78,194.0
"2025-04-13 00:00:00",DL,10,155,-16.0,-7.03,-4.01,0.0,12.06,216.0
"2025-04-13 00:00:00",UA,12,115,-17.0,-7.03,-2.97,0.0,13.07,142.0
"2025-04-13 00:00:00",WN,16,233,-10.0,-1.99,1.99,12.06,23.81,119.0
"2025-04-13 00:00:00",UA,10,129,-13.0,-7.03,-5.0,-0.99,10.07,110.0
"2025-04-13 00:00:00",WN,11,213,-9.0,-5.0,-0.99,4.01,12.06,98.0
"2025-04-13 00:00:00",AA,12,151,-10.0,-4.01,-0.99,12.06,46.07,442.0
"2025-04-13 00:00:00",UA,8,162,-15.0,-7.03,-5.0,-1.99,5.99,127.0
"2025-04-13 00:00:00",DL,8,181,-16.0,-7.03,-4.01,-0.99,7.92,189.0
"2025-04-13 00:00:00",DL,9,133,-16.0,-5.99,-4.01,0.0,13.87,105.0
"2025-04-13 00:00:00",WN,18,245,-12.0,-1.99,4.01,16.95,40.86,289.0
"2025-04-13 00:00:00",AA,22,115,-11.0,-4.01,0.0,17.99,43.38,722.0
"2025-04-13 00:00:00",AA,0,9,-10.0,-7.03,-4.01,30.27,60.95,63.0
"2025-04-13 00:00:00",UA,23,35,-15.0,-10.07,-5.0,-0.99,5.99,58.0
"2025-04-13 00:00:00",UA,0,7,-10.0,-10.0,-8.94,-5.0,-5.0,4.0
"2025-04-13 00:00:00",UA,18,143,-19.0,-7.03,-4.01,-0.99,5.0,90.0
"2025-04-13 00:00:00",DL,19,173,-19.0,-5.99,-0.99,13.07,32.79,242.0
"2025-04-13 00:00:00",WN,19,246,-15.0,-2.97,2.97,16.95,37.72,179.0
"2025-04-13 00:00:00",UA,21,64,-14.0,-7.03,-5.0,7.03,22.88,125.0
