"2025-02-05 00:00:00",UA,13,127,-14.0,-5.99,-1.99,5.99,30.27,634.0
"2025-02-05 00:00:00",DL,16,115,-21.0,-7.92,-5.0,-0.99,10.91,376.0
"2025-02-05 00:00:00",AA,20,77,-18.0,-5.99,-4.01,2.97,22.88,516.0
"2025-02-05 00:00:00",UA,16,119,-16.0,-5.99,-2.97,5.0,19.89,197.0
"2025-02-05 00:00:00",AA,19,102,-18.0,-5.99,-2.97,2.97,19.11,1098.0
"2025-02-05 00:00:00",WN,17,198,-12.0,-5.0,-1.99,8.94,40.86,113.0
"2025-02-05 00:00:00",DL,11,178,-19.0,-7.92,-5.0,-0.99,8.94,121.0
"2025-02-05 00:00:00",DL,21,67,-11.0,-7.92,-5.0,0.0,12.06,911.0
"2025-02-05 00:00:00",DL,13,139,-19.0,-7.03,-4.01,0.0,15.96,248.0
"2025-02-05 00:00:00",DL,6,179,-16.0,-8.94,-5.99,-2.97,2.97,450.0
"2025-02-05 00:00:00",AA,6,168,-15.0,-8.94,-5.99,-2.97,2.97,125.0
"2025-02-05 00:00:00",DL,15,169,-19.0,-7.03,-4.01,0.0,13.07,139.0
"2025-02-05 00:00:00",AA,9,128,-13.0,-7.92,-5.0,-2.97,2.97,636.0
"2025-02-05 00:00:00",WN,9,233,-10.0,-5.0,-4.01,-0.99,5.99,132.0
"2025-02-05 00:00:00",DL,23,18,-13.0,-7.92,-5.0,-4.01,5.0,20.0
"2025-02-05 00:00:00",AA,21,78,-15.0,-5.0,-2.97,4.01,29.08,797.0
"2025-02-05 00:00:00",UA,2,1,-12.0,-12.0,-12.0,-12.0,-12.0,-12.0
"2025-02-05 00:00:00",AA,5,80,-16.0,-10.07,-7.03,-4.01,0.0,905.0
"2025-02-05 00:00:00",WN,21,15,-10.0,-5.99,-2.97,-0.99,2.97,6.0
"2025-02-06 00:00:00",DL,21,85,-15.0,-5.99,0.0,19.11,47.95,482.0
"2025-02-06 00:00:00",WN,17,221,-14.0,-4.01,0.0,7.03,26.84,244.0
"2025-02-06 00:00:00",DL,13,146,-19.0,-5.0,-0.99,17.99,47.95,211.0
"2025-02-06 00:00:00",AA,20,124,-17.0,-5.0,-1.99,7.03,36.24,127.0
"2025-02-06 00:00:00",UA,2,1,1.0,1.0,1.0,1.0,1.0,1.0
"2025-02-06 00:00:00",UA,13,131,-17.0,-5.0,0.0,26.84,82.28,252.0
"2025-02-06 00:00:00",AA,6,158,-15.0,-7.03,-4.01,-0.99,10.07,646.0
"2025-02-06 00:00:00",AA,21,79,-19.0,-5.99,-2.97,5.0,34.13,628.0
"2025-02-06 00:00:00",UA,16,122,-15.0,-5.0,0.0,13.07,74.45,359.0
"2025-02-06 00:00:00",DL,11,187,-15.0,-5.0,-0.99,21.12,46.07,446.0
"2025-02-06 00:00:00",DL,23,25,-15.0,-7.03,-2.97,5.99,13.87,40.0
"2025-02-06 00:00:00",AA,19,147,-14.0,-5.99,-1.99,10.07,47.0,201.0
"2025-02-06 00:00:00",WN,9,216,-11.0,-4.01,-0.99,7.92,26.84,120.0
"2025-02-06 00:00:00",AA,9,118,-10.0,-5.99,-2.97,2.97,34.82,729.0
"2025-02-06 00:00:00",DL,6,182,-23.0,-7.92,-4.01,0.0,15.03,986.0
"2025-02-06 00:00:00",DL,16,132,-18.0,-5.0,0.0,15.03,52.99,362.0
"2025-02-06 00:00:00",DL,15,178,-15.0,-5.0,2.97,23.81,58.56,387.0
"2025-02-06 00:00:00",AA,5,101,-17.0,-7.92,-5.0,-1.99,10.07,361.0
"2025-02-06 00:00:00",WN,21,147,-11.0,-5.99,-2.97,5.99,29.08,162.0
"2025-02-07 00:00:00",DL,6,184,-16.0,-7.03,-4.01,0.0,5.99,443.0
"2025-02-07 00:00:00",DL,13,147,-15.0,-5.99,-1.99,7.92,37.72,271.0
"2025-02-07 00:00:00",AA,20,86,-20.0,-7.03,-4.01,1.99,10.91,81.0
"2025-02-07 00:00:00",AA,1,1,6.0,6.0,6.0,6.0,6.0,6.0
"2025-02-07 00:00:00",AA,5,103,-12.0,-7.03,-5.0,-2.97,0.0,55.0
"2025-02-07 00:00:00",AA,6,177,-12.0,-7.03,-4.01,-1.99,1.99,1675.0
"2025-02-07 00:00:00",AA,9,128,-13.0,-5.99,-4.01,0.0,13.07,274.0
"2025-02-07 00:00:00",WN,9,215,-12.0,-5.0,-1.99,1.99,12.06,64.0
"2025-02-07 00:00:00",DL,11,187,-15.0,-7.03,-2.97,1.99,19.11,402.0
"2025-02-07 00:00:00",UA,13,135,-18.0,-5.99,-2.97,0.99,13.07,382.0
"2025-02-07 00:00:00",DL,15,180,-16.0,-5.99,-2.97,5.0,21.98,142.0
"2025-02-07 00:00:00",DL,16,134,-14.0,-5.99,-2.97,4.01,23.81,124.0
"2025-02-07 00:00:00",UA,2,1,-11.0,-11.0,-11.0,-11.0,-11.0,-11.0
"2025-02-07 00:00:00",AA,21,83,-11.0,-5.99,-2.97,-0.99,27.94,165.0
"2025-02-07 00:00:00",DL,23,24,-10.0,-7.03,-1.99,7.03,16.95,39.0
"2025-02-07 00:00:00",DL,21,86,-19.0,-7.03,-4.01,0.0,10.91,116.0
"2025-02-07 00:00:00",UA,16,128,-18.0,-7.03,-2.97,0.0,23.81,144.0
"2025-02-07 00:00:00",WN,21,146,-15.0,-5.99,-1.99,5.99,17.99,118.0
"2025-02-07 00:00:00",WN,17,225,-12.0,-5.0,-0.99,10.07,32.79,132.0
"2025-02-07 00:00:00",AA,19,114,-17.0,-5.99,-4.01,2.97,17.99,91.0
"2025-02-08 00:00:00",WN,17,188,-15.0,-5.99,-1.99,5.99,23.81,107.0
"2025-02-08 00:00:00",WN,9,219,-12.0,-5.99,-2.97,-0.99,5.0,64.0
"2025-02-08 00:00:00",DL,23,19,-10.0,-5.99,-0.99,5.99,15.03,32.0
"2025-02-08 00:00:00",DL,15,138,-19.0,-7.03,-4.01,4.01,21.98,167.0
"2025-02-08 00:00:00",DL,16,103,-19.0,-7.92,-5.0,0.0,7.03,194.0
"2025-02-08 00:00:00",UA,16,109,-18.0,-8.94,-4.01,0.99,15.96,266.0
"2025-02-08 00:00:00",DL,13,128,-16.0,-7.92,-5.0,0.0,19.11,372.0
"2025-02-08 00:00:00",UA,13,121,-17.0,-7.03,-4.01,2.97,15.03,98.0
"2025-02-08 00:00:00",DL,11,170,-15.0,-5.99,-2.97,5.0,22.88,260.0
"2025-02-08 00:00:00",AA,6,166,-16.0,-7.03,-5.0,-1.99,5.0,324.0
"2025-02-08 00:00:00",WN,21,3,-9.0,-8.94,-5.0,-5.0,-5.0,-3.0
"2025-02-08 00:00:00",DL,6,172,-23.0,-8.94,-5.99,-1.99,2.97,280.0
"2025-02-08 00:00:00",AA,19,81,-12.0,-5.99,-2.97,4.01,25.79,729.0
"2025-02-08 00:00:00",AA,21,71,-11.0,-5.99,-4.01,0.0,10.07,111.0
"2025-02-08 00:00:00",AA,5,82,-13.0,-7.03,-4.01,-1.99,2.97,241.0
"2025-02-08 00:00:00",UA,2,1,-10.0,-10.0,-10.0,-10.0,-10.0,-10.0
"2025-02-08 00:00:00",DL,21,64,-23.0,-7.03,-2.97,4.01,22.88,589.0
"2025-02-08 00:00:00",AA,9,117,-14.0,-5.99,-2.97,0.99,19.11,1324.0
"2025-02-08 00:00:00",AA,20,70,-16.0,-5.99,-4.01,2.97,32.14,130.0
"2025-02-09 00:00:00",UA,2,1,-7.0,-7.0,-7.0,-7.0,-7.0,-7.0
"2025-02-09 00:00:00",AA,9,121,-12.0,-5.99,-2.97,2.97,30.88,756.0
"2025-02-09 00:00:00",DL,13,135,-15.0,-5.99,0.0,10.91,24.78,632.0
"2025-02-09 00:00:00",UA,13,130,-13.0,-5.99,-1.99,7.03,45.15,521.0
"2025-02-09 00:00:00",DL,11,173,-19.0,-5.0,-0.99,21.12,47.95,248.0
"2025-02-09 00:00:00",AA,19,150,-17.0,-5.99,-4.01,5.0,45.15,1455.0
"2025-02-09 00:00:00",DL,15,150,-15.0,-5.99,-0.99,13.07,40.05,312.0
"2025-02-09 00:00:00",AA,20,122,-13.0,-5.0,-1.99,8.94,25.79,510.0
"2025-02-09 00:00:00",AA,5,79,-14.0,-7.92,-5.99,-2.97,13.87,376.0
"2025-02-09 00:00:00",AA,21,84,-10.0,-4.01,-1.99,5.99,47.95,159.0
"2025-02-09 00:00:00",WN,21,14,-10.0,-7.03,-4.01,0.0,15.03,64.0
"2025-02-09 00:00:00",DL,23,20,-11.0,-7.92,-4.01,2.97,16.95,82.0
"2025-02-09 00:00:00",DL,21,73,-17.0,-7.92,-5.0,0.99,10.07,35.0
"2025-02-09 00:00:00",WN,9,233,-13.0,-5.0,-2.97,0.0,5.0,86.0
"2025-02-09 00:00:00",DL,16,102,-20.0,-5.99,-4.01,0.0,21.12,155.0
"2025-02-09 00:00:00",WN,17,187,-13.0,-5.0,-1.99,4.01,19.11,81.0
"2025-02-09 00:00:00",DL,6,164,-20.0,-8.94,-4.01,0.0,10.07,376.0
"2025-02-09 00:00:00",AA,6,153,-13.0,-7.92,-5.99,-2.97,5.0,911.0
"2025-02-09 00:00:00",UA,16,125,-14.0,-5.99,-1.99,5.99,21.12,173.0
