"2025-04-25 00:00:00",DL,11,218,-13.0,-5.99,-2.97,5.0,21.98,140.0
"2025-04-25 00:00:00",AA,5,108,-13.0,-5.99,-4.01,-0.99,19.11,202.0
"2025-04-25 00:00:00",DL,23,36,-13.0,-7.03,-2.97,29.08,64.72,134.0
"2025-04-25 00:00:00",AA,9,134,-10.0,-5.0,-2.97,2.97,32.14,290.0
"2025-04-25 00:00:00",WN,9,235,-10.0,-2.97,0.0,10.91,29.08,90.0
"2025-04-25 00:00:00",AA,6,192,-14.0,-5.99,-4.01,-0.99,8.94,130.0
"2025-04-25 00:00:00",AA,1,1,11.0,11.0,11.0,11.0,11.0,11.0
"2025-04-25 00:00:00",DL,15,194,-12.0,-5.99,-0.99,10.91,32.14,287.0
"2025-04-25 00:00:00",UA,13,128,-10.0,-4.01,7.92,34.13,87.37,183.0
"2025-04-25 00:00:00",WN,21,193,-13.0,-2.97,12.06,39.25,72.97,169.0
"2025-04-25 00:00:00",DL,13,155,-17.0,-5.0,-1.99,10.07,30.88,443.0
"2025-04-25 00:00:00",DL,21,103,-15.0,-5.99,-1.99,13.87,71.53,623.0
"2025-04-25 00:00:00",AA,19,160,-19.0,-5.0,0.0,13.07,54.06,207.0
"2025-04-25 00:00:00",DL,6,189,-15.0,-7.03,-5.0,-0.99,2.97,881.0
"2025-04-25 00:00:00",AA,21,87,-12.0,-5.0,-0.99,7.92,26.84,206.0
"2025-04-25 00:00:00",AA,20,135,-10.0,-5.0,0.0,13.07,30.27,174.0
"2025-04-25 00:00:00",DL,16,139,-17.0,-5.99,0.0,8.94,30.27,322.0
"2025-04-25 00:00:00",WN,17,242,-10.0,0.99,13.87,34.82,64.72,157.0
"2025-04-25 00:00:00",UA,16,141,-12.0,-4.01,5.0,34.82,87.37,211.0
