"2025-02-03 00:00:00",UA,19,102,-16.0,-7.03,-2.97,5.99,39.25,201.0
"2025-02-03 00:00:00",UA,11,120,-15.0,-5.0,-2.97,1.99,19.89,284.0
"2025-02-03 00:00:00",AA,17,156,-15.0,-7.03,-4.01,0.99,34.82,838.0
"2025-02-03 00:00:00",AA,18,144,-17.0,-7.03,-5.0,0.0,12.06,352.0
"2025-02-03 00:00:00",AA,13,131,-15.0,-7.03,-4.01,2.97,24.78,231.0
"2025-02-03 00:00:00",WN,15,229,-15.0,-5.99,-2.97,7.03,19.89,122.0
"2025-02-03 00:00:00",UA,15,93,-19.0,-7.92,-4.01,5.0,57.4,161.0
"2025-02-03 00:00:00",WN,13,238,-15.0,-5.0,-1.99,1.99,19.11,325.0
"2025-02-03 00:00:00",UA,14,117,-13.0,-7.03,-2.97,5.99,19.89,225.0
"2025-02-03 00:00:00",DL,14,131,-18.0,-5.99,-1.99,8.94,40.86,87.0
"2025-02-03 00:00:00",UA,9,155,-11.0,-5.99,-2.97,-0.99,10.07,129.0
"2025-02-03 00:00:00",WN,8,243,-10.0,-5.0,-1.99,0.99,15.96,239.0
"2025-02-03 00:00:00",AA,8,194,-12.0,-5.99,-4.01,-0.99,10.07,828.0
"2025-02-03 00:00:00",AA,11,156,-15.0,-5.0,-2.97,0.99,13.07,634.0
"2025-02-03 00:00:00",DL,5,68,-15.0,-8.94,-5.99,-0.99,15.03,1052.0
"2025-02-03 00:00:00",AA,7,209,-14.0,-7.03,-5.0,-0.99,5.99,502.0
"2025-02-03 00:00:00",UA,1,1,7.0,7.0,7.0,7.0,7.0,7.0
"2025-02-03 00:00:00",AA,23,21,-15.0,-10.07,-5.0,-0.99,7.92,58.0
"2025-02-03 00:00:00",UA,5,24,-14.0,-7.92,-5.99,-1.99,0.0,10.0
"2025-02-03 00:00:00",DL,1,2,-8.0,-7.92,-7.92,-7.92,-7.92,76.0
"2025-02-03 00:00:00",WN,20,164,-15.0,-7.03,-4.01,0.0,15.03,161.0
"2025-02-03 00:00:00",UA,22,23,-19.0,-8.94,-7.03,-4.01,4.01,82.0
"2025-02-04 00:00:00",WN,15,231,-14.0,-5.99,-4.01,0.0,7.92,349.0
"2025-02-04 00:00:00",DL,5,68,-19.0,-10.07,-7.03,-2.97,5.0,730.0
"2025-02-04 00:00:00",UA,15,81,-17.0,-8.94,-5.99,0.0,15.03,80.0
"2025-02-04 00:00:00",AA,11,146,-18.0,-7.03,-4.01,0.0,15.96,294.0
"2025-02-04 00:00:00",DL,14,116,-19.0,-8.94,-5.0,-1.99,5.0,73.0
"2025-02-04 00:00:00",UA,14,112,-21.0,-8.94,-5.99,-1.99,15.03,532.0
"2025-02-04 00:00:00",AA,7,161,-20.0,-8.94,-7.03,-2.97,0.99,205.0
"2025-02-04 00:00:00",WN,13,242,-12.0,-5.99,-2.97,0.0,13.07,126.0
"2025-02-04 00:00:00",UA,11,116,-15.0,-7.03,-2.97,1.99,13.87,447.0
"2025-02-04 00:00:00",AA,13,124,-14.0,-7.92,-5.99,-2.97,1.99,101.0
"2025-02-04 00:00:00",WN,8,244,-11.0,-5.99,-4.01,-1.99,2.97,138.0
"2025-02-04 00:00:00",AA,8,191,-14.0,-7.92,-5.99,-1.99,4.01,1379.0
"2025-02-04 00:00:00",UA,9,140,-13.0,-7.92,-5.0,-0.99,12.06,97.0
"2025-02-04 00:00:00",AA,23,19,-16.0,-10.07,-7.92,-4.01,-0.99,0.0
"2025-02-04 00:00:00",UA,5,21,-17.0,-10.07,-7.03,-1.99,10.07,13.0
"2025-02-04 00:00:00",AA,17,146,-19.0,-8.94,-5.99,-1.99,12.06,733.0
"2025-02-04 00:00:00",AA,18,138,-22.0,-7.92,-5.0,-0.99,8.94,292.0
"2025-02-04 00:00:00",UA,19,92,-20.0,-7.92,-4.01,0.99,15.03,633.0
"2025-02-04 00:00:00",WN,20,166,-15.0,-7.03,-5.0,-0.99,5.99,109.0
"2025-02-04 00:00:00",UA,22,20,-17.0,-8.94,-5.99,0.0,26.84,63.0
"2025-02-04 00:00:00",DL,1,2,-14.0,-13.87,-13.87,-13.87,-13.87,0.0
"2025-02-04 00:00:00",UA,1,1,-6.0,-6.0,-6.0,-6.0,-6.0,-6.0
