"2025-01-21 00:00:00",UA,1,1,6.0,6.0,6.0,6.0,6.0,6.0
"2025-01-21 00:00:00",WN,8,216,-11.0,-4.01,-0.99,5.99,27.94,205.0
"2025-01-21 00:00:00",AA,23,19,-10.0,-7.03,-2.97,13.07,39.25,66.0
"2025-01-21 00:00:00",AA,7,152,-13.0,-5.99,-2.97,0.0,10.91,275.0
"2025-01-21 00:00:00",UA,9,108,-11.0,-5.99,-1.99,2.97,15.96,218.0
"2025-01-21 00:00:00",UA,5,16,-11.0,-10.07,-7.92,-5.0,0.0,5.0
"2025-01-21 00:00:00",DL,1,2,11.0,11.0,11.0,11.0,11.0,105.0
"2025-01-21 00:00:00",AA,11,140,-13.0,-4.01,-1.99,5.0,22.88,1454.0
"2025-01-21 00:00:00",AA,18,126,-13.0,-5.99,-0.99,19.11,50.91,1353.0
"2025-01-21 00:00:00",AA,13,121,-13.0,-5.0,-1.99,4.01,27.94,1206.0
"2025-01-21 00:00:00",UA,19,82,-21.0,-4.01,0.0,8.94,27.94,163.0
"2025-01-21 00:00:00",UA,22,18,-10.0,-5.99,-2.97,5.0,19.89,31.0
"2025-01-21 00:00:00",WN,20,140,-10.0,-4.01,0.99,19.89,46.07,211.0
"2025-01-21 00:00:00",WN,13,219,-14.0,-4.01,0.0,8.94,34.13,181.0
"2025-01-21 00:00:00",UA,15,68,-12.0,-7.03,-1.99,10.91,30.88,135.0
"2025-01-21 00:00:00",AA,17,142,-14.0,-5.99,-1.99,7.03,25.79,1185.0
"2025-01-21 00:00:00",DL,14,112,-10.0,-5.0,0.0,13.87,37.72,207.0
"2025-01-21 00:00:00",WN,15,214,-11.0,-5.0,-0.99,10.91,25.79,249.0
"2025-01-21 00:00:00",UA,14,85,-12.0,-5.99,-1.99,7.03,17.99,103.0
"2025-01-21 00:00:00",AA,8,180,-14.0,-5.0,-1.99,1.99,17.99,157.0
"2025-01-21 00:00:00",UA,11,100,-14.0,-5.0,-1.99,4.01,15.96,148.0
"2025-01-21 00:00:00",DL,5,61,-15.0,-10.07,-7.03,0.0,26.84,247.0
