"2025-04-06 00:00:00",DL,8,181,-20.0,-7.03,-5.0,-0.99,5.99,99.0
"2025-04-06 00:00:00",WN,18,230,-14.0,0.0,10.91,36.24,79.05,343.0
"2025-04-06 00:00:00",DL,7,247,-16.0,-5.99,-2.97,0.99,22.88,1025.0
"2025-04-06 00:00:00",UA,0,7,-7.0,-7.0,-2.97,-1.99,0.0,2.0
"2025-04-06 00:00:00",DL,9,129,-14.0,-5.99,-2.97,5.99,30.88,813.0
"2025-04-06 00:00:00",UA,18,144,-11.0,-5.0,0.0,13.87,41.68,224.0
"2025-04-06 00:00:00",WN,11,220,-15.0,-2.97,0.99,15.03,56.27,278.0
"2025-04-06 00:00:00",AA,10,158,-10.0,-4.01,-0.99,10.07,43.38,484.0
"2025-04-06 00:00:00",DL,18,148,-13.0,-0.99,36.24,120.31,175.94,438.0
"2025-04-06 00:00:00",AA,12,150,-16.0,-4.01,0.0,19.11,55.15,575.0
"2025-04-06 00:00:00",WN,16,236,-13.0,0.99,10.07,34.82,82.28,291.0
"2025-04-06 00:00:00",UA,12,116,-12.0,-5.0,-1.99,1.99,37.72,722.0
"2025-04-06 00:00:00",DL,12,157,-17.0,-5.0,-0.99,25.79,89.13,338.0
"2025-04-06 00:00:00",UA,10,126,-11.0,-5.0,-1.99,1.99,23.81,255.0
"2025-04-06 00:00:00",DL,10,150,-15.0,-5.99,-1.99,4.01,44.26,418.0
"2025-04-06 00:00:00",UA,8,162,-13.0,-7.03,-5.0,-1.99,12.06,426.0
"2025-04-06 00:00:00",DL,19,157,-11.0,1.99,63.44,117.93,198.37,859.0
"2025-04-06 00:00:00",WN,19,242,-10.0,-0.99,10.07,34.82,67.36,246.0
"2025-04-06 00:00:00",UA,21,62,-15.0,-5.99,-1.99,1.99,16.95,78.0
"2025-04-06 00:00:00",AA,22,115,-10.0,-4.01,15.96,30.88,57.4,249.0
"2025-04-06 00:00:00",UA,23,36,-14.0,-7.92,-5.0,-0.99,5.0,14.0
"2025-04-06 00:00:00",AA,0,8,-11.0,-7.92,-5.0,5.99,15.96,30.0
"2025-04-07 00:00:00",DL,8,174,-15.0,-4.01,0.0,19.11,58.56,653.0
"2025-04-07 00:00:00",DL,12,164,-19.0,-1.99,10.91,34.13,104.6,677.0
"2025-04-07 00:00:00",DL,19,168,-17.0,-0.99,16.95,50.91,96.55,208.0
"2025-04-07 00:00:00",UA,23,34,-14.0,-10.07,-7.92,-4.01,7.92,36.0
"2025-04-07 00:00:00",UA,12,121,-15.0,-5.0,-2.97,5.0,21.98,206.0
"2025-04-07 00:00:00",UA,21,54,-13.0,-7.92,-2.97,0.99,44.26,90.0
"2025-04-07 00:00:00",AA,22,115,-12.0,-5.0,1.99,24.78,66.03,1427.0
"2025-04-07 00:00:00",WN,19,219,-12.0,-5.0,-1.99,13.07,39.25,175.0
"2025-04-07 00:00:00",AA,12,149,-14.0,-5.0,-0.99,17.99,40.05,236.0
"2025-04-07 00:00:00",DL,18,166,-22.0,-1.99,15.03,60.95,96.55,364.0
"2025-04-07 00:00:00",WN,16,238,-14.0,-2.97,0.0,13.87,36.97,237.0
"2025-04-07 00:00:00",WN,18,247,-14.0,-4.01,0.0,10.91,26.84,208.0
"2025-04-07 00:00:00",UA,18,138,-16.0,-5.0,-0.99,16.95,59.75,198.0
"2025-04-07 00:00:00",AA,0,9,-10.0,-5.99,-5.0,0.99,4.01,63.0
"2025-04-07 00:00:00",UA,8,164,-14.0,-7.03,-5.0,-1.99,2.97,127.0
"2025-04-07 00:00:00",UA,0,8,-14.0,-10.07,-7.03,-5.0,-1.99,-1.0
"2025-04-07 00:00:00",DL,7,238,-17.0,-5.99,-1.99,8.94,44.26,640.0
"2025-04-07 00:00:00",WN,11,235,-12.0,-2.97,0.0,8.94,29.08,311.0
"2025-04-07 00:00:00",DL,9,133,-11.0,-4.01,5.99,34.13,74.45,242.0
"2025-04-07 00:00:00",DL,10,155,-14.0,-2.97,12.06,44.26,74.45,327.0
"2025-04-07 00:00:00",UA,10,133,-12.0,-5.99,-2.97,1.99,16.95,130.0
"2025-04-07 00:00:00",AA,10,157,-10.0,-5.0,-0.99,8.94,36.24,115.0
