"2025-03-08 00:00:00",DL,1,2,-6.0,-5.99,-5.99,-5.99,-5.99,0.0
"2025-03-08 00:00:00",AA,23,21,-10.0,-7.92,-2.97,0.99,55.15,106.0
"2025-03-08 00:00:00",UA,5,48,-11.0,-7.92,-5.99,-4.01,0.0,14.0
"2025-03-08 00:00:00",AA,7,197,-20.0,-7.03,-4.01,0.0,15.96,1596.0
"2025-03-08 00:00:00",DL,5,59,-16.0,-8.94,-5.0,-0.99,2.97,103.0
"2025-03-08 00:00:00",UA,1,2,-21.0,-21.0,-21.0,-21.0,-21.0,-8.0
"2025-03-08 00:00:00",AA,8,184,-11.0,-5.99,-2.97,7.03,46.07,1650.0
"2025-03-08 00:00:00",WN,8,216,-10.0,-5.0,-1.99,0.0,8.94,72.0
"2025-03-08 00:00:00",UA,9,113,-15.0,-7.03,-4.01,-0.99,2.97,162.0
"2025-03-08 00:00:00",AA,11,151,-12.0,-5.0,-1.99,12.06,32.79,549.0
"2025-03-08 00:00:00",UA,11,109,-12.0,-5.99,-2.97,0.99,8.94,108.0
"2025-03-08 00:00:00",AA,13,129,-20.0,-5.0,-0.99,23.81,58.56,559.0
"2025-03-08 00:00:00",WN,13,231,-14.0,-4.01,0.0,8.94,30.27,251.0
"2025-03-08 00:00:00",DL,14,119,-15.0,-7.03,-5.0,-0.99,19.11,172.0
"2025-03-08 00:00:00",UA,14,118,-16.0,-7.03,-5.0,0.0,13.07,175.0
"2025-03-08 00:00:00",WN,15,222,-13.0,-4.01,0.99,19.11,32.79,173.0
"2025-03-08 00:00:00",UA,15,88,-16.0,-7.03,-4.01,0.99,7.92,185.0
"2025-03-08 00:00:00",AA,17,145,-18.0,-5.0,1.99,47.95,106.71,844.0
"2025-03-08 00:00:00",AA,18,157,-17.0,-2.97,10.91,51.94,94.64,356.0
"2025-03-08 00:00:00",UA,19,125,-18.0,-7.92,-2.97,2.97,32.79,202.0
"2025-03-08 00:00:00",WN,20,233,-20.0,-5.99,-1.99,13.07,36.24,238.0
"2025-03-08 00:00:00",UA,22,41,-13.0,-7.92,-4.01,0.99,12.06,71.0
