"2025-02-03 00:00:00",DL,9,124,-15.0,-5.99,-1.99,5.0,36.24,180.0
"2025-02-03 00:00:00",DL,10,154,-16.0,-7.03,-1.99,5.0,29.08,157.0
"2025-02-03 00:00:00",WN,18,262,-14.0,-5.99,-2.97,5.0,19.11,115.0
"2025-02-03 00:00:00",WN,16,207,-15.0,-5.99,-2.97,1.99,19.11,126.0
"2025-02-03 00:00:00",DL,18,154,-25.0,-8.94,-2.97,10.07,37.72,293.0
"2025-02-03 00:00:00",UA,18,141,-18.0,-7.03,-2.97,2.97,43.38,197.0
"2025-02-03 00:00:00",UA,10,118,-15.0,-7.03,-4.01,5.0,56.27,334.0
"2025-02-03 00:00:00",DL,12,169,-19.0,-7.03,-1.99,15.03,40.05,173.0
"2025-02-03 00:00:00",UA,12,134,-14.0,-7.03,-1.99,1.99,25.79,215.0
"2025-02-03 00:00:00",AA,10,138,-11.0,-5.0,-2.97,0.0,12.06,123.0
"2025-02-03 00:00:00",AA,12,135,-12.0,-7.03,-4.01,0.0,32.14,163.0
"2025-02-03 00:00:00",WN,11,262,-12.0,-5.0,-2.97,0.99,16.95,230.0
"2025-02-03 00:00:00",DL,7,226,-14.0,-7.03,-2.97,0.0,10.07,408.0
"2025-02-03 00:00:00",UA,8,179,-15.0,-7.03,-4.01,-0.99,15.96,464.0
"2025-02-03 00:00:00",DL,8,171,-12.0,-5.99,-2.97,0.99,21.98,166.0
"2025-02-03 00:00:00",AA,0,8,-11.0,-7.92,-7.03,-5.0,-2.97,19.0
"2025-02-03 00:00:00",AA,22,57,-20.0,-8.94,-5.99,-1.99,7.92,392.0
"2025-02-03 00:00:00",UA,23,28,-15.0,-10.07,-5.0,5.99,27.94,61.0
"2025-02-03 00:00:00",UA,0,3,-11.0,-10.91,-5.0,-5.0,-5.0,37.0
"2025-02-03 00:00:00",WN,19,119,-13.0,-5.99,-2.97,16.95,47.0,220.0
"2025-02-03 00:00:00",DL,19,145,-17.0,-8.94,-4.01,2.97,22.88,362.0
"2025-02-03 00:00:00",UA,21,29,-13.0,-8.94,-5.0,-4.01,2.97,25.0
"2025-02-04 00:00:00",UA,10,111,-13.0,-7.92,-4.01,5.0,24.78,147.0
"2025-02-04 00:00:00",UA,8,174,-15.0,-7.92,-5.0,-0.99,5.99,149.0
"2025-02-04 00:00:00",WN,16,208,-14.0,-7.03,-5.0,-0.99,12.06,110.0
"2025-02-04 00:00:00",DL,12,157,-22.0,-10.07,-7.03,-4.01,0.0,69.0
"2025-02-04 00:00:00",WN,11,265,-14.0,-5.99,-2.97,0.0,10.91,142.0
"2025-02-04 00:00:00",UA,12,131,-18.0,-10.07,-5.99,-2.97,12.06,264.0
"2025-02-04 00:00:00",AA,12,129,-16.0,-7.03,-4.01,0.0,13.07,197.0
"2025-02-04 00:00:00",DL,9,119,-17.0,-8.94,-5.99,-2.97,4.01,174.0
"2025-02-04 00:00:00",AA,10,128,-17.0,-7.03,-5.0,-1.99,7.92,149.0
"2025-02-04 00:00:00",DL,10,145,-26.0,-8.94,-5.99,-2.97,0.0,82.0
"2025-02-04 00:00:00",AA,0,5,-18.0,-10.07,-5.0,-4.01,-4.01,-1.0
"2025-02-04 00:00:00",DL,18,139,-20.0,-10.07,-5.99,-0.99,10.07,68.0
"2025-02-04 00:00:00",DL,7,216,-19.0,-8.94,-5.99,-2.97,0.99,228.0
"2025-02-04 00:00:00",UA,0,3,-7.0,-7.0,-2.0,-2.0,-2.0,-2.0
"2025-02-04 00:00:00",WN,19,120,-15.0,-7.92,-5.0,-1.99,15.96,61.0
"2025-02-04 00:00:00",UA,21,22,-18.0,-10.91,-7.92,-7.03,-5.0,3.0
"2025-02-04 00:00:00",UA,23,24,-12.0,-7.92,-5.0,1.99,8.94,50.0
"2025-02-04 00:00:00",WN,18,264,-13.0,-7.03,-5.0,-1.99,2.97,96.0
"2025-02-04 00:00:00",AA,22,56,-19.0,-10.07,-7.03,-4.01,2.97,123.0
"2025-02-04 00:00:00",UA,18,118,-18.0,-7.92,-5.0,1.99,16.95,65.0
"2025-02-04 00:00:00",DL,8,174,-17.0,-7.92,-5.0,-0.99,13.07,109.0
"2025-02-04 00:00:00",DL,19,104,-20.0,-10.07,-7.03,-2.97,4.01,49.0
