"2025-01-06 00:00:00",DL,13,136,-11.0,-4.01,0.0,15.96,41.68,251.0
"2025-01-06 00:00:00",UA,2,1,-9.0,-9.0,-9.0,-9.0,-9.0,-9.0
"2025-01-06 00:00:00",DL,23,21,-12.0,-5.0,-0.99,4.01,17.99,181.0
"2025-01-06 00:00:00",WN,17,186,-11.0,-1.99,13.87,49.9,100.49,491.0
"2025-01-06 00:00:00",AA,19,124,-13.0,-1.99,25.79,75.95,144.04,671.0
"2025-01-06 00:00:00",AA,1,2,-18.0,-17.99,-17.99,-17.99,-17.99,-6.0
"2025-01-06 00:00:00",AA,20,111,-18.0,0.0,17.99,37.72,90.93,768.0
"2025-01-06 00:00:00",WN,21,12,-6.0,4.01,15.03,43.38,52.99,107.0
"2025-01-06 00:00:00",AA,21,79,-16.0,-0.99,19.11,47.0,75.95,477.0
"2025-01-06 00:00:00",DL,21,80,-12.0,-4.01,0.0,8.94,32.79,177.0
"2025-01-06 00:00:00",AA,5,85,-12.0,-5.99,-2.97,4.01,27.94,636.0
"2025-01-06 00:00:00",AA,6,145,-13.0,-5.99,-1.99,5.0,48.91,263.0
"2025-01-06 00:00:00",DL,6,162,-20.0,-5.0,-1.99,1.99,19.11,438.0
"2025-01-06 00:00:00",UA,13,121,-9.0,-0.99,12.06,55.15,120.31,369.0
"2025-01-06 00:00:00",AA,9,129,-10.0,-0.99,13.07,51.94,115.6,280.0
"2025-01-06 00:00:00",WN,9,208,-10.0,-2.97,1.99,17.99,58.56,607.0
"2025-01-06 00:00:00",DL,11,185,-14.0,-4.01,0.0,17.99,66.03,709.0
"2025-01-06 00:00:00",DL,15,167,-12.0,-2.97,4.01,32.14,72.97,211.0
"2025-01-06 00:00:00",UA,16,134,-10.0,-2.97,5.0,47.0,96.55,268.0
"2025-01-06 00:00:00",DL,16,107,-13.0,-5.0,2.97,22.88,57.4,158.0
"2025-01-07 00:00:00",WN,17,187,-14.0,-0.99,15.96,36.97,58.56,109.0
"2025-01-07 00:00:00",AA,19,101,-15.0,-5.0,0.0,15.03,41.68,131.0
"2025-01-07 00:00:00",AA,20,78,-17.0,-5.99,-2.97,2.97,32.79,550.0
"2025-01-07 00:00:00",AA,21,76,-15.0,-4.01,-0.99,5.99,21.98,241.0
"2025-01-07 00:00:00",DL,21,59,-11.0,0.0,5.0,16.95,40.05,66.0
"2025-01-07 00:00:00",WN,21,14,-5.0,-1.99,4.01,7.92,13.07,57.0
"2025-01-07 00:00:00",DL,23,19,-17.0,-7.92,-2.97,0.99,24.78,125.0
"2025-01-07 00:00:00",AA,6,151,-18.0,-7.03,-4.01,2.97,25.79,198.0
"2025-01-07 00:00:00",DL,6,175,-20.0,-7.03,-2.97,0.99,12.06,213.0
"2025-01-07 00:00:00",AA,5,77,-13.0,-7.03,-2.97,5.99,62.18,559.0
"2025-01-07 00:00:00",WN,9,219,-9.0,-2.97,0.0,8.94,34.13,187.0
"2025-01-07 00:00:00",UA,2,1,18.0,18.0,18.0,18.0,18.0,18.0
"2025-01-07 00:00:00",DL,11,168,-13.0,-5.0,-0.99,12.06,30.88,184.0
"2025-01-07 00:00:00",AA,9,126,-12.0,-5.0,-0.99,5.0,21.98,250.0
"2025-01-07 00:00:00",DL,13,128,-16.0,-7.03,-4.01,0.99,21.12,70.0
"2025-01-07 00:00:00",UA,13,121,-12.0,-4.01,2.97,32.79,51.94,211.0
"2025-01-07 00:00:00",DL,15,154,-19.0,-5.0,-0.99,17.99,47.0,134.0
"2025-01-07 00:00:00",DL,16,97,-16.0,-4.01,-1.99,4.01,26.84,120.0
"2025-01-07 00:00:00",UA,16,116,-14.0,-4.01,1.99,22.88,72.97,432.0
"2025-01-08 00:00:00",UA,13,127,-15.0,-7.03,-2.97,1.99,16.95,283.0
"2025-01-08 00:00:00",AA,21,73,-12.0,-4.01,-1.99,8.94,30.27,543.0
"2025-01-08 00:00:00",UA,2,1,-6.0,-6.0,-6.0,-6.0,-6.0,-6.0
"2025-01-08 00:00:00",AA,5,81,-12.0,-7.92,-5.0,-1.99,1.99,39.0
"2025-01-08 00:00:00",AA,6,165,-13.0,-7.92,-5.0,-0.99,5.0,266.0
"2025-01-08 00:00:00",DL,21,67,-14.0,-7.03,-4.01,0.99,7.03,90.0
"2025-01-08 00:00:00",DL,6,174,-23.0,-7.92,-5.0,-0.99,8.94,1119.0
"2025-01-08 00:00:00",AA,9,133,-13.0,-5.99,-2.97,1.99,17.99,191.0
"2025-01-08 00:00:00",WN,21,15,-8.0,-2.97,2.97,13.07,24.78,56.0
"2025-01-08 00:00:00",WN,9,221,-15.0,-4.01,-1.99,5.0,19.11,179.0
"2025-01-08 00:00:00",DL,11,171,-17.0,-7.03,-2.97,2.97,17.99,117.0
"2025-01-08 00:00:00",DL,23,21,-18.0,-7.03,-5.0,-1.99,22.88,104.0
"2025-01-08 00:00:00",DL,13,130,-17.0,-7.03,-4.01,1.99,30.88,248.0
"2025-01-08 00:00:00",WN,17,194,-16.0,-5.0,-0.99,7.92,27.94,171.0
"2025-01-08 00:00:00",AA,20,77,-16.0,-5.99,-2.97,7.92,39.25,148.0
"2025-01-08 00:00:00",AA,19,100,-17.0,-2.97,1.99,30.88,80.65,225.0
"2025-01-08 00:00:00",UA,16,120,-15.0,-7.03,-2.97,4.01,24.78,282.0
"2025-01-08 00:00:00",DL,15,157,-16.0,-5.99,-2.97,2.97,19.89,99.0
"2025-01-08 00:00:00",DL,16,100,-25.0,-5.99,-4.01,4.01,19.89,81.0
"2025-01-09 00:00:00",AA,6,149,-16.0,-7.03,-5.0,-2.97,2.97,1706.0
"2025-01-09 00:00:00",UA,13,125,-15.0,-5.0,0.99,13.87,41.68,164.0
"2025-01-09 00:00:00",DL,11,180,-22.0,-7.03,-2.97,5.0,27.94,644.0
"2025-01-09 00:00:00",DL,13,131,-19.0,-7.03,-2.97,7.03,43.38,378.0
"2025-01-09 00:00:00",UA,2,1,19.0,19.0,19.0,19.0,19.0,19.0
"2025-01-09 00:00:00",WN,17,169,-12.0,-2.97,5.0,29.08,75.95,256.0
"2025-01-09 00:00:00",WN,9,213,-10.0,-5.0,-1.99,5.0,25.79,138.0
"2025-01-09 00:00:00",DL,6,179,-17.0,-7.92,-5.0,-0.99,7.03,522.0
"2025-01-09 00:00:00",AA,9,101,-12.0,-5.0,-2.97,0.0,36.24,1748.0
"2025-01-09 00:00:00",AA,5,86,-14.0,-7.03,-4.01,0.0,5.0,85.0
"2025-01-09 00:00:00",DL,15,158,-17.0,-4.01,0.0,13.87,47.95,130.0
"2025-01-09 00:00:00",AA,19,84,-13.0,-5.0,1.99,36.97,82.28,111.0
"2025-01-09 00:00:00",DL,16,102,-15.0,-5.0,-0.99,8.94,39.25,291.0
"2025-01-09 00:00:00",UA,16,119,-13.0,-4.01,5.0,19.89,56.27,163.0
"2025-01-09 00:00:00",DL,23,23,-22.0,-5.0,-0.99,1.99,19.11,133.0
"2025-01-09 00:00:00",AA,20,80,-11.0,-4.01,0.0,19.89,50.91,519.0
"2025-01-09 00:00:00",AA,21,58,-13.0,-4.01,-1.99,7.03,32.79,649.0
"2025-01-09 00:00:00",DL,21,82,-14.0,-5.0,-0.99,13.07,49.9,599.0
"2025-01-09 00:00:00",WN,21,14,-7.0,5.99,7.92,13.07,29.08,44.0
"2025-01-10 00:00:00",WN,17,189,-15.0,-5.0,0.99,10.91,27.94,89.0
"2025-01-10 00:00:00",DL,6,145,-14.0,-7.03,-4.01,1.99,186.82,532.0
"2025-01-10 00:00:00",DL,13,83,-19.0,-4.01,0.0,22.88,183.12,575.0
"2025-01-10 00:00:00",DL,16,61,-18.0,-1.99,10.91,162.41,278.7,1143.0
"2025-01-10 00:00:00",UA,13,131,-15.0,-5.99,-1.99,5.99,23.81,265.0
"2025-01-10 00:00:00",DL,15,108,-17.0,-2.97,13.87,106.71,290.07,436.0
"2025-01-10 00:00:00",AA,9,111,-11.0,-4.01,0.0,24.78,77.49,302.0
"2025-01-10 00:00:00",DL,11,109,-12.0,-4.01,0.99,26.84,106.71,608.0
"2025-01-10 00:00:00",WN,9,196,-11.0,-2.97,-0.99,2.97,19.11,144.0
"2025-01-10 00:00:00",AA,20,45,-11.0,-0.99,10.91,41.68,146.95,493.0
"2025-01-10 00:00:00",AA,6,143,-11.0,-5.99,-1.99,4.01,122.75,1397.0
"2025-01-10 00:00:00",DL,23,18,-10.0,-4.01,4.01,24.78,56.27,77.0
"2025-01-10 00:00:00",UA,16,124,-16.0,-5.99,-0.99,17.99,52.99,263.0
"2025-01-10 00:00:00",AA,19,90,-14.0,-0.99,15.03,55.15,117.93,712.0
"2025-01-10 00:00:00",AA,1,1,-4.0,-4.0,-4.0,-4.0,-4.0,-4.0
"2025-01-10 00:00:00",AA,21,64,-6.0,1.99,27.94,70.11,104.6,1147.0
"2025-01-10 00:00:00",DL,21,43,-10.0,0.0,32.14,111.06,257.27,737.0
"2025-01-10 00:00:00",UA,2,1,82.0,82.0,82.0,82.0,82.0,82.0
"2025-01-10 00:00:00",WN,21,15,-10.0,-5.0,-2.97,5.99,21.98,66.0
"2025-01-10 00:00:00",AA,5,65,-12.0,-5.0,-1.99,7.92,117.93,458.0
