"2025-03-14 00:00:00",WN,21,166,-12.0,-1.99,10.91,32.14,67.36,200.0
"2025-03-14 00:00:00",DL,13,159,-15.0,-5.99,-2.97,8.94,47.95,1073.0
"2025-03-14 00:00:00",UA,13,139,-15.0,-4.01,-0.99,8.94,32.14,390.0
"2025-03-14 00:00:00",AA,5,111,-13.0,-7.03,-5.0,-1.99,5.99,503.0
"2025-03-14 00:00:00",AA,6,190,-12.0,-7.03,-4.01,-1.99,4.01,405.0
"2025-03-14 00:00:00",DL,6,190,-17.0,-7.03,-4.01,-0.99,7.03,784.0
"2025-03-14 00:00:00",DL,23,40,-15.0,-5.99,-2.97,5.0,15.96,175.0
"2025-03-14 00:00:00",DL,21,101,-14.0,-5.0,-0.99,5.0,24.78,80.0
"2025-03-14 00:00:00",WN,17,242,-16.0,-0.99,5.99,19.11,45.15,239.0
"2025-03-14 00:00:00",AA,9,124,-10.0,-5.99,-2.97,-0.99,17.99,195.0
"2025-03-14 00:00:00",AA,19,140,-15.0,-4.01,0.0,19.89,54.06,251.0
"2025-03-14 00:00:00",AA,21,86,-16.0,-2.97,0.0,32.79,89.13,592.0
"2025-03-14 00:00:00",WN,9,235,-9.0,-2.97,-0.99,5.99,16.95,198.0
"2025-03-14 00:00:00",DL,11,207,-14.0,-5.99,-1.99,4.01,26.84,192.0
"2025-03-14 00:00:00",AA,20,127,-10.0,-4.01,0.99,26.84,63.44,736.0
"2025-03-14 00:00:00",DL,15,178,-15.0,-5.0,-1.99,10.91,36.97,144.0
"2025-03-14 00:00:00",DL,16,137,-18.0,-5.99,-0.99,13.87,40.05,189.0
"2025-03-14 00:00:00",UA,16,145,-14.0,-5.0,-0.99,15.03,40.05,166.0
