"2025-02-18 00:00:00",UA,2,1,-5.0,-5.0,-5.0,-5.0,-5.0,-5.0
"2025-02-18 00:00:00",DL,15,178,-14.0,-4.01,0.99,16.95,52.99,230.0
"2025-02-18 00:00:00",AA,6,180,-11.0,-5.99,-2.97,0.0,29.08,548.0
"2025-02-18 00:00:00",DL,13,142,-12.0,-4.01,1.99,15.96,45.15,170.0
"2025-02-18 00:00:00",DL,6,183,-16.0,-5.0,-1.99,4.01,34.13,347.0
"2025-02-18 00:00:00",UA,13,139,-17.0,-5.0,-0.99,7.92,29.08,165.0
"2025-02-18 00:00:00",DL,11,185,-15.0,-2.97,4.01,25.79,50.91,483.0
"2025-02-18 00:00:00",AA,5,83,-15.0,-7.03,-4.01,0.0,19.89,118.0
"2025-02-18 00:00:00",DL,16,122,-14.0,-5.0,-0.99,10.91,50.91,159.0
"2025-02-18 00:00:00",AA,20,93,-14.0,-4.01,0.0,17.99,48.91,610.0
"2025-02-18 00:00:00",AA,21,63,-18.0,-5.0,1.99,16.95,56.27,564.0
"2025-02-18 00:00:00",DL,21,66,-13.0,-5.0,-0.99,10.07,23.81,94.0
"2025-02-18 00:00:00",AA,19,107,-13.0,-4.01,0.99,23.81,54.06,596.0
"2025-02-18 00:00:00",UA,16,133,-15.0,-5.99,-1.99,7.03,27.94,243.0
"2025-02-18 00:00:00",WN,21,143,-11.0,-0.99,10.07,26.84,49.9,158.0
"2025-02-18 00:00:00",WN,17,222,-11.0,-1.99,5.0,21.12,49.9,203.0
"2025-02-18 00:00:00",AA,9,134,-10.0,-4.01,-0.99,1.99,19.11,227.0
"2025-02-18 00:00:00",WN,9,216,-10.0,-2.97,0.0,7.92,24.78,254.0
"2025-02-18 00:00:00",DL,23,20,-11.0,-8.94,-4.01,4.01,12.06,16.0
"2025-02-19 00:00:00",AA,20,108,-18.0,-0.99,15.03,54.06,87.37,746.0
"2025-02-19 00:00:00",AA,5,72,-13.0,-5.99,-2.97,4.01,30.27,610.0
"2025-02-19 00:00:00",UA,2,1,-10.0,-10.0,-10.0,-10.0,-10.0,-10.0
"2025-02-19 00:00:00",AA,9,121,-13.0,-4.01,-0.99,12.06,34.82,1986.0
"2025-02-19 00:00:00",AA,21,78,-10.0,-1.99,16.95,56.27,89.13,613.0
"2025-02-19 00:00:00",AA,19,117,-11.0,-1.99,17.99,57.4,108.86,692.0
"2025-02-19 00:00:00",AA,6,167,-13.0,-7.03,-4.01,-0.99,16.95,220.0
"2025-02-19 00:00:00",DL,15,181,-13.0,-2.97,1.99,19.89,49.9,219.0
"2025-02-19 00:00:00",DL,6,182,-18.0,-7.03,-4.01,0.0,13.87,1049.0
"2025-02-19 00:00:00",DL,23,20,-18.0,-4.01,-1.99,10.91,37.72,73.0
"2025-02-19 00:00:00",UA,13,143,-12.0,-5.99,-1.99,5.0,23.81,333.0
"2025-02-19 00:00:00",WN,9,230,-13.0,-4.01,-0.99,2.97,15.03,147.0
"2025-02-19 00:00:00",UA,16,134,-12.0,-5.99,-1.99,2.97,23.81,407.0
"2025-02-19 00:00:00",WN,21,16,-5.0,-2.97,7.03,13.87,26.84,141.0
"2025-02-19 00:00:00",DL,16,119,-14.0,-4.01,1.99,13.87,44.26,235.0
"2025-02-19 00:00:00",WN,17,198,-14.0,-2.97,5.0,21.12,40.86,154.0
"2025-02-19 00:00:00",DL,21,69,-15.0,-5.0,0.0,16.95,36.97,1062.0
"2025-02-19 00:00:00",DL,13,142,-16.0,-4.01,0.0,21.98,70.11,231.0
"2025-02-19 00:00:00",DL,11,184,-14.0,-4.01,0.0,19.11,52.99,241.0
"2025-02-20 00:00:00",DL,6,184,-17.0,-7.03,-4.01,0.0,12.06,396.0
"2025-02-20 00:00:00",UA,16,141,-13.0,-5.99,-1.99,7.92,51.94,169.0
"2025-02-20 00:00:00",AA,9,117,-11.0,-4.01,0.0,13.07,55.15,133.0
"2025-02-20 00:00:00",DL,13,146,-11.0,-4.01,2.97,26.84,47.95,378.0
"2025-02-20 00:00:00",UA,13,144,-12.0,-5.99,-1.99,7.92,40.05,132.0
"2025-02-20 00:00:00",DL,15,186,-15.0,-4.01,5.99,25.79,52.99,219.0
"2025-02-20 00:00:00",UA,2,1,-10.0,-10.0,-10.0,-10.0,-10.0,-10.0
"2025-02-20 00:00:00",AA,21,93,-11.0,-1.99,7.03,43.38,67.36,643.0
"2025-02-20 00:00:00",DL,21,95,-10.0,-1.99,5.0,25.79,58.56,143.0
"2025-02-20 00:00:00",DL,16,141,-14.0,-1.99,10.91,30.27,44.26,377.0
"2025-02-20 00:00:00",AA,19,161,-15.0,-2.97,5.0,40.86,96.55,735.0
"2025-02-20 00:00:00",DL,23,25,-10.0,-5.0,0.99,13.87,21.98,47.0
"2025-02-20 00:00:00",DL,11,189,-16.0,-5.0,0.0,19.11,51.94,418.0
"2025-02-20 00:00:00",AA,5,93,-11.0,-7.03,-4.01,0.0,10.07,149.0
"2025-02-20 00:00:00",AA,20,125,-13.0,-2.97,2.97,36.97,77.49,895.0
"2025-02-20 00:00:00",WN,21,146,-10.0,-2.97,5.0,24.78,46.07,172.0
"2025-02-20 00:00:00",AA,6,172,-12.0,-7.03,-5.0,-0.99,19.11,321.0
"2025-02-20 00:00:00",WN,17,222,-9.0,-1.99,5.99,23.81,50.91,246.0
"2025-02-20 00:00:00",WN,9,217,-12.0,-4.01,0.0,12.06,32.14,209.0
"2025-02-21 00:00:00",AA,5,103,-13.0,-7.03,-4.01,0.0,8.94,3092.0
"2025-02-21 00:00:00",UA,13,144,-14.0,-5.99,-2.97,0.0,8.94,160.0
"2025-02-21 00:00:00",AA,20,127,-13.0,-5.0,-0.99,13.07,45.15,126.0
"2025-02-21 00:00:00",WN,21,140,-15.0,-7.03,-2.97,4.01,29.08,84.0
"2025-02-21 00:00:00",AA,21,92,-12.0,-5.0,0.0,15.03,58.56,706.0
"2025-02-21 00:00:00",AA,19,162,-17.0,-7.03,-1.99,8.94,45.15,318.0
"2025-02-21 00:00:00",DL,21,95,-19.0,-5.99,-2.97,7.92,30.88,110.0
"2025-02-21 00:00:00",DL,23,25,-15.0,-5.99,0.0,7.92,27.94,125.0
"2025-02-21 00:00:00",AA,9,131,-14.0,-5.0,-1.99,2.97,24.78,185.0
"2025-02-21 00:00:00",DL,11,189,-17.0,-5.99,-1.99,5.0,24.78,1086.0
"2025-02-21 00:00:00",DL,13,147,-14.0,-5.99,-1.99,7.03,37.72,261.0
"2025-02-21 00:00:00",DL,6,187,-13.0,-5.99,-2.97,0.0,12.06,451.0
"2025-02-21 00:00:00",AA,6,188,-13.0,-7.03,-4.01,0.0,19.89,657.0
"2025-02-21 00:00:00",WN,17,241,-13.0,-4.01,0.99,13.87,30.27,141.0
"2025-02-21 00:00:00",UA,2,1,15.0,15.0,15.0,15.0,15.0,15.0
"2025-02-21 00:00:00",UA,16,144,-15.0,-5.99,-2.97,2.97,22.88,184.0
"2025-02-21 00:00:00",DL,16,142,-13.0,-5.0,0.0,12.06,27.94,417.0
"2025-02-21 00:00:00",WN,9,217,-10.0,-4.01,-0.99,7.03,22.88,222.0
"2025-02-21 00:00:00",DL,15,184,-15.0,-5.99,-0.99,13.87,43.38,164.0
