"2025-03-01 00:00:00",UA,10,118,-17.0,-5.99,-2.97,0.99,12.06,218.0
"2025-03-01 00:00:00",UA,23,26,-10.0,-4.01,-1.99,0.0,5.99,45.0
"2025-03-01 00:00:00",DL,19,90,-20.0,-7.03,-4.01,2.97,16.95,65.0
"2025-03-01 00:00:00",UA,8,164,-16.0,-7.92,-5.0,-0.99,7.92,365.0
"2025-03-01 00:00:00",WN,19,232,-15.0,-5.99,-1.99,5.0,21.98,190.0
"2025-03-01 00:00:00",DL,8,150,-14.0,-7.03,-4.01,0.0,15.96,599.0
"2025-03-01 00:00:00",DL,10,128,-16.0,-7.03,-4.01,0.0,27.94,174.0
"2025-03-01 00:00:00",AA,0,11,-14.0,-7.03,-5.0,-2.97,-0.99,8.0
"2025-03-01 00:00:00",DL,7,204,-17.0,-7.03,-5.0,-0.99,4.01,292.0
"2025-03-01 00:00:00",UA,0,3,-9.0,-8.94,-7.03,-7.03,-7.03,-7.0
"2025-03-01 00:00:00",AA,22,64,-11.0,-5.0,-2.97,4.01,13.07,1217.0
"2025-03-01 00:00:00",UA,21,28,-8.0,-5.0,-1.99,12.06,21.12,75.0
"2025-03-01 00:00:00",AA,10,122,-10.0,-5.99,-2.97,0.99,21.12,124.0
"2025-03-01 00:00:00",UA,12,100,-10.0,-5.99,-1.99,7.03,47.95,403.0
"2025-03-01 00:00:00",WN,18,227,-13.0,-5.0,-1.99,5.99,22.88,215.0
"2025-03-01 00:00:00",AA,12,132,-12.0,-5.0,-2.97,2.97,22.88,1447.0
"2025-03-01 00:00:00",WN,16,190,-15.0,-5.0,-0.99,5.99,19.89,301.0
"2025-03-01 00:00:00",DL,18,110,-18.0,-7.03,-4.01,5.99,25.79,124.0
"2025-03-01 00:00:00",UA,18,109,-16.0,-5.0,-2.97,2.97,19.11,209.0
"2025-03-01 00:00:00",WN,11,208,-13.0,-5.0,-1.99,1.99,8.94,109.0
"2025-03-01 00:00:00",DL,12,155,-17.0,-7.92,-4.01,0.99,17.99,360.0
"2025-03-01 00:00:00",DL,9,120,-15.0,-7.03,-2.97,0.0,17.99,212.0
"2025-03-02 00:00:00",AA,22,99,-11.0,-5.0,0.0,26.84,56.27,179.0
"2025-03-02 00:00:00",DL,9,127,-18.0,-7.03,-4.01,-0.99,7.03,181.0
"2025-03-02 00:00:00",DL,12,182,-18.0,-7.03,-4.01,4.01,17.99,504.0
"2025-03-02 00:00:00",UA,0,4,-6.0,-5.99,-5.99,-4.01,-4.01,2.0
"2025-03-02 00:00:00",UA,23,36,-16.0,-8.94,-5.0,-1.99,7.92,39.0
"2025-03-02 00:00:00",DL,8,179,-21.0,-7.92,-4.01,-0.99,10.07,238.0
"2025-03-02 00:00:00",UA,8,180,-14.0,-7.03,-4.01,0.0,12.06,119.0
"2025-03-02 00:00:00",DL,7,234,-15.0,-7.92,-5.0,-1.99,7.92,166.0
"2025-03-02 00:00:00",AA,0,9,-10.0,-5.0,-4.01,-1.99,1.99,22.0
"2025-03-02 00:00:00",WN,19,239,-11.0,-2.97,1.99,15.03,32.14,128.0
"2025-03-02 00:00:00",AA,10,143,-15.0,-5.99,-4.01,-0.99,13.87,104.0
"2025-03-02 00:00:00",DL,19,169,-18.0,-7.03,-1.99,7.92,36.24,133.0
"2025-03-02 00:00:00",UA,21,48,-12.0,-7.92,-2.97,7.03,15.03,105.0
"2025-03-02 00:00:00",WN,16,223,-12.0,-2.97,0.99,12.06,25.79,144.0
"2025-03-02 00:00:00",DL,10,156,-18.0,-7.92,-5.0,-0.99,16.95,817.0
"2025-03-02 00:00:00",DL,18,158,-17.0,-5.99,-1.99,8.94,47.0,863.0
"2025-03-02 00:00:00",UA,18,152,-15.0,-5.99,-2.97,0.99,15.96,119.0
"2025-03-02 00:00:00",WN,18,206,-12.0,-1.99,2.97,17.99,43.38,200.0
"2025-03-02 00:00:00",UA,10,126,-12.0,-5.99,-4.01,-0.99,4.01,246.0
"2025-03-02 00:00:00",WN,11,222,-14.0,-5.0,-1.99,0.0,8.94,268.0
"2025-03-02 00:00:00",UA,12,115,-12.0,-5.99,-2.97,5.99,25.79,90.0
"2025-03-02 00:00:00",AA,12,138,-11.0,-5.0,-1.99,5.0,29.08,241.0
