"2025-01-27 00:00:00",UA,8,181,-14.0,-7.92,-5.99,-2.97,2.97,328.0
"2025-01-27 00:00:00",DL,7,228,-16.0,-5.99,-2.97,0.0,8.94,304.0
"2025-01-27 00:00:00",DL,9,125,-12.0,-5.99,-4.01,-1.99,10.07,174.0
"2025-01-27 00:00:00",UA,12,135,-17.0,-7.03,-5.0,-1.99,15.03,280.0
"2025-01-27 00:00:00",AA,10,137,-12.0,-5.99,-2.97,4.01,25.79,148.0
"2025-01-27 00:00:00",DL,19,146,-18.0,-8.94,-5.0,-0.99,8.94,116.0
"2025-01-27 00:00:00",DL,10,154,-14.0,-7.03,-4.01,0.0,21.12,176.0
"2025-01-27 00:00:00",UA,10,119,-13.0,-7.92,-5.0,-0.99,8.94,100.0
"2025-01-27 00:00:00",WN,19,120,-12.0,-7.03,-5.0,-0.99,15.03,60.0
"2025-01-27 00:00:00",WN,16,209,-14.0,-5.99,-4.01,1.99,12.06,85.0
"2025-01-27 00:00:00",DL,8,174,-17.0,-5.99,-4.01,-0.99,10.91,315.0
"2025-01-27 00:00:00",WN,18,263,-14.0,-5.99,-4.01,0.0,10.91,128.0
"2025-01-27 00:00:00",UA,0,3,-2.0,-1.99,5.0,5.0,5.0,43.0
"2025-01-27 00:00:00",UA,21,30,-12.0,-10.07,-7.92,-5.99,-1.99,25.0
"2025-01-27 00:00:00",AA,22,57,-20.0,-8.94,-5.0,0.99,16.95,131.0
"2025-01-27 00:00:00",UA,23,28,-19.0,-12.06,-7.03,-4.01,-1.99,91.0
"2025-01-27 00:00:00",AA,12,136,-14.0,-5.99,-1.99,2.97,19.89,197.0
"2025-01-27 00:00:00",DL,12,171,-21.0,-7.03,-4.01,1.99,13.87,91.0
"2025-01-27 00:00:00",WN,11,265,-13.0,-5.99,-1.99,1.99,12.06,173.0
"2025-01-27 00:00:00",AA,0,8,-10.0,-10.0,-7.92,-2.97,-0.99,19.0
"2025-01-27 00:00:00",UA,18,139,-15.0,-7.92,-5.0,-0.99,5.0,108.0
"2025-01-27 00:00:00",DL,18,154,-29.0,-7.92,-4.01,0.0,15.96,892.0
"2025-01-28 00:00:00",UA,10,111,-15.0,-8.94,-5.99,-2.97,10.91,132.0
"2025-01-28 00:00:00",DL,18,138,-20.0,-10.07,-5.99,-2.97,2.97,202.0
"2025-01-28 00:00:00",DL,12,160,-18.0,-7.92,-4.01,0.0,19.89,175.0
"2025-01-28 00:00:00",UA,12,130,-16.0,-7.92,-5.0,-0.99,4.01,31.0
"2025-01-28 00:00:00",AA,0,5,-6.0,-5.99,-2.97,0.0,0.0,1.0
"2025-01-28 00:00:00",WN,16,209,-13.0,-7.03,-5.0,-1.99,5.99,108.0
"2025-01-28 00:00:00",DL,7,219,-16.0,-8.94,-5.99,-1.99,2.97,454.0
"2025-01-28 00:00:00",DL,8,171,-18.0,-7.03,-5.0,-0.99,10.91,507.0
"2025-01-28 00:00:00",UA,8,175,-18.0,-8.94,-7.03,-2.97,5.0,617.0
"2025-01-28 00:00:00",DL,9,120,-16.0,-7.92,-4.01,1.99,17.99,152.0
"2025-01-28 00:00:00",DL,10,146,-25.0,-7.92,-4.01,0.99,26.84,224.0
"2025-01-28 00:00:00",AA,12,129,-17.0,-7.03,-5.0,-0.99,16.95,270.0
"2025-01-28 00:00:00",AA,10,129,-16.0,-7.03,-5.0,-1.99,19.11,3298.0
"2025-01-28 00:00:00",UA,21,23,-21.0,-10.07,-7.03,-5.0,2.97,102.0
"2025-01-28 00:00:00",WN,18,264,-18.0,-7.03,-5.0,-1.99,4.01,63.0
"2025-01-28 00:00:00",AA,22,56,-15.0,-10.07,-7.03,-4.01,-2.97,25.0
"2025-01-28 00:00:00",UA,23,24,-16.0,-7.92,-7.03,-4.01,16.95,121.0
"2025-01-28 00:00:00",UA,0,3,-9.0,-8.94,-7.92,-7.92,-7.92,-6.0
"2025-01-28 00:00:00",WN,19,120,-14.0,-7.03,-5.99,-2.97,0.0,116.0
"2025-01-28 00:00:00",WN,11,265,-11.0,-5.99,-5.0,-1.99,2.97,55.0
"2025-01-28 00:00:00",UA,18,118,-19.0,-8.94,-5.0,-1.99,12.06,175.0
"2025-01-28 00:00:00",DL,19,103,-28.0,-10.91,-5.99,-1.99,7.03,49.0
