"2025-04-18 00:00:00",AA,13,148,-14.0,-5.0,-1.99,7.92,40.05,192.0
"2025-04-18 00:00:00",DL,1,2,-13.0,-13.0,-13.0,-13.0,-13.0,-11.0
"2025-04-18 00:00:00",UA,11,123,-15.0,-5.0,-0.99,13.07,80.65,414.0
"2025-04-18 00:00:00",UA,1,2,-6.0,-5.99,-5.99,-5.99,-5.99,10.0
"2025-04-18 00:00:00",UA,9,142,-12.0,-5.0,-1.99,12.06,56.27,245.0
"2025-04-18 00:00:00",AA,23,30,-14.0,-7.03,-2.97,4.01,56.27,113.0
"2025-04-18 00:00:00",WN,13,246,-13.0,-1.99,5.99,41.68,127.75,218.0
"2025-04-18 00:00:00",UA,5,44,-11.0,-7.92,-5.99,-2.97,1.99,29.0
"2025-04-18 00:00:00",AA,7,230,-13.0,-5.99,-4.01,-0.99,10.07,820.0
"2025-04-18 00:00:00",AA,8,204,-13.0,-5.99,-4.01,0.99,22.88,511.0
"2025-04-18 00:00:00",WN,8,240,-10.0,-4.01,-0.99,4.01,19.89,117.0
"2025-04-18 00:00:00",AA,11,168,-15.0,-5.99,-4.01,0.99,19.89,207.0
"2025-04-18 00:00:00",DL,14,152,-14.0,-5.99,-2.97,4.01,25.79,243.0
"2025-04-18 00:00:00",UA,19,144,-21.0,-5.0,7.92,87.37,156.04,609.0
"2025-04-18 00:00:00",UA,22,34,-12.0,-7.92,-5.0,-0.99,4.01,137.0
"2025-04-18 00:00:00",DL,5,75,-14.0,-7.92,-5.0,-1.99,4.01,155.0
"2025-04-18 00:00:00",WN,20,199,-16.0,-5.99,0.0,36.97,102.52,304.0
"2025-04-18 00:00:00",AA,18,172,-16.0,-5.0,-1.99,12.06,34.82,237.0
"2025-04-18 00:00:00",UA,14,127,-11.0,-4.01,-0.99,15.96,127.75,338.0
"2025-04-18 00:00:00",AA,17,163,-13.0,-5.99,-1.99,10.07,25.79,164.0
"2025-04-18 00:00:00",WN,15,225,-14.0,-1.99,5.99,49.9,152.95,261.0
"2025-04-18 00:00:00",UA,15,100,-19.0,-2.97,4.01,106.71,267.77,348.0
"2025-04-19 00:00:00",DL,1,2,-13.0,-13.0,-13.0,-13.0,-13.0,-8.0
"2025-04-19 00:00:00",WN,15,203,-14.0,-5.0,-0.99,7.92,21.98,296.0
"2025-04-19 00:00:00",UA,9,129,-14.0,-7.03,-4.01,0.0,23.81,173.0
"2025-04-19 00:00:00",AA,17,144,-12.0,-5.99,-1.99,17.99,58.56,812.0
"2025-04-19 00:00:00",AA,11,147,-13.0,-5.0,0.99,25.79,90.93,439.0
"2025-04-19 00:00:00",AA,7,211,-14.0,-5.99,-2.97,5.99,55.15,1554.0
"2025-04-19 00:00:00",UA,11,118,-16.0,-7.03,-1.99,4.01,13.07,87.0
"2025-04-19 00:00:00",AA,18,162,-19.0,-5.0,0.0,17.99,72.97,243.0
"2025-04-19 00:00:00",AA,8,192,-14.0,-5.99,-1.99,21.98,68.72,410.0
"2025-04-19 00:00:00",AA,23,27,-12.0,-4.01,-0.99,19.89,63.44,212.0
"2025-04-19 00:00:00",DL,5,73,-15.0,-10.07,-5.99,-1.99,0.0,256.0
"2025-04-19 00:00:00",UA,19,116,-21.0,-7.92,-4.01,1.99,15.03,88.0
"2025-04-19 00:00:00",WN,8,215,-14.0,-5.99,-2.97,0.0,8.94,373.0
"2025-04-19 00:00:00",WN,20,123,-11.0,-5.0,0.0,13.87,26.84,150.0
"2025-04-19 00:00:00",UA,22,35,-15.0,-7.92,-4.01,0.0,10.07,52.0
"2025-04-19 00:00:00",DL,14,122,-19.0,-5.99,-1.99,8.94,58.56,361.0
"2025-04-19 00:00:00",UA,15,96,-16.0,-7.92,-4.01,-0.99,4.01,340.0
"2025-04-19 00:00:00",AA,13,135,-13.0,-5.0,-0.99,16.95,67.36,310.0
"2025-04-19 00:00:00",UA,5,44,-15.0,-8.94,-7.03,-4.01,2.97,204.0
"2025-04-19 00:00:00",WN,13,232,-12.0,-4.01,0.0,5.99,25.79,242.0
"2025-04-19 00:00:00",UA,1,2,-7.0,-7.0,-7.0,-7.0,-7.0,69.0
"2025-04-19 00:00:00",UA,14,122,-13.0,-7.92,-4.01,0.0,15.03,352.0
