"2025-01-26 00:00:00",DL,6,175,-21.0,-8.94,-5.0,-1.99,1.99,414.0
"2025-01-26 00:00:00",WN,17,223,-16.0,-5.0,0.0,8.94,23.81,174.0
"2025-01-26 00:00:00",UA,16,126,-16.0,-5.99,-2.97,2.97,13.07,134.0
"2025-01-26 00:00:00",AA,21,82,-11.0,-5.0,-2.97,5.0,30.88,657.0
"2025-01-26 00:00:00",WN,21,148,-12.0,-5.99,-2.97,4.01,19.11,62.0
"2025-01-26 00:00:00",UA,2,1,-8.0,-8.0,-8.0,-8.0,-8.0,-8.0
"2025-01-26 00:00:00",DL,15,184,-14.0,-5.99,-2.97,2.97,21.12,279.0
"2025-01-26 00:00:00",WN,9,219,-11.0,-5.0,-2.97,1.99,10.07,206.0
"2025-01-26 00:00:00",DL,16,142,-12.0,-7.03,-2.97,2.97,21.12,290.0
"2025-01-26 00:00:00",DL,13,149,-20.0,-7.03,-2.97,2.97,23.81,302.0
"2025-01-26 00:00:00",AA,9,135,-14.0,-5.99,-2.97,0.0,13.87,940.0
"2025-01-26 00:00:00",DL,11,185,-14.0,-7.03,-4.01,0.0,12.06,80.0
"2025-01-26 00:00:00",UA,13,129,-14.0,-5.99,-1.99,4.01,15.96,179.0
"2025-01-26 00:00:00",AA,6,168,-14.0,-7.92,-5.0,-1.99,16.95,687.0
"2025-01-26 00:00:00",AA,5,88,-15.0,-8.94,-7.03,-4.01,1.99,667.0
"2025-01-26 00:00:00",AA,19,148,-17.0,-5.99,-2.97,7.92,30.27,231.0
"2025-01-26 00:00:00",AA,20,123,-15.0,-4.01,-0.99,12.06,47.95,484.0
"2025-01-26 00:00:00",DL,23,27,-14.0,-5.99,0.0,8.94,37.72,199.0
"2025-01-26 00:00:00",DL,21,96,-17.0,-5.99,-2.97,4.01,34.82,707.0
"2025-01-27 00:00:00",DL,11,187,-15.0,-5.99,-2.97,2.97,13.87,292.0
"2025-01-27 00:00:00",UA,2,1,-8.0,-8.0,-8.0,-8.0,-8.0,-8.0
"2025-01-27 00:00:00",DL,15,180,-20.0,-5.99,-4.01,0.0,16.95,237.0
"2025-01-27 00:00:00",WN,21,15,-12.0,-5.99,-4.01,0.99,7.92,54.0
"2025-01-27 00:00:00",AA,19,112,-15.0,-7.03,-2.97,5.0,26.84,293.0
"2025-01-27 00:00:00",AA,6,177,-15.0,-7.92,-5.99,-2.97,0.99,182.0
"2025-01-27 00:00:00",AA,21,81,-19.0,-5.0,-2.97,5.0,32.14,165.0
"2025-01-27 00:00:00",UA,13,133,-16.0,-7.92,-5.0,-0.99,5.0,154.0
"2025-01-27 00:00:00",DL,21,85,-24.0,-8.94,-5.0,-1.99,2.97,102.0
"2025-01-27 00:00:00",DL,23,25,-21.0,-10.91,-8.94,-2.97,-0.99,8.0
"2025-01-27 00:00:00",DL,6,183,-18.0,-7.92,-5.99,-1.99,0.99,390.0
"2025-01-27 00:00:00",AA,20,86,-12.0,-5.99,-1.99,5.0,37.72,226.0
"2025-01-27 00:00:00",AA,9,134,-12.0,-5.99,-2.97,0.0,13.87,305.0
"2025-01-27 00:00:00",UA,16,121,-15.0,-7.92,-5.0,0.0,12.06,128.0
"2025-01-27 00:00:00",AA,1,1,22.0,22.0,22.0,22.0,22.0,22.0
"2025-01-27 00:00:00",AA,5,103,-13.0,-7.92,-5.99,-4.01,4.01,154.0
"2025-01-27 00:00:00",WN,17,198,-23.0,-5.99,-2.97,0.0,12.06,120.0
"2025-01-27 00:00:00",WN,9,235,-13.0,-5.0,-2.97,0.0,5.0,153.0
"2025-01-27 00:00:00",DL,13,148,-17.0,-5.99,-2.97,1.99,15.03,129.0
"2025-01-27 00:00:00",DL,16,131,-16.0,-7.92,-4.01,0.99,13.07,88.0
"2025-01-28 00:00:00",DL,15,165,-18.0,-7.92,-4.01,0.0,12.06,87.0
"2025-01-28 00:00:00",DL,16,115,-20.0,-8.94,-5.0,0.0,10.91,68.0
"2025-01-28 00:00:00",UA,16,116,-14.0,-10.07,-7.92,-5.0,0.99,146.0
"2025-01-28 00:00:00",WN,17,198,-15.0,-7.03,-5.0,-1.99,5.99,70.0
"2025-01-28 00:00:00",AA,19,104,-14.0,-7.92,-5.0,-0.99,19.11,271.0
"2025-01-28 00:00:00",AA,20,78,-14.0,-7.92,-4.01,-1.99,5.0,641.0
"2025-01-28 00:00:00",DL,23,19,-17.0,-13.87,-7.92,-0.99,0.0,13.0
"2025-01-28 00:00:00",UA,13,124,-17.0,-8.94,-5.99,-2.97,4.01,161.0
"2025-01-28 00:00:00",DL,13,136,-20.0,-8.94,-5.0,0.0,21.12,126.0
"2025-01-28 00:00:00",AA,9,129,-16.0,-7.92,-5.0,-0.99,10.91,237.0
"2025-01-28 00:00:00",AA,6,170,-16.0,-10.07,-7.92,-5.0,0.99,473.0
"2025-01-28 00:00:00",WN,9,235,-14.0,-5.99,-4.01,-1.99,1.99,34.0
"2025-01-28 00:00:00",DL,6,179,-23.0,-10.07,-7.92,-4.01,0.0,398.0
"2025-01-28 00:00:00",UA,2,1,-7.0,-7.0,-7.0,-7.0,-7.0,-7.0
"2025-01-28 00:00:00",WN,21,15,-9.0,-7.03,-4.01,0.0,24.78,102.0
"2025-01-28 00:00:00",DL,21,66,-16.0,-7.92,-5.0,-1.99,13.87,80.0
"2025-01-28 00:00:00",AA,21,77,-14.0,-5.99,-4.01,5.0,23.81,55.0
"2025-01-28 00:00:00",AA,5,82,-17.0,-10.07,-7.92,-5.0,0.0,58.0
"2025-01-28 00:00:00",DL,11,176,-17.0,-7.92,-5.0,-1.99,16.95,193.0
