"2025-03-25 00:00:00",DL,17,176,-23.0,-8.94,-5.0,-0.99,12.06,191.0
"2025-03-25 00:00:00",WN,14,221,-15.0,-5.0,-2.97,0.99,12.06,121.0
"2025-03-25 00:00:00",AA,14,143,-14.0,-5.99,-2.97,13.87,77.49,329.0
"2025-03-25 00:00:00",AA,15,142,-18.0,-5.99,-1.99,19.11,59.75,186.0
"2025-03-25 00:00:00",WN,10,248,-11.0,-5.0,-2.97,0.99,16.95,95.0
"2025-03-25 00:00:00",WN,12,232,-14.0,-4.01,-0.99,1.99,13.87,189.0
"2025-03-25 00:00:00",WN,6,302,-12.0,-5.99,-4.01,-1.99,0.0,351.0
"2025-03-25 00:00:00",DL,22,95,-17.0,-7.92,-5.0,-1.99,0.0,60.0
"2025-03-25 00:00:00",UA,7,191,-15.0,-7.92,-5.99,-1.99,2.97,172.0
"2025-03-25 00:00:00",WN,7,244,-12.0,-5.99,-4.01,-0.99,1.99,82.0
"2025-03-25 00:00:00",WN,22,10,-8.0,-5.99,-2.97,-0.99,49.9,71.0
"2025-03-25 00:00:00",DL,0,7,-24.0,-13.07,-7.92,-7.03,-5.99,-4.0
"2025-03-25 00:00:00",WN,23,9,-8.0,-5.0,-2.97,-1.99,-0.99,11.0
"2025-03-25 00:00:00",UA,6,131,-16.0,-10.07,-7.03,-4.01,0.99,121.0
"2025-03-25 00:00:00",DL,20,94,-17.0,-7.03,-4.01,-0.99,26.84,338.0
"2025-03-25 00:00:00",WN,5,107,-12.0,-5.99,-4.01,-1.99,-0.99,12.0
"2025-03-25 00:00:00",AA,16,144,-15.0,-5.0,-2.97,10.07,32.79,292.0
"2025-03-25 00:00:00",UA,20,91,-15.0,-7.03,-2.97,4.01,32.79,162.0
"2025-03-25 00:00:00",UA,17,130,-14.0,-7.03,-4.01,0.0,12.06,200.0
"2025-03-26 00:00:00",DL,22,95,-14.0,-7.03,-4.01,0.0,10.91,756.0
"2025-03-26 00:00:00",AA,14,143,-10.0,-5.99,-0.99,10.91,21.98,305.0
"2025-03-26 00:00:00",WN,14,221,-15.0,-5.0,-1.99,5.0,16.95,160.0
"2025-03-26 00:00:00",WN,22,10,-7.0,-5.99,-2.97,-1.99,5.99,142.0
"2025-03-26 00:00:00",UA,7,193,-15.0,-7.92,-5.99,-2.97,4.01,161.0
"2025-03-26 00:00:00",WN,7,245,-13.0,-5.99,-4.01,-1.99,1.99,108.0
"2025-03-26 00:00:00",UA,6,131,-17.0,-10.07,-7.03,-5.0,-0.99,72.0
"2025-03-26 00:00:00",WN,23,9,-6.0,-1.99,1.99,2.97,4.01,10.0
"2025-03-26 00:00:00",WN,6,304,-13.0,-5.99,-5.0,-1.99,0.0,80.0
"2025-03-26 00:00:00",DL,0,4,-9.0,-8.94,-5.0,-5.0,-5.0,-4.0
"2025-03-26 00:00:00",WN,5,107,-12.0,-5.99,-5.0,-1.99,0.0,61.0
"2025-03-26 00:00:00",AA,15,142,-15.0,-5.0,-1.99,8.94,37.72,259.0
"2025-03-26 00:00:00",WN,12,231,-12.0,-5.0,-1.99,1.99,8.94,170.0
"2025-03-26 00:00:00",WN,10,250,-10.0,-5.0,-2.97,0.99,7.03,117.0
"2025-03-26 00:00:00",AA,16,145,-14.0,-5.0,-1.99,10.91,32.14,265.0
"2025-03-26 00:00:00",DL,17,179,-29.0,-7.03,-2.97,2.97,23.81,354.0
"2025-03-26 00:00:00",UA,17,136,-13.0,-7.03,-2.97,5.0,40.05,119.0
"2025-03-26 00:00:00",UA,20,99,-17.0,-7.03,-4.01,5.0,25.79,172.0
"2025-03-26 00:00:00",DL,20,98,-25.0,-7.03,-4.01,4.01,29.08,141.0
