"2025-02-05 00:00:00",UA,21,26,-17.0,-8.94,-7.03,0.99,4.01,26.0
"2025-02-05 00:00:00",DL,7,214,-17.0,-7.92,-5.99,-1.99,4.01,331.0
"2025-02-05 00:00:00",WN,11,263,-15.0,-5.0,-2.97,0.0,7.92,114.0
"2025-02-05 00:00:00",DL,19,104,-26.0,-7.03,-4.01,0.99,12.06,124.0
"2025-02-05 00:00:00",AA,22,56,-18.0,-8.94,-5.0,-0.99,5.99,56.0
"2025-02-05 00:00:00",AA,12,131,-15.0,-5.99,-2.97,2.97,19.11,178.0
"2025-02-05 00:00:00",WN,19,120,-15.0,-5.99,-2.97,5.0,21.98,90.0
"2025-02-05 00:00:00",UA,0,3,-7.0,-7.0,-4.01,-4.01,-4.01,-2.0
"2025-02-05 00:00:00",UA,23,27,-14.0,-7.92,-5.99,-0.99,5.0,44.0
"2025-02-05 00:00:00",UA,18,127,-19.0,-7.03,-2.97,0.99,19.11,161.0
"2025-02-05 00:00:00",WN,18,263,-14.0,-5.0,-0.99,5.0,24.78,104.0
"2025-02-05 00:00:00",DL,18,139,-24.0,-8.94,-4.01,0.0,16.95,182.0
"2025-02-05 00:00:00",UA,12,130,-16.0,-7.92,-5.0,-0.99,13.07,235.0
"2025-02-05 00:00:00",DL,12,159,-18.0,-8.94,-5.0,-1.99,7.03,64.0
"2025-02-05 00:00:00",WN,16,209,-16.0,-5.99,-4.01,4.01,26.84,220.0
"2025-02-05 00:00:00",AA,0,5,-5.0,-2.97,-2.97,27.94,27.94,99.0
"2025-02-05 00:00:00",UA,10,113,-18.0,-7.92,-5.0,-0.99,12.06,298.0
"2025-02-05 00:00:00",DL,8,175,-17.0,-7.92,-5.0,-1.99,5.0,136.0
"2025-02-05 00:00:00",UA,8,176,-15.0,-7.92,-5.99,-1.99,5.99,497.0
"2025-02-05 00:00:00",DL,10,148,-16.0,-7.92,-5.0,-1.99,10.07,213.0
"2025-02-05 00:00:00",DL,9,120,-15.0,-7.92,-5.0,-1.99,5.0,63.0
"2025-02-05 00:00:00",AA,10,130,-15.0,-7.03,-5.0,-0.99,13.07,173.0
"2025-02-06 00:00:00",UA,12,137,-17.0,-5.0,0.0,26.84,72.97,197.0
"2025-02-06 00:00:00",DL,12,170,-15.0,-5.0,1.99,24.78,56.27,278.0
"2025-02-06 00:00:00",AA,12,130,-18.0,-4.01,0.0,7.03,40.86,1265.0
"2025-02-06 00:00:00",WN,16,222,-13.0,-4.01,0.0,10.91,40.86,251.0
"2025-02-06 00:00:00",UA,23,30,-10.0,-2.97,1.99,12.06,19.89,59.0
"2025-02-06 00:00:00",UA,21,31,-9.0,-2.97,26.84,52.99,68.72,112.0
"2025-02-06 00:00:00",DL,7,223,-17.0,-5.99,-2.97,0.0,10.07,618.0
"2025-02-06 00:00:00",DL,10,158,-14.0,-5.0,-0.99,13.07,40.05,311.0
"2025-02-06 00:00:00",UA,10,117,-11.0,-4.01,1.99,34.82,72.97,297.0
"2025-02-06 00:00:00",WN,11,220,-13.0,-5.0,-0.99,7.03,34.82,174.0
"2025-02-06 00:00:00",AA,10,135,-12.0,-5.99,-2.97,5.99,30.27,163.0
"2025-02-06 00:00:00",DL,8,172,-15.0,-5.99,-2.97,7.03,40.86,324.0
"2025-02-06 00:00:00",UA,8,183,-15.0,-5.99,-2.97,8.94,58.56,273.0
"2025-02-06 00:00:00",DL,9,125,-13.0,-5.99,-2.97,2.97,15.96,104.0
"2025-02-06 00:00:00",AA,0,6,-9.0,-5.0,-4.01,-4.01,5.0,8.0
"2025-02-06 00:00:00",UA,18,139,-19.0,-2.97,7.03,54.06,117.93,290.0
"2025-02-06 00:00:00",UA,0,3,-9.0,-8.94,-4.01,-4.01,-4.01,88.0
"2025-02-06 00:00:00",DL,19,143,-16.0,-5.99,0.0,15.96,44.26,348.0
"2025-02-06 00:00:00",DL,18,156,-24.0,-5.99,0.0,19.11,63.44,277.0
"2025-02-06 00:00:00",AA,22,90,-13.0,-5.0,-1.99,5.99,34.13,685.0
"2025-02-06 00:00:00",WN,18,223,-13.0,-5.0,-0.99,12.06,34.82,278.0
"2025-02-06 00:00:00",WN,19,269,-19.0,-5.0,0.0,13.07,36.97,207.0
"2025-02-07 00:00:00",DL,9,125,-13.0,-7.03,-4.01,0.0,10.07,97.0
"2025-02-07 00:00:00",WN,11,226,-13.0,-5.0,-2.97,2.97,12.06,188.0
"2025-02-07 00:00:00",WN,18,227,-14.0,-5.99,-0.99,10.91,25.79,160.0
"2025-02-07 00:00:00",UA,10,119,-13.0,-7.03,-4.01,0.0,10.07,114.0
"2025-02-07 00:00:00",DL,10,158,-18.0,-7.03,-4.01,0.99,21.12,274.0
"2025-02-07 00:00:00",AA,22,57,-13.0,-7.03,-2.97,0.0,15.96,39.0
"2025-02-07 00:00:00",AA,10,142,-13.0,-5.99,-2.97,0.0,5.0,311.0
"2025-02-07 00:00:00",UA,23,30,-11.0,-7.03,-2.97,0.0,4.01,34.0
"2025-02-07 00:00:00",WN,19,267,-13.0,-5.99,-1.99,5.99,30.27,150.0
"2025-02-07 00:00:00",UA,21,30,-12.0,-7.03,-5.99,-4.01,5.0,295.0
"2025-02-07 00:00:00",AA,0,8,-10.0,-7.03,-2.97,-2.97,-1.99,36.0
"2025-02-07 00:00:00",DL,7,227,-17.0,-7.03,-4.01,-0.99,8.94,429.0
"2025-02-07 00:00:00",DL,19,145,-19.0,-8.94,-5.0,0.99,16.95,166.0
"2025-02-07 00:00:00",DL,8,174,-13.0,-5.99,-4.01,0.0,7.03,161.0
"2025-02-07 00:00:00",UA,8,186,-22.0,-7.03,-5.0,-0.99,13.07,300.0
"2025-02-07 00:00:00",UA,0,3,-6.0,-5.99,19.11,19.11,19.11,46.0
"2025-02-07 00:00:00",DL,18,157,-21.0,-8.94,-4.01,0.99,15.03,148.0
"2025-02-07 00:00:00",AA,12,135,-11.0,-5.0,-2.97,4.01,25.79,2700.0
"2025-02-07 00:00:00",UA,18,139,-17.0,-7.03,-4.01,-0.99,13.87,77.0
"2025-02-07 00:00:00",UA,12,135,-19.0,-7.03,-4.01,0.0,7.03,266.0
"2025-02-07 00:00:00",WN,16,226,-13.0,-4.01,0.0,13.07,32.14,161.0
"2025-02-07 00:00:00",DL,12,174,-14.0,-5.99,-2.97,4.01,23.81,203.0
"2025-02-08 00:00:00",WN,16,208,-17.0,-5.99,-2.97,5.0,21.12,102.0
"2025-02-08 00:00:00",UA,10,115,-15.0,-7.03,-4.01,1.99,19.89,246.0
"2025-02-08 00:00:00",WN,11,229,-12.0,-5.0,-1.99,2.97,10.07,104.0
"2025-02-08 00:00:00",DL,7,197,-17.0,-7.03,-4.01,0.0,8.94,62.0
"2025-02-08 00:00:00",AA,10,123,-13.0,-7.03,-4.01,-0.99,13.87,151.0
"2025-02-08 00:00:00",DL,10,122,-14.0,-7.03,-4.01,0.0,12.06,289.0
"2025-02-08 00:00:00",DL,8,149,-20.0,-7.03,-4.01,0.0,12.06,263.0
"2025-02-08 00:00:00",DL,9,121,-14.0,-7.03,-4.01,0.99,15.03,355.0
"2025-02-08 00:00:00",UA,8,163,-16.0,-7.03,-5.0,-1.99,4.01,141.0
"2025-02-08 00:00:00",UA,21,20,-19.0,-7.03,80.65,210.64,242.29,736.0
"2025-02-08 00:00:00",AA,12,113,-16.0,-5.99,-4.01,0.0,13.07,1299.0
"2025-02-08 00:00:00",DL,12,146,-15.0,-7.03,-4.01,2.97,34.13,1118.0
"2025-02-08 00:00:00",UA,12,113,-13.0,-7.03,-4.01,0.99,13.07,126.0
"2025-02-08 00:00:00",DL,19,83,-22.0,-8.94,-4.01,8.94,41.68,864.0
"2025-02-08 00:00:00",AA,22,52,-12.0,-5.99,-4.01,-0.99,5.0,379.0
"2025-02-08 00:00:00",UA,23,24,-14.0,-8.94,-5.0,0.0,47.95,329.0
"2025-02-08 00:00:00",WN,19,79,-11.0,-2.97,7.92,21.98,39.25,96.0
"2025-02-08 00:00:00",DL,18,107,-25.0,-7.03,-4.01,4.01,17.99,1173.0
"2025-02-08 00:00:00",UA,18,105,-16.0,-7.92,-4.01,7.03,29.08,359.0
"2025-02-08 00:00:00",WN,18,152,-10.0,-4.01,-0.99,8.94,29.08,186.0
"2025-02-08 00:00:00",AA,0,5,-7.0,-5.99,-5.99,0.0,0.0,1.0
"2025-02-08 00:00:00",UA,0,3,-8.0,-7.92,-7.03,-7.03,-7.03,0.0
"2025-02-09 00:00:00",AA,0,6,-7.0,-5.99,-5.99,-5.0,-1.99,-1.0
"2025-02-09 00:00:00",UA,8,176,-14.0,-7.03,-4.01,-0.99,19.11,335.0
"2025-02-09 00:00:00",UA,10,119,-14.0,-5.99,-1.99,7.03,46.07,234.0
"2025-02-09 00:00:00",UA,21,32,-10.0,-5.0,-1.99,5.99,22.88,120.0
"2025-02-09 00:00:00",DL,12,153,-22.0,-5.99,-1.99,2.97,41.68,178.0
"2025-02-09 00:00:00",WN,11,262,-15.0,-5.0,-1.99,1.99,12.06,103.0
"2025-02-09 00:00:00",UA,12,131,-14.0,-5.0,-0.99,10.07,40.86,149.0
"2025-02-09 00:00:00",AA,12,130,-11.0,-4.01,-0.99,7.92,45.15,1120.0
"2025-02-09 00:00:00",DL,9,120,-14.0,-5.99,-1.99,4.01,27.94,198.0
"2025-02-09 00:00:00",AA,10,137,-12.0,-5.99,-2.97,1.99,58.56,547.0
"2025-02-09 00:00:00",DL,10,124,-19.0,-5.99,-2.97,4.01,32.79,99.0
"2025-02-09 00:00:00",AA,22,89,-18.0,-5.99,-2.97,1.99,19.11,84.0
"2025-02-09 00:00:00",DL,7,200,-15.0,-5.99,-2.97,0.99,19.11,653.0
"2025-02-09 00:00:00",WN,16,213,-15.0,-5.99,-1.99,0.99,12.06,112.0
"2025-02-09 00:00:00",DL,18,112,-17.0,-7.92,-4.01,2.97,44.26,243.0
"2025-02-09 00:00:00",UA,18,141,-13.0,-7.03,-2.97,2.97,21.12,95.0
"2025-02-09 00:00:00",WN,18,239,-13.0,-5.99,-4.01,0.0,10.07,116.0
"2025-02-09 00:00:00",DL,19,104,-21.0,-7.03,-2.97,5.0,34.13,900.0
"2025-02-09 00:00:00",WN,19,109,-13.0,-5.99,-2.97,0.0,19.11,94.0
"2025-02-09 00:00:00",DL,8,160,-14.0,-7.03,-4.01,-0.99,21.12,161.0
"2025-02-09 00:00:00",UA,23,33,-15.0,-8.94,-7.03,-2.97,17.99,98.0
"2025-02-09 00:00:00",UA,0,3,-8.0,-7.92,-7.03,-7.03,-7.03,98.0
