"2025-01-22 00:00:00",WN,9,212,-10.0,-5.0,-1.99,0.0,7.03,99.0
"2025-01-22 00:00:00",DL,16,106,-15.0,-0.99,17.99,74.45,144.04,304.0
"2025-01-22 00:00:00",AA,6,147,-15.0,-7.92,-4.01,-0.99,19.11,887.0
"2025-01-22 00:00:00",DL,15,159,-18.0,-2.97,19.11,77.49,152.95,329.0
"2025-01-22 00:00:00",UA,2,1,-6.0,-6.0,-6.0,-6.0,-6.0,-6.0
"2025-01-22 00:00:00",AA,5,69,-15.0,-7.92,-5.0,-1.99,2.97,295.0
"2025-01-22 00:00:00",DL,11,144,-14.0,-4.01,7.92,92.77,186.82,294.0
"2025-01-22 00:00:00",DL,6,148,-15.0,-7.03,-2.97,5.99,85.64,567.0
"2025-01-22 00:00:00",DL,13,114,-16.0,-5.0,5.99,85.64,144.04,502.0
"2025-01-22 00:00:00",UA,13,124,-16.0,-7.03,-2.97,1.99,21.98,171.0
"2025-01-22 00:00:00",UA,16,113,-16.0,-5.99,-0.99,7.92,24.78,79.0
"2025-01-22 00:00:00",AA,9,117,-10.0,-5.99,-2.97,0.0,26.84,273.0
"2025-01-22 00:00:00",WN,17,187,-14.0,-5.0,-1.99,5.0,13.87,97.0
"2025-01-22 00:00:00",AA,19,105,-15.0,-5.99,-2.97,4.01,16.95,93.0
"2025-01-22 00:00:00",AA,20,77,-15.0,-5.99,-1.99,4.01,22.88,42.0
"2025-01-22 00:00:00",WN,21,15,-14.0,-7.03,-2.97,-0.99,0.99,24.0
"2025-01-22 00:00:00",AA,21,74,-13.0,-4.01,-0.99,7.03,27.94,159.0
"2025-01-22 00:00:00",DL,21,66,-11.0,-4.01,0.0,36.24,92.77,155.0
"2025-01-22 00:00:00",DL,23,20,-8.0,-5.0,0.0,19.89,82.28,96.0
"2025-01-23 00:00:00",DL,13,143,-17.0,-5.99,-0.99,15.03,40.86,279.0
"2025-01-23 00:00:00",UA,13,133,-19.0,-7.03,-4.01,1.99,19.11,528.0
"2025-01-23 00:00:00",DL,15,182,-25.0,-4.01,2.97,21.12,63.44,312.0
"2025-01-23 00:00:00",DL,23,27,-14.0,-5.0,-0.99,2.97,10.91,84.0
"2025-01-23 00:00:00",UA,16,121,-15.0,-5.99,-1.99,10.91,67.36,900.0
"2025-01-23 00:00:00",AA,19,142,-19.0,-5.99,0.0,13.07,44.26,221.0
"2025-01-23 00:00:00",DL,21,92,-11.0,-5.0,-1.99,7.03,22.88,616.0
"2025-01-23 00:00:00",DL,16,139,-16.0,-5.0,0.0,17.99,52.99,309.0
"2025-01-23 00:00:00",AA,20,118,-18.0,-4.01,0.99,19.89,82.28,498.0
"2025-01-23 00:00:00",AA,21,79,-12.0,-5.0,0.99,29.08,80.65,234.0
"2025-01-23 00:00:00",WN,21,15,-7.0,-5.0,-2.97,7.92,13.07,31.0
"2025-01-23 00:00:00",UA,2,1,-8.0,-8.0,-8.0,-8.0,-8.0,-8.0
"2025-01-23 00:00:00",AA,5,100,-15.0,-8.94,-5.0,-1.99,4.01,868.0
"2025-01-23 00:00:00",AA,6,165,-17.0,-7.92,-5.0,-2.97,0.0,910.0
"2025-01-23 00:00:00",WN,17,197,-11.0,-4.01,0.99,19.89,55.15,326.0
"2025-01-23 00:00:00",DL,6,173,-16.0,-7.92,-4.01,0.0,15.03,250.0
"2025-01-23 00:00:00",AA,9,127,-13.0,-5.99,-4.01,1.99,19.89,358.0
"2025-01-23 00:00:00",WN,9,223,-10.0,-5.0,-1.99,0.0,7.92,146.0
"2025-01-23 00:00:00",DL,11,179,-17.0,-5.0,-1.99,17.99,55.15,557.0
"2025-01-24 00:00:00",DL,13,147,-17.0,-7.03,-2.97,5.99,34.82,201.0
"2025-01-24 00:00:00",AA,6,171,-13.0,-7.92,-5.0,-1.99,5.0,259.0
"2025-01-24 00:00:00",UA,2,1,-4.0,-4.0,-4.0,-4.0,-4.0,-4.0
"2025-01-24 00:00:00",AA,21,83,-10.0,-4.01,-1.99,5.99,24.78,207.0
"2025-01-24 00:00:00",DL,11,185,-13.0,-5.99,-0.99,12.06,24.78,698.0
"2025-01-24 00:00:00",DL,23,26,-14.0,-1.99,0.0,7.03,13.07,35.0
"2025-01-24 00:00:00",AA,1,1,-6.0,-6.0,-6.0,-6.0,-6.0,-6.0
"2025-01-24 00:00:00",DL,6,184,-18.0,-7.03,-5.0,-0.99,7.03,970.0
"2025-01-24 00:00:00",AA,5,101,-12.0,-7.92,-5.0,-0.99,5.99,910.0
"2025-01-24 00:00:00",AA,20,84,-11.0,-5.0,-0.99,8.94,32.14,290.0
"2025-01-24 00:00:00",AA,9,134,-14.0,-5.0,-1.99,4.01,21.12,106.0
"2025-01-24 00:00:00",AA,19,113,-25.0,-5.99,-2.97,5.99,29.08,196.0
"2025-01-24 00:00:00",DL,21,96,-21.0,-7.03,-2.97,2.97,17.99,69.0
"2025-01-24 00:00:00",WN,21,15,-11.0,-7.92,-4.01,-0.99,0.0,4.0
"2025-01-24 00:00:00",WN,9,235,-11.0,-4.01,-1.99,0.99,10.91,220.0
"2025-01-24 00:00:00",UA,13,131,-14.0,-7.92,-5.0,-0.99,13.07,113.0
"2025-01-24 00:00:00",UA,16,124,-14.0,-7.03,-2.97,1.99,22.88,258.0
"2025-01-24 00:00:00",WN,17,198,-13.0,-5.0,-1.99,5.0,17.99,154.0
"2025-01-24 00:00:00",DL,16,142,-13.0,-5.99,-1.99,13.07,30.27,122.0
"2025-01-24 00:00:00",DL,15,185,-21.0,-5.0,0.0,22.88,43.38,190.0
"2025-01-25 00:00:00",DL,11,168,-19.0,-5.0,-1.99,8.94,25.79,101.0
"2025-01-25 00:00:00",DL,13,128,-17.0,-7.92,-4.01,2.97,24.78,104.0
"2025-01-25 00:00:00",UA,13,118,-15.0,-5.0,4.01,25.79,77.49,327.0
"2025-01-25 00:00:00",DL,15,148,-19.0,-7.92,-5.0,-0.99,7.03,179.0
"2025-01-25 00:00:00",WN,17,191,-14.0,-5.0,-0.99,10.91,27.94,96.0
"2025-01-25 00:00:00",DL,16,102,-20.0,-8.94,-5.99,-0.99,10.91,164.0
"2025-01-25 00:00:00",AA,9,121,-14.0,-5.99,-4.01,0.0,7.92,92.0
"2025-01-25 00:00:00",WN,9,220,-15.0,-5.0,-2.97,1.99,15.96,122.0
"2025-01-25 00:00:00",AA,6,167,-13.0,-7.03,-5.0,-0.99,4.01,207.0
"2025-01-25 00:00:00",WN,21,3,-7.0,-7.0,-2.97,-2.97,-2.97,34.0
"2025-01-25 00:00:00",UA,2,1,7.0,7.0,7.0,7.0,7.0,7.0
"2025-01-25 00:00:00",AA,5,82,-19.0,-7.92,-5.99,-4.01,0.99,59.0
"2025-01-25 00:00:00",AA,21,78,-12.0,-5.0,-1.99,7.03,40.86,97.0
"2025-01-25 00:00:00",AA,19,99,-19.0,-7.92,-2.97,4.01,23.81,291.0
"2025-01-25 00:00:00",UA,16,108,-23.0,-5.99,0.0,16.95,45.15,176.0
"2025-01-25 00:00:00",DL,21,64,-17.0,-7.03,-2.97,0.0,12.06,59.0
"2025-01-25 00:00:00",DL,23,19,-14.0,-5.0,-2.97,4.01,10.07,52.0
"2025-01-25 00:00:00",AA,20,81,-18.0,-5.99,-1.99,10.07,44.26,130.0
"2025-01-25 00:00:00",DL,6,171,-15.0,-7.92,-5.0,-0.99,10.07,210.0
