"2025-02-03 00:00:00",DL,23,24,-14.0,-8.94,-5.0,-0.99,1.99,58.0
"2025-02-03 00:00:00",WN,9,234,-12.0,-5.0,-1.99,0.99,21.98,162.0
"2025-02-03 00:00:00",DL,16,130,-17.0,-7.03,-2.97,5.0,37.72,190.0
"2025-02-03 00:00:00",AA,20,85,-14.0,-7.03,-5.0,-0.99,7.03,70.0
"2025-02-03 00:00:00",UA,13,132,-19.0,-5.99,-1.99,8.94,39.25,170.0
"2025-02-03 00:00:00",UA,16,121,-18.0,-7.03,-4.01,0.0,24.78,103.0
"2025-02-03 00:00:00",WN,17,195,-13.0,-5.99,-4.01,1.99,17.99,252.0
"2025-02-03 00:00:00",AA,19,113,-15.0,-5.99,-2.97,5.99,23.81,132.0
"2025-02-03 00:00:00",DL,15,180,-18.0,-5.0,-1.99,7.92,36.24,172.0
"2025-02-03 00:00:00",AA,21,81,-15.0,-5.99,-4.01,2.97,15.96,102.0
"2025-02-03 00:00:00",DL,11,186,-15.0,-5.99,-1.99,12.06,47.95,437.0
"2025-02-03 00:00:00",DL,13,148,-16.0,-5.99,-1.99,12.06,55.15,217.0
"2025-02-03 00:00:00",UA,2,1,8.0,8.0,8.0,8.0,8.0,8.0
"2025-02-03 00:00:00",AA,5,103,-14.0,-8.94,-5.99,-1.99,4.01,384.0
"2025-02-03 00:00:00",AA,9,129,-13.0,-5.99,-4.01,0.99,21.12,1906.0
"2025-02-03 00:00:00",AA,1,1,7.0,7.0,7.0,7.0,7.0,7.0
"2025-02-03 00:00:00",DL,6,183,-16.0,-7.92,-5.0,-1.99,13.87,608.0
"2025-02-03 00:00:00",AA,6,177,-14.0,-7.92,-5.0,-1.99,4.01,173.0
"2025-02-03 00:00:00",WN,21,15,-10.0,-5.99,-4.01,-1.99,7.03,125.0
"2025-02-03 00:00:00",DL,21,85,-14.0,-7.92,-4.01,0.0,15.03,755.0
"2025-02-04 00:00:00",DL,16,113,-19.0,-7.92,-5.0,-0.99,7.92,72.0
"2025-02-04 00:00:00",AA,5,82,-15.0,-10.07,-7.03,-4.01,0.0,131.0
"2025-02-04 00:00:00",AA,6,169,-15.0,-8.94,-7.03,-4.01,0.0,939.0
"2025-02-04 00:00:00",DL,6,182,-19.0,-10.07,-7.03,-4.01,0.99,971.0
"2025-02-04 00:00:00",WN,9,234,-14.0,-5.99,-4.01,-0.99,4.01,160.0
"2025-02-04 00:00:00",DL,11,177,-20.0,-7.92,-5.0,-1.99,8.94,220.0
"2025-02-04 00:00:00",DL,13,137,-21.0,-7.92,-5.99,-0.99,13.07,283.0
"2025-02-04 00:00:00",DL,15,168,-16.0,-7.03,-4.01,0.0,16.95,1091.0
"2025-02-04 00:00:00",UA,16,116,-17.0,-7.92,-5.0,1.99,10.91,340.0
"2025-02-04 00:00:00",UA,13,125,-18.0,-7.92,-5.0,0.99,7.92,127.0
"2025-02-04 00:00:00",WN,17,198,-14.0,-7.03,-4.01,-0.99,7.03,118.0
"2025-02-04 00:00:00",AA,9,125,-14.0,-7.92,-5.0,-1.99,7.03,218.0
"2025-02-04 00:00:00",UA,2,1,-9.0,-9.0,-9.0,-9.0,-9.0,-9.0
"2025-02-04 00:00:00",AA,19,102,-20.0,-7.92,-5.0,-0.99,8.94,179.0
"2025-02-04 00:00:00",DL,23,18,-15.0,-10.07,-7.03,-2.97,-0.99,100.0
"2025-02-04 00:00:00",DL,21,65,-15.0,-7.92,-5.0,-1.99,15.03,489.0
"2025-02-04 00:00:00",AA,20,77,-14.0,-7.92,-5.99,-4.01,1.99,56.0
"2025-02-04 00:00:00",AA,21,77,-16.0,-7.92,-5.99,-4.01,1.99,24.0
"2025-02-04 00:00:00",WN,21,15,-10.0,-7.03,-5.0,-2.97,4.01,105.0
