"2025-02-21 00:00:00",AA,22,97,-11.0,-5.0,-2.97,7.03,34.13,469.0
"2025-02-21 00:00:00",UA,0,3,-7.0,-7.0,19.89,19.89,19.89,24.0
"2025-02-21 00:00:00",DL,12,180,-17.0,-5.99,-1.99,10.07,34.13,253.0
"2025-02-21 00:00:00",AA,12,139,-16.0,-5.0,-0.99,13.87,48.91,1200.0
"2025-02-21 00:00:00",WN,16,222,-10.0,-2.97,0.0,12.06,32.79,209.0
"2025-02-21 00:00:00",UA,12,123,-14.0,-5.0,-2.97,0.0,16.95,85.0
"2025-02-21 00:00:00",UA,10,126,-12.0,-5.0,-2.97,0.0,10.91,55.0
"2025-02-21 00:00:00",AA,10,148,-10.0,-4.01,-0.99,7.03,34.82,616.0
"2025-02-21 00:00:00",DL,10,160,-14.0,-5.99,-1.99,4.01,24.78,318.0
"2025-02-21 00:00:00",UA,8,192,-14.0,-7.03,-4.01,1.99,21.12,364.0
"2025-02-21 00:00:00",DL,9,126,-15.0,-5.0,-1.99,7.92,24.78,256.0
"2025-02-21 00:00:00",DL,7,233,-16.0,-5.0,-1.99,0.99,15.03,210.0
"2025-02-21 00:00:00",DL,8,176,-12.0,-5.0,-1.99,1.99,15.03,149.0
"2025-02-21 00:00:00",AA,0,12,-11.0,-5.0,-1.99,0.0,4.01,30.0
"2025-02-21 00:00:00",WN,11,224,-13.0,-2.97,0.0,8.94,29.08,198.0
"2025-02-21 00:00:00",DL,18,159,-21.0,-5.99,-0.99,13.87,51.94,168.0
"2025-02-21 00:00:00",UA,23,36,-13.0,-10.07,-7.03,-1.99,1.99,35.0
"2025-02-21 00:00:00",UA,18,152,-16.0,-7.03,-4.01,0.99,15.03,159.0
"2025-02-21 00:00:00",WN,18,206,-12.0,-5.0,-1.99,8.94,24.78,144.0
"2025-02-21 00:00:00",WN,19,238,-15.0,-4.01,0.0,12.06,30.88,146.0
"2025-02-21 00:00:00",UA,21,42,-12.0,-8.94,-5.99,0.99,10.07,48.0
"2025-02-21 00:00:00",DL,19,166,-20.0,-7.03,-1.99,12.06,36.24,174.0
"2025-02-22 00:00:00",UA,23,25,-12.0,-7.92,-4.01,-1.99,5.99,289.0
"2025-02-22 00:00:00",WN,19,234,-15.0,-5.99,-1.99,5.99,23.81,114.0
"2025-02-22 00:00:00",DL,9,123,-15.0,-7.03,-2.97,0.99,13.87,140.0
"2025-02-22 00:00:00",WN,18,226,-14.0,-5.99,-1.99,8.94,26.84,140.0
"2025-02-22 00:00:00",UA,18,111,-14.0,-5.0,-0.99,10.91,24.78,120.0
"2025-02-22 00:00:00",DL,19,90,-12.0,-7.03,-4.01,0.99,30.27,138.0
"2025-02-22 00:00:00",AA,10,124,-14.0,-5.99,-2.97,2.97,21.98,285.0
"2025-02-22 00:00:00",WN,16,191,-12.0,-4.01,0.0,12.06,30.27,165.0
"2025-02-22 00:00:00",DL,18,114,-30.0,-7.92,-2.97,4.01,21.98,149.0
"2025-02-22 00:00:00",UA,12,105,-17.0,-5.0,-1.99,4.01,13.87,126.0
"2025-02-22 00:00:00",UA,10,116,-13.0,-5.99,-2.97,0.99,12.06,248.0
"2025-02-22 00:00:00",WN,11,208,-11.0,-5.0,-1.99,2.97,13.87,74.0
"2025-02-22 00:00:00",DL,12,154,-18.0,-7.03,-4.01,1.99,19.89,384.0
"2025-02-22 00:00:00",AA,12,133,-14.0,-5.0,-1.99,10.07,24.78,230.0
"2025-02-22 00:00:00",DL,10,123,-16.0,-5.99,-2.97,0.0,15.03,123.0
"2025-02-22 00:00:00",UA,0,3,-10.0,-10.0,-5.0,-5.0,-5.0,19.0
"2025-02-22 00:00:00",UA,8,168,-13.0,-5.99,-2.97,0.99,12.06,136.0
"2025-02-22 00:00:00",AA,0,11,-6.0,-5.0,-4.01,0.99,17.99,18.0
"2025-02-22 00:00:00",DL,8,148,-17.0,-5.0,-2.97,5.0,19.11,264.0
"2025-02-22 00:00:00",DL,7,205,-17.0,-5.99,-1.99,0.99,10.07,163.0
"2025-02-22 00:00:00",UA,21,28,-14.0,-7.92,-1.99,4.01,41.68,142.0
"2025-02-22 00:00:00",AA,22,64,-18.0,-7.03,-5.0,2.97,17.99,141.0
"2025-02-23 00:00:00",UA,21,48,-16.0,-7.03,-1.99,4.01,36.97,94.0
"2025-02-23 00:00:00",WN,11,223,-15.0,-5.0,-1.99,2.97,13.87,74.0
"2025-02-23 00:00:00",UA,18,153,-15.0,-5.0,-0.99,10.07,36.97,123.0
"2025-02-23 00:00:00",AA,12,139,-12.0,-4.01,-0.99,5.99,23.81,523.0
"2025-02-23 00:00:00",DL,8,181,-14.0,-5.99,-4.01,-0.99,15.03,164.0
"2025-02-23 00:00:00",UA,10,126,-10.0,-5.99,-4.01,0.0,16.95,127.0
"2025-02-23 00:00:00",WN,18,205,-10.0,-4.01,0.99,10.07,21.12,127.0
"2025-02-23 00:00:00",UA,8,182,-13.0,-7.03,-4.01,-0.99,7.03,581.0
"2025-02-23 00:00:00",DL,9,126,-20.0,-7.03,-4.01,1.99,13.07,80.0
"2025-02-23 00:00:00",AA,10,144,-16.0,-5.0,-2.97,0.99,12.06,174.0
"2025-02-23 00:00:00",DL,10,159,-15.0,-7.03,-4.01,0.0,13.07,213.0
"2025-02-23 00:00:00",UA,23,35,-15.0,-8.94,-4.01,2.97,13.07,41.0
"2025-02-23 00:00:00",UA,0,4,-7.0,-7.0,0.0,0.0,0.0,2.0
"2025-02-23 00:00:00",DL,7,233,-16.0,-7.03,-4.01,-0.99,8.94,329.0
"2025-02-23 00:00:00",WN,19,239,-11.0,-2.97,1.99,12.06,24.78,163.0
"2025-02-23 00:00:00",AA,0,9,-10.0,-7.03,-2.97,0.99,44.26,231.0
"2025-02-23 00:00:00",DL,12,182,-15.0,-7.03,-4.01,0.0,15.03,1046.0
"2025-02-23 00:00:00",DL,19,166,-16.0,-5.99,-2.97,7.92,30.27,152.0
"2025-02-23 00:00:00",UA,12,115,-14.0,-5.99,-1.99,7.03,19.89,149.0
"2025-02-23 00:00:00",AA,22,99,-9.0,-5.0,0.0,10.07,30.27,487.0
"2025-02-23 00:00:00",WN,16,224,-11.0,-1.99,4.01,13.07,30.27,125.0
"2025-02-23 00:00:00",DL,18,159,-17.0,-7.03,-2.97,5.99,24.78,223.0
