"2025-04-18 00:00:00",WN,9,236,-12.0,-4.01,0.0,10.07,32.14,150.0
"2025-04-18 00:00:00",UA,13,127,-13.0,-5.0,0.99,80.65,223.66,474.0
"2025-04-18 00:00:00",AA,6,195,-12.0,-7.03,-5.0,-1.99,0.99,271.0
"2025-04-18 00:00:00",AA,5,111,-14.0,-7.92,-5.99,-4.01,0.0,77.0
"2025-04-18 00:00:00",DL,6,190,-16.0,-7.92,-5.0,-1.99,5.0,384.0
"2025-04-18 00:00:00",AA,9,134,-11.0,-5.99,-2.97,2.97,16.95,123.0
"2025-04-18 00:00:00",WN,17,237,-10.0,-2.97,5.0,44.26,141.19,290.0
"2025-04-18 00:00:00",DL,13,152,-13.0,-7.03,-4.01,0.99,10.91,155.0
"2025-04-18 00:00:00",WN,21,188,-11.0,-5.0,0.99,34.82,132.97,272.0
"2025-04-18 00:00:00",DL,23,35,-17.0,-8.94,-5.0,1.99,19.89,105.0
"2025-04-18 00:00:00",AA,1,1,-9.0,-9.0,-9.0,-9.0,-9.0,-9.0
"2025-04-18 00:00:00",DL,11,216,-16.0,-7.92,-5.0,-0.99,12.06,199.0
"2025-04-18 00:00:00",AA,19,159,-18.0,-7.03,-0.99,13.87,41.68,181.0
"2025-04-18 00:00:00",DL,21,101,-13.0,-7.03,-4.01,2.97,15.03,814.0
"2025-04-18 00:00:00",DL,15,192,-17.0,-5.99,-2.97,4.01,22.88,299.0
"2025-04-18 00:00:00",AA,20,134,-19.0,-5.0,-1.99,13.07,36.97,508.0
"2025-04-18 00:00:00",AA,21,87,-16.0,-5.99,-2.97,7.92,36.97,726.0
"2025-04-18 00:00:00",DL,16,139,-14.0,-5.99,-1.99,5.99,26.84,272.0
"2025-04-18 00:00:00",UA,16,140,-14.0,-5.0,1.99,89.13,219.23,410.0
"2025-04-19 00:00:00",AA,5,101,-14.0,-8.94,-5.0,0.0,44.26,446.0
"2025-04-19 00:00:00",DL,6,179,-16.0,-8.94,-5.99,-2.97,1.99,932.0
"2025-04-19 00:00:00",DL,13,142,-16.0,-8.94,-5.0,1.99,26.84,592.0
"2025-04-19 00:00:00",WN,21,36,-12.0,-4.01,-0.99,7.92,23.81,45.0
"2025-04-19 00:00:00",AA,1,1,-7.0,-7.0,-7.0,-7.0,-7.0,-7.0
"2025-04-19 00:00:00",DL,11,194,-22.0,-7.03,-4.01,1.99,21.12,139.0
"2025-04-19 00:00:00",AA,9,116,-13.0,-5.0,-0.99,13.07,71.53,543.0
"2025-04-19 00:00:00",DL,23,29,-18.0,-7.03,-2.97,2.97,30.27,545.0
"2025-04-19 00:00:00",WN,9,222,-12.0,-5.0,-1.99,5.0,15.96,275.0
"2025-04-19 00:00:00",WN,17,223,-16.0,-5.99,-1.99,5.99,25.79,174.0
"2025-04-19 00:00:00",UA,13,116,-19.0,-7.92,-4.01,1.99,21.12,272.0
"2025-04-19 00:00:00",DL,21,84,-14.0,-8.94,-5.0,0.0,16.95,169.0
"2025-04-19 00:00:00",AA,19,126,-16.0,-7.03,-1.99,21.12,59.75,242.0
"2025-04-19 00:00:00",AA,20,126,-18.0,-4.01,0.0,19.11,48.91,766.0
"2025-04-19 00:00:00",AA,21,83,-17.0,-7.03,-1.99,5.0,60.95,185.0
"2025-04-19 00:00:00",DL,16,118,-23.0,-5.99,-2.97,7.92,30.27,248.0
"2025-04-19 00:00:00",DL,15,185,-18.0,-7.92,-4.01,1.99,15.96,233.0
"2025-04-19 00:00:00",AA,6,183,-14.0,-7.03,-4.01,7.03,85.64,478.0
"2025-04-19 00:00:00",UA,16,117,-15.0,-8.94,-5.99,-1.99,7.03,122.0
