"2025-04-25 00:00:00",AA,13,148,-10.0,-2.97,1.99,13.07,30.88,147.0
"2025-04-25 00:00:00",UA,14,126,-12.0,-4.01,2.97,26.84,68.72,190.0
"2025-04-25 00:00:00",AA,7,229,-12.0,-5.99,-2.97,0.0,12.06,165.0
"2025-04-25 00:00:00",UA,19,144,-18.0,0.0,10.07,40.05,77.49,809.0
"2025-04-25 00:00:00",AA,11,167,-11.0,-4.01,-0.99,2.97,16.95,129.0
"2025-04-25 00:00:00",UA,11,121,-15.0,-5.0,0.99,21.98,87.37,206.0
"2025-04-25 00:00:00",AA,8,202,-11.0,-4.01,-1.99,0.99,19.89,1861.0
"2025-04-25 00:00:00",UA,9,139,-13.0,-5.0,-1.99,4.01,36.97,182.0
"2025-04-25 00:00:00",WN,8,240,-12.0,-2.97,0.0,7.92,27.94,276.0
"2025-04-25 00:00:00",AA,23,33,-11.0,-5.99,-0.99,1.99,16.95,75.0
"2025-04-25 00:00:00",WN,13,248,-8.0,0.99,13.07,32.79,74.45,179.0
"2025-04-25 00:00:00",UA,22,35,-35.0,-7.03,-2.97,4.01,24.78,150.0
"2025-04-25 00:00:00",DL,1,2,-11.0,-10.91,-10.91,-10.91,-10.91,-2.0
"2025-04-25 00:00:00",WN,20,200,-14.0,-2.97,5.99,25.79,72.97,195.0
"2025-04-25 00:00:00",AA,18,171,-12.0,-4.01,0.0,23.81,58.56,264.0
"2025-04-25 00:00:00",UA,1,2,-4.0,-4.0,-4.0,-4.0,-4.0,45.0
"2025-04-25 00:00:00",DL,14,154,-17.0,-5.99,-1.99,5.0,25.79,307.0
"2025-04-25 00:00:00",UA,5,44,-17.0,-7.92,-5.99,-4.01,-1.99,3.0
"2025-04-25 00:00:00",DL,5,76,-17.0,-7.03,-5.0,-0.99,5.0,53.0
"2025-04-25 00:00:00",AA,17,163,-14.0,-4.01,1.99,19.11,39.25,219.0
"2025-04-25 00:00:00",WN,15,229,-11.0,0.99,13.07,30.88,67.36,268.0
"2025-04-25 00:00:00",UA,15,101,-11.0,-2.97,15.03,41.68,111.06,300.0
