"2025-04-19 00:00:00",WN,19,159,-13.0,-5.0,-1.99,5.0,26.84,197.0
"2025-04-19 00:00:00",WN,18,262,-17.0,-5.99,-2.97,4.01,26.84,219.0
"2025-04-19 00:00:00",DL,8,172,-15.0,-7.92,-5.0,-1.99,8.94,324.0
"2025-04-19 00:00:00",DL,19,95,-23.0,-7.03,-2.97,8.94,29.08,103.0
"2025-04-19 00:00:00",UA,21,42,-24.0,-8.94,-5.0,0.99,8.94,75.0
"2025-04-19 00:00:00",AA,22,78,-20.0,-5.99,-4.01,-1.99,16.95,80.0
"2025-04-19 00:00:00",UA,23,34,-17.0,-10.07,-5.99,-4.01,1.99,542.0
"2025-04-19 00:00:00",AA,12,131,-10.0,-5.0,0.99,21.98,77.49,1104.0
"2025-04-19 00:00:00",UA,8,153,-13.0,-7.92,-5.0,-0.99,5.0,378.0
"2025-04-19 00:00:00",UA,18,117,-20.0,-7.03,-4.01,0.0,16.95,201.0
"2025-04-19 00:00:00",WN,16,232,-15.0,-5.0,-1.99,8.94,29.08,264.0
"2025-04-19 00:00:00",DL,18,148,-21.0,-8.94,-5.0,1.99,26.84,204.0
"2025-04-19 00:00:00",UA,0,8,-10.0,-8.94,-5.99,-1.99,-1.99,55.0
"2025-04-19 00:00:00",AA,0,7,-11.0,-7.92,-4.01,-1.99,0.99,3.0
"2025-04-19 00:00:00",DL,7,214,-16.0,-7.03,-4.01,-0.99,15.03,819.0
"2025-04-19 00:00:00",WN,11,202,-11.0,-5.0,-0.99,5.99,21.98,149.0
"2025-04-19 00:00:00",UA,12,111,-14.0,-5.99,-2.97,0.99,12.06,208.0
"2025-04-19 00:00:00",DL,12,168,-22.0,-7.92,-4.01,0.99,15.03,1122.0
"2025-04-19 00:00:00",UA,10,111,-12.0,-7.03,-4.01,0.0,15.03,107.0
"2025-04-19 00:00:00",AA,10,136,-15.0,-5.0,0.99,37.72,82.28,555.0
"2025-04-19 00:00:00",DL,10,128,-19.0,-8.94,-5.0,0.99,36.24,154.0
"2025-04-19 00:00:00",DL,9,144,-21.0,-7.03,-4.01,0.0,16.95,132.0
