"2025-02-10 00:00:00",WN,7,211,-13.0,-5.0,-2.97,0.0,12.06,74.0
"2025-02-10 00:00:00",UA,20,82,-12.0,-7.03,-2.97,2.97,22.88,82.0
"2025-02-10 00:00:00",DL,0,1,-4.0,-4.0,-4.0,-4.0,-4.0,-4.0
"2025-02-10 00:00:00",WN,22,3,-8.0,-7.92,-5.0,-5.0,-5.0,-5.0
"2025-02-10 00:00:00",DL,22,92,-14.0,-5.99,-2.97,1.99,13.87,790.0
"2025-02-10 00:00:00",UA,17,141,-14.0,-7.03,-4.01,1.99,15.96,115.0
"2025-02-10 00:00:00",AA,15,118,-12.0,-5.0,-1.99,5.0,32.14,163.0
"2025-02-10 00:00:00",WN,5,99,-9.0,-5.0,-2.97,0.0,4.01,44.0
"2025-02-10 00:00:00",DL,20,92,-13.0,-7.03,-1.99,7.92,41.68,214.0
"2025-02-10 00:00:00",AA,16,143,-13.0,-5.99,-1.99,10.91,55.15,489.0
"2025-02-10 00:00:00",UA,6,116,-14.0,-7.92,-4.01,-0.99,5.99,206.0
"2025-02-10 00:00:00",DL,17,167,-19.0,-8.94,-5.0,0.0,13.87,198.0
"2025-02-10 00:00:00",WN,6,302,-12.0,-5.0,-4.01,-0.99,5.0,231.0
"2025-02-10 00:00:00",UA,7,172,-15.0,-7.03,-5.0,-1.99,0.99,155.0
"2025-02-10 00:00:00",WN,12,227,-13.0,-5.0,-1.99,7.03,22.88,224.0
"2025-02-10 00:00:00",WN,10,234,-11.0,-4.01,-1.99,5.0,25.79,136.0
"2025-02-10 00:00:00",AA,14,151,-16.0,-5.0,-1.99,7.03,32.79,226.0
"2025-02-10 00:00:00",WN,14,226,-12.0,-4.01,0.0,10.07,36.97,268.0
"2025-02-11 00:00:00",DL,0,1,-10.0,-10.0,-10.0,-10.0,-10.0,-10.0
"2025-02-11 00:00:00",WN,14,218,-15.0,-5.0,-0.99,13.07,40.05,218.0
"2025-02-11 00:00:00",WN,7,186,-11.0,-5.99,-4.01,-1.99,0.0,255.0
"2025-02-11 00:00:00",UA,6,109,-18.0,-8.94,-7.03,-4.01,0.99,126.0
"2025-02-11 00:00:00",WN,6,222,-12.0,-5.99,-4.01,-1.99,0.99,364.0
"2025-02-11 00:00:00",WN,12,181,-12.0,-5.0,-1.99,5.99,19.89,137.0
"2025-02-11 00:00:00",AA,14,131,-15.0,-7.03,-2.97,0.99,10.91,209.0
"2025-02-11 00:00:00",AA,15,117,-13.0,-5.99,-2.97,2.97,19.11,165.0
"2025-02-11 00:00:00",AA,16,126,-25.0,-7.03,-4.01,-0.99,7.03,162.0
"2025-02-11 00:00:00",DL,22,85,-14.0,-7.03,-2.97,1.99,13.07,99.0
"2025-02-11 00:00:00",WN,5,30,-11.0,-7.03,-2.97,-0.99,1.99,8.0
"2025-02-11 00:00:00",UA,20,74,-20.0,-2.97,4.01,21.98,46.07,107.0
"2025-02-11 00:00:00",DL,17,168,-20.0,-7.03,-2.97,4.01,32.14,1092.0
"2025-02-11 00:00:00",DL,20,65,-14.0,-5.0,-1.99,4.01,19.89,841.0
"2025-02-11 00:00:00",UA,17,137,-15.0,-5.0,0.0,34.82,74.45,789.0
"2025-02-11 00:00:00",WN,10,201,-10.0,-5.0,-0.99,7.03,21.12,181.0
"2025-02-11 00:00:00",UA,7,147,-19.0,-8.94,-5.99,-2.97,0.99,117.0
