"2025-04-01 00:00:00",UA,11,124,-15.0,-5.99,-2.97,0.99,10.91,96.0
"2025-04-01 00:00:00",UA,5,38,-14.0,-8.94,-7.03,-4.01,0.0,245.0
"2025-04-01 00:00:00",WN,15,217,-15.0,-4.01,0.99,15.96,32.14,139.0
"2025-04-01 00:00:00",AA,23,27,-15.0,-7.03,-2.97,17.99,58.56,686.0
"2025-04-01 00:00:00",WN,20,178,-15.0,-5.99,-1.99,10.91,34.13,209.0
"2025-04-01 00:00:00",AA,17,151,-11.0,-5.0,0.99,17.99,62.18,316.0
"2025-04-01 00:00:00",UA,22,31,-13.0,-8.94,-5.0,0.0,19.11,67.0
"2025-04-01 00:00:00",UA,19,126,-23.0,-7.03,-0.99,7.92,21.12,286.0
"2025-04-01 00:00:00",AA,8,188,-17.0,-5.0,-2.97,2.97,49.9,1863.0
"2025-04-01 00:00:00",AA,11,164,-13.0,-5.0,-1.99,7.92,34.82,398.0
"2025-04-01 00:00:00",AA,18,163,-15.0,-5.0,-0.99,22.88,71.53,2186.0
"2025-04-01 00:00:00",UA,9,143,-13.0,-5.99,-2.97,0.99,19.89,181.0
"2025-04-01 00:00:00",WN,8,268,-10.0,-4.01,-1.99,1.99,13.07,294.0
"2025-04-01 00:00:00",DL,1,2,-8.0,-7.92,-7.92,-7.92,-7.92,0.0
"2025-04-01 00:00:00",UA,15,97,-16.0,-7.03,-2.97,1.99,29.08,167.0
"2025-04-01 00:00:00",DL,5,63,-20.0,-10.07,-5.0,-1.99,24.78,416.0
"2025-04-01 00:00:00",UA,14,130,-15.0,-7.03,-4.01,0.99,15.96,128.0
"2025-04-01 00:00:00",AA,7,210,-16.0,-5.99,-2.97,0.0,16.95,234.0
"2025-04-01 00:00:00",UA,1,1,13.0,13.0,13.0,13.0,13.0,13.0
"2025-04-01 00:00:00",AA,13,143,-13.0,-5.0,-0.99,19.89,64.72,581.0
"2025-04-01 00:00:00",WN,13,234,-10.0,-4.01,-0.99,7.92,26.84,125.0
"2025-04-01 00:00:00",DL,14,137,-15.0,-5.0,0.0,16.95,40.86,1032.0
