"2025-02-28 00:00:00",DL,16,140,-13.0,-5.99,-1.99,10.91,40.86,195.0
"2025-02-28 00:00:00",UA,16,144,-15.0,-7.03,-4.01,1.99,21.12,280.0
"2025-02-28 00:00:00",UA,2,1,82.0,82.0,82.0,82.0,82.0,82.0
"2025-02-28 00:00:00",AA,5,103,-13.0,-7.03,-4.01,-0.99,4.01,116.0
"2025-02-28 00:00:00",AA,6,188,-11.0,-5.99,-4.01,-1.99,5.99,2883.0
"2025-02-28 00:00:00",DL,6,186,-18.0,-7.92,-5.0,-1.99,5.99,371.0
"2025-02-28 00:00:00",AA,9,130,-13.0,-5.99,-2.97,0.0,7.92,274.0
"2025-02-28 00:00:00",WN,9,217,-11.0,-5.0,-1.99,0.99,7.03,91.0
"2025-02-28 00:00:00",WN,17,241,-13.0,-5.0,-0.99,5.0,19.11,143.0
"2025-02-28 00:00:00",AA,19,162,-13.0,-5.99,-4.01,13.07,51.94,251.0
"2025-02-28 00:00:00",WN,21,141,-15.0,-7.03,-4.01,0.0,7.03,87.0
"2025-02-28 00:00:00",DL,23,25,-10.0,-5.99,-5.0,-0.99,0.0,18.0
"2025-02-28 00:00:00",AA,20,125,-19.0,-5.0,-0.99,10.91,52.99,124.0
"2025-02-28 00:00:00",DL,21,96,-13.0,-5.0,-1.99,7.03,29.08,120.0
"2025-02-28 00:00:00",AA,21,94,-13.0,-4.01,-1.99,4.01,27.94,583.0
"2025-02-28 00:00:00",DL,13,146,-12.0,-7.03,-5.0,0.0,17.99,427.0
"2025-02-28 00:00:00",DL,15,185,-16.0,-5.99,-1.99,5.99,29.08,151.0
"2025-02-28 00:00:00",DL,11,191,-14.0,-7.03,-4.01,0.0,10.07,179.0
"2025-02-28 00:00:00",UA,13,142,-13.0,-7.03,-2.97,0.99,7.03,75.0
"2025-03-01 00:00:00",DL,23,18,-17.0,-7.92,-4.01,-0.99,5.0,10.0
"2025-03-01 00:00:00",DL,6,168,-16.0,-8.94,-5.0,-1.99,2.97,318.0
"2025-03-01 00:00:00",AA,5,82,-12.0,-7.03,-5.0,-1.99,2.97,207.0
"2025-03-01 00:00:00",AA,6,168,-12.0,-7.92,-5.0,-1.99,12.06,833.0
"2025-03-01 00:00:00",AA,20,106,-15.0,-5.0,-1.99,10.07,32.14,137.0
"2025-03-01 00:00:00",AA,9,119,-15.0,-5.99,-2.97,0.99,16.95,232.0
"2025-03-01 00:00:00",WN,9,191,-17.0,-5.0,-2.97,0.0,7.92,105.0
"2025-03-01 00:00:00",DL,11,174,-17.0,-5.99,-4.01,0.99,12.06,160.0
"2025-03-01 00:00:00",DL,13,124,-18.0,-7.03,-2.97,5.0,27.94,169.0
"2025-03-01 00:00:00",UA,13,127,-21.0,-7.03,-4.01,0.0,8.94,187.0
"2025-03-01 00:00:00",DL,15,151,-18.0,-5.99,-2.97,4.01,27.94,379.0
"2025-03-01 00:00:00",DL,16,103,-13.0,-7.92,-4.01,1.99,48.91,208.0
"2025-03-01 00:00:00",UA,16,127,-16.0,-5.99,-0.99,2.97,46.07,193.0
"2025-03-01 00:00:00",WN,17,216,-11.0,-5.0,-1.99,5.99,32.14,219.0
"2025-03-01 00:00:00",AA,19,111,-15.0,-5.99,-4.01,7.92,44.26,157.0
"2025-03-01 00:00:00",AA,21,78,-13.0,-5.0,-0.99,13.07,57.4,508.0
"2025-03-01 00:00:00",DL,21,63,-20.0,-7.92,-5.0,0.0,10.07,161.0
"2025-03-01 00:00:00",WN,21,105,-10.0,-5.99,-4.01,0.0,10.91,222.0
"2025-03-01 00:00:00",UA,2,1,-9.0,-9.0,-9.0,-9.0,-9.0,-9.0
"2025-03-02 00:00:00",UA,16,139,-14.0,-5.0,-1.99,5.99,19.89,138.0
"2025-03-02 00:00:00",DL,23,26,-13.0,-5.0,-1.99,0.0,0.99,58.0
"2025-03-02 00:00:00",DL,6,175,-16.0,-7.92,-4.01,0.0,10.91,534.0
"2025-03-02 00:00:00",AA,20,126,-16.0,-2.97,7.92,24.78,77.49,349.0
"2025-03-02 00:00:00",WN,21,140,-12.0,-4.01,0.0,10.07,21.12,96.0
"2025-03-02 00:00:00",AA,21,93,-13.0,-2.97,2.97,22.88,60.95,378.0
"2025-03-02 00:00:00",DL,21,95,-19.0,-5.99,-0.99,10.07,41.68,1118.0
"2025-03-02 00:00:00",AA,9,132,-12.0,-5.99,-2.97,0.0,13.07,1439.0
"2025-03-02 00:00:00",UA,13,143,-16.0,-5.99,-2.97,0.99,15.03,244.0
"2025-03-02 00:00:00",DL,16,140,-20.0,-5.99,-0.99,5.99,24.78,69.0
"2025-03-02 00:00:00",WN,17,241,-10.0,-1.99,2.97,19.11,37.72,223.0
"2025-03-02 00:00:00",AA,19,162,-13.0,-2.97,4.01,22.88,72.97,307.0
"2025-03-02 00:00:00",DL,13,147,-19.0,-5.99,-1.99,4.01,19.89,122.0
"2025-03-02 00:00:00",AA,5,103,-14.0,-8.94,-5.99,-2.97,0.99,1670.0
"2025-03-02 00:00:00",AA,6,182,-14.0,-7.92,-5.0,-0.99,12.06,855.0
"2025-03-02 00:00:00",UA,2,1,77.0,77.0,77.0,77.0,77.0,77.0
"2025-03-02 00:00:00",DL,15,185,-15.0,-5.99,-1.99,7.03,23.81,254.0
"2025-03-02 00:00:00",WN,9,218,-13.0,-5.0,-2.97,0.0,5.99,79.0
"2025-03-02 00:00:00",DL,11,190,-18.0,-5.99,-2.97,0.0,10.91,194.0
