"2025-04-20 00:00:00",DL,21,101,-17.0,-5.0,-1.99,7.03,29.08,242.0
"2025-04-20 00:00:00",AA,19,161,-18.0,-5.0,-0.99,34.82,108.86,820.0
"2025-04-20 00:00:00",AA,9,129,-14.0,-5.99,-2.97,7.92,37.72,141.0
"2025-04-20 00:00:00",WN,17,231,-14.0,-4.01,-0.99,7.92,36.24,217.0
"2025-04-20 00:00:00",DL,16,141,-13.0,-5.0,-1.99,5.0,36.97,217.0
"2025-04-20 00:00:00",AA,20,136,-11.0,-4.01,2.97,21.12,47.95,611.0
"2025-04-20 00:00:00",UA,16,138,-11.0,-5.99,-0.99,13.07,117.93,401.0
"2025-04-20 00:00:00",AA,5,95,-19.0,-8.94,-5.99,-0.99,36.24,157.0
"2025-04-20 00:00:00",AA,6,178,-14.0,-7.92,-4.01,7.92,62.18,1139.0
"2025-04-20 00:00:00",DL,6,181,-21.0,-7.92,-5.0,0.0,8.94,481.0
"2025-04-20 00:00:00",DL,11,215,-20.0,-7.03,-4.01,0.0,25.79,362.0
"2025-04-20 00:00:00",DL,15,193,-14.0,-5.99,-2.97,2.97,30.27,332.0
"2025-04-20 00:00:00",WN,9,207,-13.0,-5.99,-4.01,0.0,10.07,173.0
"2025-04-20 00:00:00",DL,23,35,-12.0,-5.99,-2.97,1.99,10.07,34.0
"2025-04-20 00:00:00",DL,13,152,-19.0,-7.03,-4.01,7.03,24.78,503.0
"2025-04-20 00:00:00",UA,13,125,-13.0,-7.03,-4.01,2.97,22.88,353.0
"2025-04-20 00:00:00",WN,21,181,-15.0,-2.97,1.99,19.11,52.99,173.0
"2025-04-20 00:00:00",AA,21,87,-16.0,-4.01,4.01,23.81,59.75,437.0
"2025-04-21 00:00:00",UA,13,123,-12.0,-5.99,-2.97,5.0,44.26,272.0
"2025-04-21 00:00:00",AA,19,161,-15.0,-5.0,0.0,19.11,41.68,428.0
"2025-04-21 00:00:00",DL,23,33,-14.0,-5.99,-0.99,8.94,19.89,82.0
"2025-04-21 00:00:00",AA,6,196,-11.0,-5.99,-4.01,0.0,15.03,429.0
"2025-04-21 00:00:00",AA,20,136,-14.0,-4.01,0.0,19.11,58.56,271.0
"2025-04-21 00:00:00",DL,15,193,-17.0,-5.0,-0.99,7.92,30.27,409.0
"2025-04-21 00:00:00",WN,17,242,-9.0,-0.99,10.07,29.08,77.49,295.0
"2025-04-21 00:00:00",UA,16,138,-14.0,-5.0,-0.99,15.96,70.11,261.0
"2025-04-21 00:00:00",DL,16,144,-13.0,-5.99,-1.99,10.91,23.81,206.0
"2025-04-21 00:00:00",DL,13,153,-20.0,-7.03,-2.97,4.01,13.87,162.0
"2025-04-21 00:00:00",WN,9,237,-8.0,-2.97,0.0,5.99,40.86,310.0
"2025-04-21 00:00:00",DL,11,216,-15.0,-7.03,-4.01,4.01,22.88,243.0
"2025-04-21 00:00:00",AA,1,1,-4.0,-4.0,-4.0,-4.0,-4.0,-4.0
"2025-04-21 00:00:00",AA,5,111,-16.0,-7.03,-4.01,-0.99,24.78,854.0
"2025-04-21 00:00:00",AA,9,135,-11.0,-5.0,-2.97,4.01,40.86,515.0
"2025-04-21 00:00:00",DL,6,189,-15.0,-7.03,-5.0,-0.99,7.03,146.0
"2025-04-21 00:00:00",DL,21,105,-11.0,-5.0,-1.99,7.03,36.97,130.0
"2025-04-21 00:00:00",WN,21,193,-15.0,-1.99,7.92,27.94,66.03,278.0
"2025-04-21 00:00:00",AA,21,87,-14.0,-4.01,0.0,19.11,74.45,192.0
"2025-04-22 00:00:00",WN,17,248,-13.0,-5.0,-0.99,8.94,23.81,133.0
"2025-04-22 00:00:00",AA,21,82,-13.0,-5.0,-1.99,1.99,19.89,103.0
"2025-04-22 00:00:00",DL,23,29,-16.0,-7.92,-5.0,-0.99,7.03,28.0
"2025-04-22 00:00:00",DL,21,82,-16.0,-7.03,-5.0,-0.99,8.94,178.0
"2025-04-22 00:00:00",DL,16,126,-16.0,-5.99,-4.01,0.0,10.91,92.0
"2025-04-22 00:00:00",AA,19,151,-17.0,-7.03,-1.99,5.99,41.68,303.0
"2025-04-22 00:00:00",WN,21,95,-11.0,-5.0,-2.97,0.0,10.07,104.0
"2025-04-22 00:00:00",AA,20,131,-14.0,-5.0,-0.99,10.91,36.97,156.0
"2025-04-22 00:00:00",AA,1,1,2.0,2.0,2.0,2.0,2.0,2.0
"2025-04-22 00:00:00",AA,9,141,-12.0,-5.0,-1.99,5.0,21.98,239.0
"2025-04-22 00:00:00",AA,5,104,-14.0,-7.92,-5.99,-2.97,4.01,1895.0
"2025-04-22 00:00:00",DL,15,185,-15.0,-7.03,-2.97,0.0,12.06,94.0
"2025-04-22 00:00:00",WN,9,194,-12.0,-4.01,-1.99,2.97,10.91,176.0
"2025-04-22 00:00:00",UA,13,123,-13.0,-7.03,-4.01,0.0,25.79,351.0
"2025-04-22 00:00:00",DL,11,214,-19.0,-7.03,-5.0,-0.99,8.94,130.0
"2025-04-22 00:00:00",DL,13,146,-20.0,-7.03,-4.01,-0.99,8.94,88.0
"2025-04-22 00:00:00",UA,16,139,-15.0,-7.03,-5.0,0.0,13.07,429.0
"2025-04-22 00:00:00",AA,6,189,-22.0,-7.03,-5.0,-1.99,0.99,1579.0
"2025-04-22 00:00:00",DL,6,189,-16.0,-8.94,-5.99,-1.99,4.01,262.0
"2025-04-23 00:00:00",AA,20,131,-13.0,-5.0,-0.99,17.99,55.15,118.0
"2025-04-23 00:00:00",DL,13,154,-17.0,-5.99,-2.97,2.97,17.99,99.0
"2025-04-23 00:00:00",DL,11,217,-23.0,-7.92,-4.01,1.99,24.78,209.0
"2025-04-23 00:00:00",DL,15,184,-16.0,-5.0,-1.99,5.0,19.89,293.0
"2025-04-23 00:00:00",DL,23,28,-16.0,-7.92,-4.01,0.0,7.03,94.0
"2025-04-23 00:00:00",AA,1,1,-13.0,-13.0,-13.0,-13.0,-13.0,-13.0
"2025-04-23 00:00:00",UA,13,127,-14.0,-7.03,-4.01,0.99,13.87,206.0
"2025-04-23 00:00:00",WN,9,194,-11.0,-4.01,0.0,13.07,40.05,165.0
"2025-04-23 00:00:00",DL,16,129,-15.0,-5.0,-1.99,2.97,40.86,221.0
"2025-04-23 00:00:00",UA,16,143,-12.0,-5.99,-2.97,7.92,48.91,236.0
"2025-04-23 00:00:00",WN,17,248,-10.0,-1.99,5.99,22.88,59.75,192.0
"2025-04-23 00:00:00",AA,19,154,-13.0,-5.0,2.97,47.0,85.64,231.0
"2025-04-23 00:00:00",AA,21,87,-12.0,-5.99,0.0,21.12,54.06,143.0
"2025-04-23 00:00:00",WN,21,95,-10.0,-2.97,0.99,30.27,63.44,103.0
"2025-04-23 00:00:00",DL,21,83,-14.0,-5.99,-2.97,0.0,19.11,95.0
"2025-04-23 00:00:00",DL,6,187,-20.0,-8.94,-5.99,-2.97,0.99,640.0
"2025-04-23 00:00:00",AA,9,135,-13.0,-5.0,-1.99,17.99,70.11,282.0
"2025-04-23 00:00:00",AA,6,194,-12.0,-7.03,-4.01,21.12,87.37,901.0
"2025-04-23 00:00:00",AA,5,104,-12.0,-7.03,-5.0,10.07,60.95,214.0
"2025-04-24 00:00:00",DL,13,154,-19.0,-7.03,-2.97,5.0,19.89,262.0
"2025-04-24 00:00:00",DL,21,104,-16.0,-2.97,0.0,25.79,50.91,182.0
"2025-04-24 00:00:00",AA,9,123,-12.0,-4.01,-0.99,21.12,70.11,245.0
"2025-04-24 00:00:00",AA,1,1,-7.0,-7.0,-7.0,-7.0,-7.0,-7.0
"2025-04-24 00:00:00",DL,11,214,-19.0,-5.99,-2.97,5.0,15.96,265.0
"2025-04-24 00:00:00",DL,23,35,-14.0,-2.97,0.0,7.92,16.95,93.0
"2025-04-24 00:00:00",AA,5,109,-12.0,-7.92,-5.99,-1.99,46.07,730.0
"2025-04-24 00:00:00",WN,9,232,-11.0,-2.97,0.0,7.92,21.12,132.0
"2025-04-24 00:00:00",UA,13,123,-13.0,-4.01,0.99,13.07,40.86,1349.0
"2025-04-24 00:00:00",DL,15,196,-18.0,-5.99,-0.99,7.03,34.82,434.0
"2025-04-24 00:00:00",WN,17,242,-8.0,2.97,16.95,47.95,117.93,370.0
"2025-04-24 00:00:00",AA,6,189,-13.0,-7.03,-4.01,1.99,57.4,902.0
"2025-04-24 00:00:00",AA,19,149,-14.0,-2.97,8.94,62.18,127.75,852.0
"2025-04-24 00:00:00",WN,21,192,-13.0,7.03,22.88,63.44,152.95,241.0
"2025-04-24 00:00:00",AA,21,85,-13.0,-2.97,0.99,25.79,48.91,212.0
"2025-04-24 00:00:00",AA,20,128,-9.0,-2.97,7.03,36.24,92.77,178.0
"2025-04-24 00:00:00",DL,16,140,-14.0,-4.01,0.0,13.07,36.97,881.0
"2025-04-24 00:00:00",UA,16,138,-12.0,-4.01,0.0,25.79,117.93,356.0
"2025-04-24 00:00:00",DL,6,188,-15.0,-8.94,-5.99,-2.97,0.99,194.0
