"2025-02-12 00:00:00",WN,13,234,-10.0,-2.97,1.99,21.98,50.91,143.0
"2025-02-12 00:00:00",WN,20,165,-12.0,-1.99,7.03,29.08,48.91,206.0
"2025-02-12 00:00:00",AA,18,140,-13.0,-4.01,0.99,30.27,70.11,246.0
"2025-02-12 00:00:00",AA,17,152,-19.0,-5.0,0.0,17.99,83.94,183.0
"2025-02-12 00:00:00",UA,9,140,-12.0,-5.0,-0.99,10.91,43.38,244.0
"2025-02-12 00:00:00",AA,7,161,-14.0,-7.03,-4.01,0.99,21.12,170.0
"2025-02-12 00:00:00",AA,11,146,-12.0,-4.01,0.0,16.95,47.0,537.0
"2025-02-12 00:00:00",AA,13,124,-10.0,-5.0,-0.99,13.87,47.95,135.0
"2025-02-12 00:00:00",UA,11,117,-14.0,-5.0,2.97,25.79,52.99,365.0
"2025-02-12 00:00:00",WN,8,242,-11.0,-5.0,-1.99,4.01,15.03,204.0
"2025-02-12 00:00:00",AA,8,187,-14.0,-5.99,-2.97,2.97,24.78,366.0
"2025-02-12 00:00:00",UA,1,1,-11.0,-11.0,-11.0,-11.0,-11.0,-11.0
"2025-02-12 00:00:00",UA,19,106,-16.0,-2.97,5.0,27.94,92.77,272.0
"2025-02-12 00:00:00",DL,1,2,-11.0,-10.91,-10.91,-10.91,-10.91,-9.0
"2025-02-12 00:00:00",WN,15,227,-10.0,-2.97,4.01,16.95,45.15,317.0
"2025-02-12 00:00:00",UA,22,29,-13.0,-1.99,5.0,16.95,34.82,168.0
"2025-02-12 00:00:00",AA,23,22,-7.0,-4.01,-1.99,7.92,40.05,110.0
"2025-02-12 00:00:00",UA,15,83,-17.0,-4.01,0.0,25.79,102.52,276.0
"2025-02-12 00:00:00",UA,14,117,-17.0,-5.0,4.01,37.72,79.05,299.0
"2025-02-12 00:00:00",DL,14,117,-11.0,-2.97,5.0,26.84,68.72,179.0
"2025-02-12 00:00:00",UA,5,24,-10.0,-7.03,-2.97,0.0,0.99,207.0
"2025-02-12 00:00:00",DL,5,66,-14.0,-7.03,-5.0,0.0,13.07,212.0
"2025-02-13 00:00:00",AA,11,171,-12.0,-2.97,1.99,27.94,71.53,507.0
"2025-02-13 00:00:00",AA,7,202,-13.0,-5.99,-4.01,-0.99,7.92,355.0
"2025-02-13 00:00:00",AA,18,163,-13.0,-0.99,13.87,51.94,96.55,853.0
"2025-02-13 00:00:00",UA,15,89,-20.0,-0.99,10.91,49.9,127.75,244.0
"2025-02-13 00:00:00",AA,17,163,-11.0,-0.99,10.07,41.68,125.22,2511.0
"2025-02-13 00:00:00",UA,14,130,-17.0,-2.97,2.97,40.86,100.49,357.0
"2025-02-13 00:00:00",UA,19,133,-11.0,0.0,13.87,58.56,156.04,823.0
"2025-02-13 00:00:00",WN,20,252,-9.0,5.99,23.81,63.44,141.19,254.0
"2025-02-13 00:00:00",DL,14,139,-18.0,-2.97,7.92,32.79,67.36,230.0
"2025-02-13 00:00:00",WN,15,235,-13.0,0.0,17.99,56.27,172.45,408.0
"2025-02-13 00:00:00",DL,1,2,-9.0,-8.94,-8.94,-8.94,-8.94,25.0
"2025-02-13 00:00:00",AA,13,143,-8.0,-1.99,5.0,32.79,68.72,291.0
"2025-02-13 00:00:00",AA,23,31,-20.0,-1.99,5.0,15.96,40.05,151.0
"2025-02-13 00:00:00",DL,5,69,-11.0,-7.03,-2.97,0.0,8.94,460.0
"2025-02-13 00:00:00",AA,8,194,-13.0,-5.0,-1.99,7.92,49.9,1690.0
"2025-02-13 00:00:00",WN,8,271,-10.0,-4.01,-0.99,12.06,34.82,178.0
"2025-02-13 00:00:00",UA,9,138,-14.0,-4.01,-1.99,7.03,58.56,370.0
"2025-02-13 00:00:00",UA,5,29,-14.0,-7.03,-2.97,0.99,5.0,432.0
"2025-02-13 00:00:00",WN,13,217,-9.0,0.0,13.07,54.06,159.19,441.0
"2025-02-13 00:00:00",UA,22,32,-8.0,-1.99,5.0,21.12,54.06,117.0
"2025-02-13 00:00:00",UA,11,127,-10.0,-1.99,1.99,23.81,90.93,554.0
"2025-02-13 00:00:00",UA,1,1,8.0,8.0,8.0,8.0,8.0,8.0
"2025-02-14 00:00:00",AA,13,142,-13.0,-4.01,0.0,21.98,55.15,1177.0
"2025-02-14 00:00:00",DL,14,138,-13.0,-2.97,7.92,32.79,68.72,201.0
"2025-02-14 00:00:00",UA,15,88,-18.0,-5.99,0.99,15.03,47.0,167.0
"2025-02-14 00:00:00",UA,5,31,-10.0,-5.0,-2.97,0.0,13.87,748.0
"2025-02-14 00:00:00",UA,14,134,-16.0,-5.0,-0.99,10.07,45.15,185.0
"2025-02-14 00:00:00",WN,15,240,-11.0,-0.99,7.92,27.94,54.06,272.0
"2025-02-14 00:00:00",WN,13,224,-9.0,-2.97,1.99,16.95,48.91,218.0
"2025-02-14 00:00:00",AA,17,162,-14.0,-2.97,4.01,25.79,56.27,867.0
"2025-02-14 00:00:00",AA,18,164,-18.0,-4.01,0.99,21.12,58.56,851.0
"2025-02-14 00:00:00",DL,5,69,-16.0,-7.03,-4.01,0.99,46.07,714.0
"2025-02-14 00:00:00",UA,19,135,-19.0,-2.97,5.0,43.38,82.28,328.0
"2025-02-14 00:00:00",WN,20,264,-12.0,-2.97,8.94,37.72,85.64,296.0
"2025-02-14 00:00:00",UA,22,32,-11.0,-5.0,-0.99,5.99,15.03,212.0
"2025-02-14 00:00:00",AA,23,30,-11.0,-5.0,0.0,13.87,30.88,65.0
"2025-02-14 00:00:00",UA,9,138,-17.0,-5.0,-1.99,5.0,19.11,74.0
"2025-02-14 00:00:00",AA,7,208,-13.0,-5.0,-2.97,0.0,22.88,1630.0
"2025-02-14 00:00:00",AA,8,198,-12.0,-5.0,-2.97,5.0,30.27,417.0
"2025-02-14 00:00:00",UA,11,128,-15.0,-5.0,-1.99,7.92,40.05,188.0
"2025-02-14 00:00:00",DL,1,2,-5.0,-5.0,-5.0,-5.0,-5.0,288.0
"2025-02-14 00:00:00",UA,1,1,2.0,2.0,2.0,2.0,2.0,2.0
"2025-02-14 00:00:00",WN,8,272,-11.0,-4.01,-0.99,4.01,19.11,111.0
"2025-02-14 00:00:00",AA,11,165,-10.0,-4.01,-1.99,10.91,36.97,302.0
"2025-02-15 00:00:00",AA,23,21,-9.0,-5.99,-2.97,0.0,21.98,41.0
"2025-02-15 00:00:00",UA,15,76,-10.0,-4.01,2.97,22.88,102.52,363.0
"2025-02-15 00:00:00",UA,1,1,7.0,7.0,7.0,7.0,7.0,7.0
"2025-02-15 00:00:00",DL,14,118,-15.0,-0.99,16.95,46.07,90.93,1094.0
"2025-02-15 00:00:00",AA,17,132,-13.0,-5.0,0.99,25.79,83.94,1069.0
"2025-02-15 00:00:00",UA,22,32,-14.0,-7.03,-2.97,4.01,13.87,79.0
"2025-02-15 00:00:00",AA,18,132,-14.0,-4.01,2.97,21.98,60.95,636.0
"2025-02-15 00:00:00",WN,20,148,-14.0,-4.01,15.03,47.95,102.52,205.0
"2025-02-15 00:00:00",UA,19,103,-14.0,2.97,21.98,52.99,100.49,212.0
"2025-02-15 00:00:00",UA,14,121,-14.0,-5.0,0.0,27.94,85.64,287.0
"2025-02-15 00:00:00",WN,15,220,-10.0,-1.99,10.91,34.13,72.97,199.0
"2025-02-15 00:00:00",UA,5,30,-13.0,-5.99,-2.97,0.0,10.91,169.0
"2025-02-15 00:00:00",UA,11,113,-12.0,-1.99,1.99,29.08,47.95,384.0
"2025-02-15 00:00:00",AA,13,118,-12.0,-5.0,0.0,15.96,57.4,438.0
"2025-02-15 00:00:00",WN,13,194,-14.0,-2.97,0.99,16.95,40.05,547.0
"2025-02-15 00:00:00",AA,11,143,-9.0,-4.01,0.0,17.99,48.91,609.0
"2025-02-15 00:00:00",DL,5,60,-14.0,-7.92,-2.97,1.99,21.98,154.0
"2025-02-15 00:00:00",DL,1,2,-3.0,-2.97,-2.97,-2.97,-2.97,33.0
"2025-02-15 00:00:00",UA,9,124,-14.0,-4.01,-0.99,10.91,30.27,284.0
"2025-02-15 00:00:00",WN,8,239,-12.0,-4.01,-0.99,7.92,32.14,433.0
"2025-02-15 00:00:00",AA,8,179,-11.0,-5.99,-2.97,7.03,30.88,903.0
"2025-02-15 00:00:00",AA,7,169,-19.0,-5.99,-4.01,-0.99,13.87,265.0
"2025-02-16 00:00:00",AA,13,130,-11.0,-1.99,4.01,36.24,62.18,1049.0
"2025-02-16 00:00:00",DL,1,2,-13.0,-13.0,-13.0,-13.0,-13.0,19.0
"2025-02-16 00:00:00",UA,5,28,-13.0,-7.92,-5.99,-2.97,0.0,25.0
"2025-02-16 00:00:00",DL,5,62,-15.0,-7.03,-2.97,1.99,130.34,391.0
"2025-02-16 00:00:00",AA,7,197,-17.0,-5.99,-2.97,15.03,72.97,1899.0
"2025-02-16 00:00:00",AA,8,185,-15.0,-5.0,-1.99,21.12,96.55,383.0
"2025-02-16 00:00:00",WN,8,267,-12.0,-4.01,-1.99,7.92,87.37,352.0
"2025-02-16 00:00:00",UA,9,134,-13.0,-2.97,2.97,24.78,117.93,330.0
"2025-02-16 00:00:00",AA,11,150,-10.0,-2.97,4.01,44.26,94.64,282.0
"2025-02-16 00:00:00",UA,11,126,-10.0,-1.99,5.99,54.06,138.4,282.0
"2025-02-16 00:00:00",WN,13,223,-10.0,-1.99,8.94,37.72,127.75,540.0
"2025-02-16 00:00:00",DL,14,113,-11.0,5.0,41.68,98.5,190.59,1196.0
"2025-02-16 00:00:00",UA,14,123,-12.0,-4.01,7.92,68.72,179.49,388.0
"2025-02-16 00:00:00",UA,15,82,-10.0,-2.97,10.91,64.72,159.19,387.0
"2025-02-16 00:00:00",WN,15,232,-13.0,-0.99,13.07,43.38,144.04,670.0
"2025-02-16 00:00:00",AA,17,150,-11.0,0.0,19.89,57.4,179.49,1175.0
"2025-02-16 00:00:00",AA,18,151,-15.0,-1.99,15.96,56.27,135.65,1030.0
"2025-02-16 00:00:00",WN,20,262,-13.0,-1.99,10.91,51.94,127.75,309.0
"2025-02-16 00:00:00",UA,22,32,-11.0,-1.99,5.99,27.94,44.26,97.0
"2025-02-16 00:00:00",AA,23,30,-11.0,-2.97,0.99,17.99,34.82,102.0
"2025-02-16 00:00:00",UA,1,1,43.0,43.0,43.0,43.0,43.0,43.0
"2025-02-16 00:00:00",UA,19,129,-11.0,-0.99,13.07,56.27,138.4,858.0
"2025-02-17 00:00:00",UA,14,130,-12.0,-5.0,1.99,21.98,85.64,264.0
"2025-02-17 00:00:00",AA,23,31,-13.0,-2.97,0.99,21.12,32.14,786.0
"2025-02-17 00:00:00",UA,11,127,-11.0,-2.97,1.99,15.96,64.72,680.0
"2025-02-17 00:00:00",UA,5,30,-10.0,-7.92,-4.01,-1.99,0.0,8.0
"2025-02-17 00:00:00",UA,9,137,-16.0,-4.01,0.0,7.03,45.15,204.0
"2025-02-17 00:00:00",UA,1,1,46.0,46.0,46.0,46.0,46.0,46.0
"2025-02-17 00:00:00",UA,15,89,-10.0,0.0,15.96,40.86,113.31,242.0
"2025-02-17 00:00:00",AA,18,164,-14.0,-1.99,5.99,43.38,82.28,751.0
"2025-02-17 00:00:00",UA,19,133,-10.0,0.0,12.06,40.05,80.65,191.0
"2025-02-17 00:00:00",UA,22,34,-9.0,-5.99,-2.97,2.97,17.99,599.0
"2025-02-17 00:00:00",WN,20,262,-10.0,4.01,24.78,58.56,117.93,290.0
"2025-02-17 00:00:00",AA,17,163,-9.0,-0.99,13.07,48.91,72.97,291.0
"2025-02-17 00:00:00",WN,15,237,-9.0,1.99,15.03,43.38,98.5,309.0
"2025-02-17 00:00:00",AA,13,145,-9.0,-2.97,0.0,24.78,54.06,327.0
"2025-02-17 00:00:00",WN,13,223,-9.0,-0.99,7.03,27.94,47.95,114.0
"2025-02-17 00:00:00",DL,14,137,-13.0,-1.99,7.92,37.72,113.31,340.0
"2025-02-17 00:00:00",DL,5,69,-15.0,-7.03,-2.97,1.99,16.95,475.0
"2025-02-17 00:00:00",AA,11,165,-13.0,-4.01,0.0,15.96,45.15,620.0
"2025-02-17 00:00:00",DL,1,2,-14.0,-13.87,-13.87,-13.87,-13.87,-5.0
"2025-02-17 00:00:00",WN,8,271,-11.0,-4.01,-0.99,7.92,26.84,110.0
"2025-02-17 00:00:00",AA,8,191,-12.0,-5.0,-1.99,7.92,34.82,440.0
"2025-02-17 00:00:00",AA,7,199,-12.0,-5.0,-2.97,1.99,19.11,867.0
