"2025-04-02 00:00:00",UA,11,122,-12.0,-4.01,0.99,59.75,223.66,564.0
"2025-04-02 00:00:00",AA,7,216,-14.0,-7.03,-4.01,1.99,24.78,215.0
"2025-04-02 00:00:00",WN,8,258,-12.0,-5.0,-1.99,5.0,29.08,284.0
"2025-04-02 00:00:00",UA,14,121,-13.0,-5.0,0.99,52.99,156.04,329.0
"2025-04-02 00:00:00",UA,5,38,-18.0,-8.94,-5.99,-4.01,-1.99,188.0
"2025-04-02 00:00:00",DL,14,139,-13.0,-4.01,1.99,16.95,57.4,386.0
"2025-04-02 00:00:00",UA,1,1,-8.0,-8.0,-8.0,-8.0,-8.0,-8.0
"2025-04-02 00:00:00",DL,5,68,-14.0,-10.07,-7.03,-4.01,1.99,86.0
"2025-04-02 00:00:00",DL,1,2,24.0,24.0,24.0,24.0,24.0,135.0
"2025-04-02 00:00:00",UA,9,142,-16.0,-5.99,-1.99,12.06,104.6,390.0
"2025-04-02 00:00:00",AA,11,157,-14.0,-4.01,7.03,40.86,94.64,586.0
"2025-04-02 00:00:00",WN,15,215,-11.0,-1.99,8.94,30.88,74.45,350.0
"2025-04-02 00:00:00",UA,19,130,-20.0,-4.01,4.01,41.68,156.04,897.0
"2025-04-02 00:00:00",UA,15,94,-13.0,-5.99,1.99,40.86,159.19,307.0
"2025-04-02 00:00:00",AA,23,21,-11.0,-1.99,1.99,17.99,82.28,480.0
"2025-04-02 00:00:00",UA,22,32,-9.0,-5.0,-1.99,7.92,27.94,142.0
"2025-04-02 00:00:00",AA,17,137,-25.0,-1.99,16.95,66.03,159.19,1167.0
"2025-04-02 00:00:00",AA,18,145,-11.0,-0.99,12.06,56.27,115.6,843.0
"2025-04-02 00:00:00",WN,20,179,-11.0,-1.99,12.06,43.38,92.77,284.0
"2025-04-02 00:00:00",WN,13,230,-14.0,-1.99,5.0,27.94,67.36,284.0
"2025-04-02 00:00:00",AA,8,193,-13.0,-5.0,-1.99,13.87,47.95,509.0
"2025-04-02 00:00:00",AA,13,139,-23.0,-2.97,7.03,60.95,146.95,438.0
"2025-04-03 00:00:00",UA,9,140,-13.0,-5.0,-1.99,4.01,23.81,221.0
"2025-04-03 00:00:00",UA,11,125,-15.0,-4.01,-0.99,12.06,32.14,281.0
"2025-04-03 00:00:00",AA,11,160,-12.0,-4.01,2.97,23.81,79.05,336.0
"2025-04-03 00:00:00",WN,13,240,-10.0,-0.99,7.03,22.88,46.07,262.0
"2025-04-03 00:00:00",AA,13,140,-14.0,-4.01,4.01,27.94,82.28,443.0
"2025-04-03 00:00:00",UA,14,135,-12.0,-2.97,1.99,24.78,66.03,245.0
"2025-04-03 00:00:00",DL,14,145,-14.0,-5.0,0.0,19.89,50.91,375.0
"2025-04-03 00:00:00",UA,15,99,-12.0,-4.01,2.97,21.98,72.97,258.0
"2025-04-03 00:00:00",WN,15,215,-9.0,-0.99,10.91,32.79,67.36,263.0
"2025-04-03 00:00:00",AA,17,148,-12.0,-1.99,16.95,54.06,111.06,427.0
"2025-04-03 00:00:00",AA,18,165,-10.0,-0.99,13.87,36.97,85.64,280.0
"2025-04-03 00:00:00",UA,19,143,-19.0,-4.01,5.99,30.27,85.64,888.0
"2025-04-03 00:00:00",WN,20,275,-13.0,-0.99,19.11,51.94,98.5,209.0
"2025-04-03 00:00:00",UA,22,35,-13.0,-5.99,-1.99,2.97,13.07,641.0
"2025-04-03 00:00:00",AA,23,30,-10.0,-4.01,-1.99,10.91,22.88,53.0
"2025-04-03 00:00:00",UA,5,44,-14.0,-7.92,-5.0,-1.99,0.99,95.0
"2025-04-03 00:00:00",DL,5,69,-14.0,-7.03,-4.01,0.0,17.99,1080.0
"2025-04-03 00:00:00",AA,8,181,-14.0,-5.0,-0.99,8.94,47.95,351.0
"2025-04-03 00:00:00",AA,7,207,-13.0,-5.99,-2.97,7.03,40.86,437.0
"2025-04-03 00:00:00",DL,1,2,-3.0,-2.97,-2.97,-2.97,-2.97,23.0
"2025-04-03 00:00:00",WN,8,259,-9.0,-4.01,-0.99,4.01,19.89,236.0
"2025-04-03 00:00:00",UA,1,1,-8.0,-8.0,-8.0,-8.0,-8.0,-8.0
"2025-04-04 00:00:00",UA,15,100,-14.0,-5.0,0.99,30.88,100.49,192.0
"2025-04-04 00:00:00",UA,5,44,-14.0,-7.92,-5.99,-4.01,-0.99,134.0
"2025-04-04 00:00:00",DL,5,69,-14.0,-7.03,-5.0,-1.99,5.99,269.0
"2025-04-04 00:00:00",AA,7,217,-14.0,-5.99,-2.97,2.97,21.12,1502.0
"2025-04-04 00:00:00",AA,8,190,-12.0,-5.0,-1.99,12.06,58.56,346.0
"2025-04-04 00:00:00",WN,8,264,-10.0,-2.97,0.0,10.07,23.81,89.0
"2025-04-04 00:00:00",UA,9,142,-12.0,-5.99,-2.97,10.91,40.05,295.0
"2025-04-04 00:00:00",AA,11,166,-14.0,-2.97,1.99,25.79,80.65,382.0
"2025-04-04 00:00:00",UA,11,125,-13.0,-5.99,0.0,13.07,23.81,226.0
"2025-04-04 00:00:00",AA,13,148,-14.0,-2.97,2.97,24.78,79.05,326.0
"2025-04-04 00:00:00",WN,13,241,-13.0,0.0,10.07,36.24,98.5,329.0
"2025-04-04 00:00:00",DL,14,145,-18.0,-5.0,-0.99,12.06,37.72,190.0
"2025-04-04 00:00:00",UA,14,134,-12.0,-5.0,-1.99,8.94,71.53,334.0
"2025-04-04 00:00:00",WN,15,214,-12.0,-0.99,10.91,44.26,117.93,322.0
"2025-04-04 00:00:00",DL,1,2,-5.0,-5.0,-5.0,-5.0,-5.0,-2.0
"2025-04-04 00:00:00",UA,1,2,-7.0,-7.0,-7.0,-7.0,-7.0,-2.0
"2025-04-04 00:00:00",AA,17,160,-12.0,-2.97,10.91,52.99,100.49,315.0
"2025-04-04 00:00:00",UA,22,34,-15.0,-5.99,-1.99,4.01,22.88,46.0
"2025-04-04 00:00:00",AA,23,26,-13.0,-2.97,5.99,25.79,50.91,155.0
"2025-04-04 00:00:00",AA,18,171,-14.0,-2.97,13.07,40.05,85.64,1003.0
"2025-04-04 00:00:00",UA,19,143,-21.0,-5.0,0.99,15.96,60.95,236.0
"2025-04-04 00:00:00",WN,20,273,-15.0,-0.99,19.89,51.94,92.77,222.0
"2025-04-05 00:00:00",UA,15,91,-15.0,-5.0,0.99,10.91,48.91,1191.0
"2025-04-05 00:00:00",AA,23,30,-9.0,-2.97,0.99,12.06,30.27,130.0
"2025-04-05 00:00:00",DL,14,117,-16.0,-5.0,0.0,22.88,66.03,295.0
"2025-04-05 00:00:00",UA,22,35,-11.0,-7.03,-2.97,7.92,21.98,102.0
"2025-04-05 00:00:00",AA,17,135,-14.0,-4.01,5.99,34.82,92.77,362.0
"2025-04-05 00:00:00",UA,19,117,-20.0,-5.0,0.0,16.95,63.44,152.0
"2025-04-05 00:00:00",WN,20,230,-13.0,-1.99,13.87,37.72,80.65,268.0
"2025-04-05 00:00:00",AA,18,154,-16.0,-1.99,7.92,58.56,125.22,970.0
"2025-04-05 00:00:00",UA,11,118,-14.0,-5.99,-1.99,5.0,39.25,356.0
"2025-04-05 00:00:00",UA,14,123,-11.0,-5.99,-0.99,13.87,58.56,703.0
"2025-04-05 00:00:00",WN,15,216,-12.0,-0.99,10.91,36.97,63.44,280.0
"2025-04-05 00:00:00",UA,5,44,-11.0,-7.03,-5.99,-0.99,4.01,33.0
"2025-04-05 00:00:00",AA,7,207,-12.0,-5.0,-0.99,34.82,87.37,339.0
"2025-04-05 00:00:00",WN,8,207,-14.0,-4.01,-0.99,5.99,27.94,262.0
"2025-04-05 00:00:00",AA,11,138,-12.0,-5.0,0.0,40.05,85.64,429.0
"2025-04-05 00:00:00",WN,13,232,-11.0,-1.99,5.0,23.81,48.91,165.0
"2025-04-05 00:00:00",UA,9,130,-13.0,-5.99,-2.97,4.01,48.91,305.0
"2025-04-05 00:00:00",DL,5,68,-17.0,-8.94,-5.99,-2.97,4.01,364.0
"2025-04-05 00:00:00",AA,8,175,-11.0,-5.0,-1.99,24.78,89.13,249.0
"2025-04-05 00:00:00",AA,13,128,-19.0,-5.0,-0.99,36.24,106.71,1120.0
"2025-04-05 00:00:00",DL,1,2,-17.0,-16.95,-16.95,-16.95,-16.95,-16.0
"2025-04-05 00:00:00",UA,1,2,-7.0,-7.0,-7.0,-7.0,-7.0,-7.0
"2025-04-06 00:00:00",UA,9,142,-13.0,-5.99,-1.99,5.0,32.14,482.0
"2025-04-06 00:00:00",DL,1,2,-9.0,-8.94,-8.94,-8.94,-8.94,-8.0
"2025-04-06 00:00:00",UA,15,100,-14.0,-4.01,0.99,16.95,74.45,385.0
"2025-04-06 00:00:00",WN,8,243,-10.0,-4.01,-0.99,4.01,15.96,227.0
"2025-04-06 00:00:00",UA,5,41,-11.0,-7.03,-5.0,-1.99,2.97,106.0
"2025-04-06 00:00:00",AA,8,202,-12.0,-4.01,-1.99,4.01,24.78,649.0
"2025-04-06 00:00:00",DL,5,69,-16.0,-7.03,-5.0,-1.99,7.92,87.0
"2025-04-06 00:00:00",AA,7,224,-12.0,-5.0,-1.99,5.0,34.13,896.0
"2025-04-06 00:00:00",UA,1,1,6.0,6.0,6.0,6.0,6.0,6.0
"2025-04-06 00:00:00",DL,14,135,-12.0,-2.97,7.92,70.11,125.22,359.0
"2025-04-06 00:00:00",AA,11,166,-14.0,-5.0,-0.99,10.91,29.08,476.0
"2025-04-06 00:00:00",WN,15,225,-12.0,0.0,10.91,32.14,72.97,287.0
"2025-04-06 00:00:00",AA,13,147,-12.0,-2.97,2.97,19.89,47.0,2112.0
"2025-04-06 00:00:00",UA,11,127,-15.0,-5.99,-2.97,5.99,56.27,783.0
"2025-04-06 00:00:00",UA,14,129,-18.0,-5.0,-1.99,10.91,40.86,401.0
"2025-04-06 00:00:00",AA,17,159,-11.0,-1.99,7.03,30.27,80.65,255.0
"2025-04-06 00:00:00",AA,23,33,-10.0,-4.01,7.03,19.89,47.0,182.0
"2025-04-06 00:00:00",AA,18,173,-12.0,-1.99,7.92,43.38,74.45,357.0
"2025-04-06 00:00:00",WN,13,239,-11.0,-0.99,5.99,19.11,48.91,279.0
"2025-04-06 00:00:00",UA,22,36,-10.0,-5.0,0.99,12.06,21.98,122.0
"2025-04-06 00:00:00",WN,20,251,-10.0,0.0,12.06,41.68,83.94,311.0
"2025-04-06 00:00:00",UA,19,140,-15.0,-5.0,0.0,15.96,40.05,267.0
