"2025-01-11 00:00:00",WN,7,196,-14.0,-5.99,-2.97,0.0,5.0,87.0
"2025-01-11 00:00:00",WN,10,212,-11.0,-5.0,0.0,7.03,24.78,258.0
"2025-01-11 00:00:00",WN,6,183,-13.0,-5.0,-2.97,-0.99,5.0,20.0
"2025-01-11 00:00:00",AA,14,126,-10.0,-2.97,5.0,30.88,77.49,314.0
"2025-01-11 00:00:00",WN,12,192,-16.0,-5.0,-0.99,7.03,19.89,193.0
"2025-01-11 00:00:00",WN,14,240,-14.0,-5.0,-0.99,8.94,21.12,244.0
"2025-01-11 00:00:00",UA,7,163,-13.0,-5.99,-2.97,0.0,10.91,216.0
"2025-01-11 00:00:00",DL,0,1,-6.0,-6.0,-6.0,-6.0,-6.0,-6.0
"2025-01-11 00:00:00",WN,5,58,-9.0,-5.0,-1.99,0.0,4.01,64.0
"2025-01-11 00:00:00",DL,22,61,-6.0,1.99,36.24,100.49,172.45,682.0
"2025-01-11 00:00:00",AA,15,107,-17.0,-4.01,4.01,36.97,83.94,452.0
"2025-01-11 00:00:00",DL,20,61,-14.0,0.99,22.88,57.4,115.6,178.0
"2025-01-11 00:00:00",UA,6,106,-15.0,-7.03,-4.01,-0.99,13.87,215.0
"2025-01-11 00:00:00",UA,20,74,-15.0,-4.01,-0.99,13.07,22.88,97.0
"2025-01-11 00:00:00",AA,16,123,-14.0,-5.0,0.0,13.87,47.0,119.0
"2025-01-11 00:00:00",UA,17,128,-15.0,-4.01,4.01,15.96,45.15,115.0
"2025-01-11 00:00:00",DL,17,143,-15.0,-2.97,19.11,71.53,144.04,827.0
"2025-01-12 00:00:00",DL,17,162,-16.0,-1.99,10.07,43.38,71.53,433.0
"2025-01-12 00:00:00",WN,10,233,-14.0,-5.0,-1.99,1.99,16.95,154.0
"2025-01-12 00:00:00",UA,6,110,-14.0,-7.92,-4.01,-0.99,7.03,474.0
"2025-01-12 00:00:00",WN,12,227,-11.0,-4.01,-0.99,5.99,23.81,232.0
"2025-01-12 00:00:00",WN,7,214,-11.0,-5.99,-4.01,-0.99,1.99,68.0
"2025-01-12 00:00:00",DL,22,83,-14.0,-4.01,1.99,22.88,45.15,145.0
"2025-01-12 00:00:00",WN,6,299,-14.0,-5.99,-4.01,-1.99,0.99,46.0
"2025-01-12 00:00:00",UA,7,164,-14.0,-5.99,-2.97,0.0,10.07,239.0
"2025-01-12 00:00:00",UA,17,147,-13.0,-5.0,-0.99,5.99,19.11,237.0
"2025-01-12 00:00:00",DL,20,66,-9.0,0.0,17.99,49.9,80.65,119.0
"2025-01-12 00:00:00",WN,22,3,-6.0,-5.99,8.94,8.94,8.94,13.0
"2025-01-12 00:00:00",UA,20,86,-12.0,-2.97,0.0,13.07,51.94,91.0
"2025-01-12 00:00:00",WN,14,222,-12.0,-4.01,0.0,10.07,27.94,87.0
"2025-01-12 00:00:00",AA,16,157,-15.0,-4.01,-0.99,8.94,48.91,211.0
"2025-01-12 00:00:00",AA,14,159,-15.0,-4.01,-0.99,13.87,57.4,243.0
"2025-01-12 00:00:00",AA,15,112,-13.0,-4.01,-0.99,16.95,52.99,243.0
"2025-01-12 00:00:00",DL,0,1,-9.0,-9.0,-9.0,-9.0,-9.0,-9.0
"2025-01-12 00:00:00",WN,5,98,-12.0,-5.99,-4.01,-1.99,0.99,178.0
"2025-01-13 00:00:00",DL,0,1,-9.0,-9.0,-9.0,-9.0,-9.0,-9.0
"2025-01-13 00:00:00",WN,5,29,-10.0,-7.03,-5.0,-2.97,-0.99,15.0
"2025-01-13 00:00:00",UA,6,111,-15.0,-7.92,-5.99,-2.97,2.97,179.0
"2025-01-13 00:00:00",AA,15,117,-16.0,-7.03,-2.97,1.99,10.91,58.0
"2025-01-13 00:00:00",WN,10,200,-12.0,-5.0,-2.97,0.0,7.92,158.0
"2025-01-13 00:00:00",WN,6,224,-13.0,-5.99,-5.0,-1.99,1.99,131.0
"2025-01-13 00:00:00",UA,7,174,-17.0,-7.92,-5.0,-1.99,1.99,114.0
"2025-01-13 00:00:00",WN,7,190,-13.0,-5.99,-4.01,-1.99,0.0,97.0
"2025-01-13 00:00:00",WN,12,182,-11.0,-5.99,-4.01,0.99,7.92,118.0
"2025-01-13 00:00:00",AA,14,149,-20.0,-5.99,-2.97,7.03,47.95,1311.0
"2025-01-13 00:00:00",WN,14,218,-14.0,-5.99,-4.01,0.0,7.03,158.0
"2025-01-13 00:00:00",UA,17,141,-15.0,-5.99,-4.01,1.99,15.96,221.0
"2025-01-13 00:00:00",AA,16,141,-18.0,-5.99,-2.97,4.01,40.05,1424.0
"2025-01-13 00:00:00",DL,17,167,-20.0,-7.92,-4.01,1.99,16.95,148.0
"2025-01-13 00:00:00",DL,22,86,-18.0,-8.94,-5.99,-2.97,0.99,111.0
"2025-01-13 00:00:00",UA,20,81,-15.0,-5.99,-1.99,7.03,39.25,181.0
"2025-01-13 00:00:00",DL,20,69,-14.0,-7.92,-4.01,0.0,16.95,58.0
"2025-01-14 00:00:00",DL,22,79,-21.0,-8.94,-5.99,-2.97,0.99,188.0
"2025-01-14 00:00:00",UA,7,150,-19.0,-8.94,-5.99,-2.97,4.01,148.0
"2025-01-14 00:00:00",AA,14,132,-18.0,-7.92,-4.01,0.0,13.07,484.0
"2025-01-14 00:00:00",WN,12,182,-14.0,-5.99,-4.01,0.0,13.87,144.0
"2025-01-14 00:00:00",WN,14,220,-13.0,-7.03,-4.01,0.0,10.07,144.0
"2025-01-14 00:00:00",WN,10,200,-14.0,-5.99,-4.01,-0.99,7.03,94.0
"2025-01-14 00:00:00",WN,7,190,-10.0,-7.03,-5.0,-1.99,0.0,94.0
"2025-01-14 00:00:00",AA,15,115,-17.0,-7.92,-5.0,-1.99,5.99,115.0
"2025-01-14 00:00:00",DL,0,1,-19.0,-19.0,-19.0,-19.0,-19.0,-19.0
"2025-01-14 00:00:00",AA,16,124,-14.0,-7.92,-5.0,-1.99,13.87,1122.0
"2025-01-14 00:00:00",DL,20,68,-14.0,-5.99,-4.01,0.0,17.99,97.0
"2025-01-14 00:00:00",DL,17,162,-24.0,-10.07,-5.99,-1.99,10.91,136.0
"2025-01-14 00:00:00",UA,20,74,-23.0,-7.03,-4.01,-0.99,10.07,98.0
"2025-01-14 00:00:00",UA,17,138,-15.0,-7.92,-5.0,-0.99,13.07,158.0
"2025-01-14 00:00:00",UA,6,108,-20.0,-10.07,-7.03,-2.97,0.0,539.0
"2025-01-14 00:00:00",WN,5,29,-9.0,-5.99,-4.01,-1.99,4.01,27.0
"2025-01-14 00:00:00",WN,6,224,-12.0,-7.03,-5.0,-2.97,0.0,120.0
"2025-01-15 00:00:00",DL,20,71,-16.0,-7.92,-5.0,0.0,12.06,30.0
"2025-01-15 00:00:00",WN,14,220,-11.0,-5.99,-2.97,-0.99,5.99,222.0
"2025-01-15 00:00:00",AA,14,139,-14.0,-7.03,-4.01,-0.99,5.99,145.0
"2025-01-15 00:00:00",UA,7,153,-17.0,-7.92,-5.99,-1.99,0.99,210.0
"2025-01-15 00:00:00",AA,15,116,-13.0,-7.03,-5.0,-0.99,15.03,154.0
"2025-01-15 00:00:00",UA,20,81,-18.0,-5.99,-2.97,0.0,13.87,145.0
"2025-01-15 00:00:00",WN,12,182,-12.0,-5.99,-2.97,0.99,8.94,192.0
"2025-01-15 00:00:00",DL,0,1,-16.0,-16.0,-16.0,-16.0,-16.0,-16.0
"2025-01-15 00:00:00",WN,5,29,-10.0,-5.99,-4.01,-0.99,0.0,23.0
"2025-01-15 00:00:00",UA,17,145,-15.0,-7.03,-4.01,-0.99,7.92,210.0
"2025-01-15 00:00:00",UA,6,110,-14.0,-7.92,-7.03,-4.01,0.0,175.0
"2025-01-15 00:00:00",WN,6,224,-15.0,-5.99,-4.01,-1.99,0.99,291.0
"2025-01-15 00:00:00",WN,10,201,-13.0,-5.99,-2.97,0.0,5.0,118.0
"2025-01-15 00:00:00",DL,17,161,-25.0,-8.94,-5.99,-1.99,10.07,744.0
"2025-01-15 00:00:00",WN,7,190,-13.0,-7.03,-5.0,-2.97,0.0,481.0
"2025-01-15 00:00:00",DL,22,80,-14.0,-7.92,-4.01,0.0,5.0,185.0
"2025-01-15 00:00:00",AA,16,129,-19.0,-7.03,-4.01,-0.99,13.87,130.0
