"2025-04-02 00:00:00",DL,11,201,-15.0,-5.99,-1.99,10.91,40.86,271.0
"2025-04-02 00:00:00",WN,17,231,-15.0,-0.99,8.94,39.25,85.64,246.0
"2025-04-02 00:00:00",DL,23,35,-12.0,-7.03,-4.01,5.99,21.98,213.0
"2025-04-02 00:00:00",DL,13,148,-22.0,-5.99,-1.99,7.92,41.68,539.0
"2025-04-02 00:00:00",UA,16,131,-13.0,-4.01,7.03,63.44,183.12,1072.0
"2025-04-02 00:00:00",UA,13,123,-12.0,-5.99,-1.99,8.94,67.36,315.0
"2025-04-02 00:00:00",DL,15,179,-19.0,-5.0,-1.99,13.07,46.07,330.0
"2025-04-02 00:00:00",DL,16,126,-16.0,-5.0,0.0,15.03,43.38,288.0
"2025-04-02 00:00:00",WN,9,196,-14.0,-4.01,0.0,10.91,40.05,212.0
"2025-04-02 00:00:00",DL,6,184,-18.0,-7.92,-5.99,-1.99,7.03,502.0
"2025-04-02 00:00:00",AA,9,128,-12.0,-5.0,-0.99,16.95,82.28,364.0
"2025-04-02 00:00:00",AA,6,183,-16.0,-7.92,-5.0,0.0,32.14,316.0
"2025-04-02 00:00:00",AA,5,109,-15.0,-8.94,-5.99,1.99,40.05,695.0
"2025-04-02 00:00:00",AA,21,77,-9.0,-2.97,10.91,47.0,102.52,520.0
"2025-04-02 00:00:00",DL,21,78,-15.0,-4.01,0.0,19.11,54.06,168.0
"2025-04-02 00:00:00",WN,21,154,-12.0,0.0,12.06,37.72,87.37,242.0
"2025-04-02 00:00:00",AA,19,140,-18.0,-4.01,21.98,71.53,149.92,908.0
"2025-04-02 00:00:00",AA,20,114,-13.0,-1.99,19.89,52.99,85.64,229.0
"2025-04-03 00:00:00",AA,6,167,-10.0,-5.99,-2.97,0.99,21.98,1590.0
"2025-04-03 00:00:00",DL,16,136,-13.0,-2.97,7.03,23.81,59.75,1095.0
"2025-04-03 00:00:00",UA,16,141,-15.0,-4.01,1.99,37.72,100.49,278.0
"2025-04-03 00:00:00",WN,17,245,-12.0,5.0,17.99,49.9,108.86,326.0
"2025-04-03 00:00:00",AA,19,156,-15.0,-1.99,23.81,67.36,117.93,294.0
"2025-04-03 00:00:00",AA,20,124,-11.0,-1.99,10.07,32.79,77.49,714.0
"2025-04-03 00:00:00",AA,21,86,-11.0,0.0,27.94,68.72,89.13,2364.0
"2025-04-03 00:00:00",DL,21,104,-13.0,-2.97,2.97,26.84,46.07,194.0
"2025-04-03 00:00:00",WN,21,164,-15.0,0.0,13.87,41.68,100.49,220.0
"2025-04-03 00:00:00",DL,23,42,-11.0,-5.0,0.0,13.07,37.72,114.0
"2025-04-03 00:00:00",WN,9,227,-11.0,-4.01,-0.99,10.91,32.14,462.0
"2025-04-03 00:00:00",DL,6,183,-16.0,-8.94,-5.0,-0.99,5.0,897.0
"2025-04-03 00:00:00",DL,11,202,-14.0,-5.0,-0.99,10.91,36.97,361.0
"2025-04-03 00:00:00",DL,13,161,-16.0,-5.99,-0.99,21.98,63.44,366.0
"2025-04-03 00:00:00",AA,9,119,-13.0,-5.0,-0.99,16.95,40.05,283.0
"2025-04-03 00:00:00",DL,15,187,-15.0,-4.01,0.0,15.03,55.15,1128.0
"2025-04-03 00:00:00",AA,5,99,-15.0,-7.03,-2.97,2.97,52.99,2144.0
"2025-04-03 00:00:00",UA,13,127,-13.0,-4.01,0.0,19.89,63.44,250.0
"2025-04-04 00:00:00",DL,16,135,-13.0,-5.0,-0.99,15.03,32.14,116.0
"2025-04-04 00:00:00",AA,19,156,-13.0,-2.97,23.81,68.72,132.97,859.0
"2025-04-04 00:00:00",AA,20,129,-25.0,0.0,13.07,48.91,85.64,936.0
"2025-04-04 00:00:00",AA,5,110,-14.0,-7.03,-4.01,-0.99,48.91,488.0
"2025-04-04 00:00:00",AA,6,190,-16.0,-7.03,-4.01,0.0,34.82,483.0
"2025-04-04 00:00:00",DL,6,188,-14.0,-7.92,-4.01,-0.99,8.94,190.0
"2025-04-04 00:00:00",AA,9,135,-10.0,-2.97,-0.99,16.95,51.94,245.0
"2025-04-04 00:00:00",WN,9,236,-10.0,-4.01,0.0,7.92,23.81,106.0
"2025-04-04 00:00:00",DL,11,201,-13.0,-5.99,-1.99,15.03,40.86,137.0
"2025-04-04 00:00:00",DL,13,161,-14.0,-5.99,-1.99,8.94,30.88,158.0
"2025-04-04 00:00:00",UA,13,128,-10.0,-4.01,0.0,27.94,58.56,365.0
"2025-04-04 00:00:00",DL,15,186,-16.0,-4.01,0.0,19.11,59.75,386.0
"2025-04-04 00:00:00",UA,16,142,-12.0,-5.0,0.0,22.88,55.15,489.0
"2025-04-04 00:00:00",AA,21,86,-12.0,-4.01,7.03,47.0,74.45,644.0
"2025-04-04 00:00:00",WN,17,245,-11.0,1.99,19.11,52.99,100.49,197.0
"2025-04-04 00:00:00",WN,21,165,-14.0,0.99,30.88,72.97,108.86,171.0
"2025-04-04 00:00:00",DL,21,101,-13.0,-5.0,-1.99,12.06,34.13,108.0
"2025-04-04 00:00:00",DL,23,42,-10.0,-7.03,-2.97,7.03,21.12,41.0
"2025-04-05 00:00:00",AA,9,114,-13.0,-5.0,0.0,25.79,96.55,529.0
"2025-04-05 00:00:00",AA,6,180,-16.0,-7.03,-2.97,24.78,135.65,610.0
"2025-04-05 00:00:00",AA,1,1,-6.0,-6.0,-6.0,-6.0,-6.0,-6.0
"2025-04-05 00:00:00",WN,9,188,-10.0,-4.01,-0.99,7.03,24.78,210.0
"2025-04-05 00:00:00",DL,23,26,-13.0,-7.92,-5.99,-4.01,2.97,81.0
"2025-04-05 00:00:00",AA,5,91,-11.0,-5.99,-2.97,87.37,144.04,250.0
"2025-04-05 00:00:00",DL,11,181,-13.0,-5.99,-1.99,10.91,52.99,261.0
"2025-04-05 00:00:00",AA,20,121,-12.0,-2.97,8.94,40.05,94.64,222.0
"2025-04-05 00:00:00",DL,21,86,-13.0,-5.0,-0.99,8.94,39.25,658.0
"2025-04-05 00:00:00",DL,6,178,-15.0,-8.94,-5.99,-1.99,7.03,285.0
"2025-04-05 00:00:00",WN,21,161,-15.0,-2.97,10.07,40.05,92.77,184.0
"2025-04-05 00:00:00",AA,21,81,-14.0,-2.97,17.99,60.95,89.13,534.0
"2025-04-05 00:00:00",UA,13,115,-14.0,-5.99,-1.99,8.94,56.27,337.0
"2025-04-05 00:00:00",UA,16,120,-12.0,-5.0,0.0,37.72,111.06,302.0
"2025-04-05 00:00:00",WN,17,214,-12.0,-1.99,10.91,40.86,92.77,346.0
"2025-04-05 00:00:00",AA,19,119,-19.0,-5.99,0.99,40.05,83.94,196.0
"2025-04-05 00:00:00",DL,16,111,-17.0,-5.0,-0.99,24.78,54.06,121.0
"2025-04-05 00:00:00",DL,15,166,-13.0,-5.0,-0.99,13.07,63.44,320.0
"2025-04-05 00:00:00",DL,13,132,-16.0,-7.03,-1.99,5.99,32.14,285.0
"2025-04-06 00:00:00",AA,6,176,-13.0,-7.03,-4.01,-1.99,8.94,552.0
"2025-04-06 00:00:00",DL,21,93,-11.0,2.97,67.36,138.4,214.89,802.0
"2025-04-06 00:00:00",DL,23,39,-16.0,-4.01,0.0,30.88,77.49,148.0
"2025-04-06 00:00:00",WN,21,193,-13.0,0.0,15.96,41.68,85.64,237.0
"2025-04-06 00:00:00",AA,1,1,16.0,16.0,16.0,16.0,16.0,16.0
"2025-04-06 00:00:00",DL,11,198,-17.0,-7.03,-1.99,8.94,49.9,717.0
"2025-04-06 00:00:00",AA,21,88,-14.0,-4.01,7.92,32.79,56.27,523.0
"2025-04-06 00:00:00",DL,13,148,-15.0,-5.0,8.94,47.0,113.31,373.0
"2025-04-06 00:00:00",UA,13,129,-12.0,-5.0,-2.97,5.0,21.12,222.0
"2025-04-06 00:00:00",AA,5,104,-16.0,-7.92,-4.01,-1.99,7.03,650.0
"2025-04-06 00:00:00",AA,20,135,-8.0,-1.99,12.06,39.25,70.11,247.0
"2025-04-06 00:00:00",WN,9,203,-15.0,-4.01,0.0,7.03,19.89,325.0
"2025-04-06 00:00:00",AA,9,134,-10.0,-4.01,-1.99,15.96,47.0,2036.0
"2025-04-06 00:00:00",DL,15,168,-12.0,-0.99,17.99,75.95,172.45,464.0
"2025-04-06 00:00:00",DL,6,175,-16.0,-7.03,-5.0,-0.99,7.03,509.0
"2025-04-06 00:00:00",UA,16,139,-12.0,-5.0,0.0,8.94,32.14,239.0
"2025-04-06 00:00:00",AA,19,161,-12.0,-1.99,8.94,32.14,72.97,318.0
"2025-04-06 00:00:00",DL,16,127,-18.0,-0.99,47.95,115.6,210.64,477.0
"2025-04-06 00:00:00",WN,17,246,-16.0,0.99,15.96,34.82,74.45,287.0
"2025-04-07 00:00:00",WN,9,237,-11.0,-2.97,-0.99,7.03,21.12,138.0
"2025-04-07 00:00:00",DL,11,198,-15.0,-5.0,5.0,24.78,82.28,189.0
"2025-04-07 00:00:00",AA,9,132,-13.0,-4.01,-1.99,5.99,34.13,540.0
"2025-04-07 00:00:00",AA,5,111,-14.0,-7.03,-5.0,-1.99,10.07,53.0
"2025-04-07 00:00:00",AA,6,197,-14.0,-5.99,-4.01,-0.99,10.07,554.0
"2025-04-07 00:00:00",DL,6,171,-13.0,-5.99,-2.97,1.99,26.84,538.0
"2025-04-07 00:00:00",WN,21,166,-16.0,-5.99,-0.99,12.06,30.88,132.0
"2025-04-07 00:00:00",DL,23,40,-16.0,-8.94,-4.01,13.87,41.68,128.0
"2025-04-07 00:00:00",AA,20,135,-9.0,-2.97,7.92,29.08,63.44,219.0
"2025-04-07 00:00:00",AA,21,88,-13.0,-2.97,10.07,39.25,77.49,141.0
"2025-04-07 00:00:00",AA,1,1,-4.0,-4.0,-4.0,-4.0,-4.0,-4.0
"2025-04-07 00:00:00",DL,21,103,-14.0,-1.99,17.99,68.72,96.55,147.0
"2025-04-07 00:00:00",WN,17,242,-13.0,-2.97,2.97,13.87,34.82,182.0
"2025-04-07 00:00:00",AA,19,160,-22.0,-5.0,10.91,32.14,92.77,233.0
"2025-04-07 00:00:00",UA,13,124,-12.0,-7.03,-4.01,0.0,13.07,270.0
"2025-04-07 00:00:00",DL,15,187,-12.0,-1.99,10.07,51.94,94.64,342.0
"2025-04-07 00:00:00",DL,16,136,-13.0,-0.99,21.12,52.99,82.28,543.0
"2025-04-07 00:00:00",UA,16,138,-16.0,-5.99,-0.99,8.94,49.9,277.0
"2025-04-07 00:00:00",DL,13,158,-14.0,-4.01,5.0,44.26,85.64,382.0
