"2025-01-01 00:00:00",AA,5,97,-13.0,-7.03,-5.0,-0.99,0.99,30.0
"2025-01-01 00:00:00",AA,6,161,-15.0,-7.03,-5.0,-2.97,0.99,1418.0
"2025-01-01 00:00:00",AA,9,127,-12.0,-5.0,-2.97,0.0,12.06,357.0
"2025-01-01 00:00:00",DL,11,182,-15.0,-5.99,-4.01,0.99,8.94,297.0
"2025-01-01 00:00:00",AA,20,131,-17.0,-4.01,-0.99,7.03,29.08,184.0
"2025-01-01 00:00:00",AA,21,87,-16.0,-5.0,-1.99,5.0,29.08,505.0
"2025-01-01 00:00:00",DL,13,110,-15.0,-5.0,-1.99,4.01,21.98,82.0
"2025-01-01 00:00:00",WN,21,23,-6.0,-4.01,0.99,10.91,22.88,79.0
"2025-01-01 00:00:00",DL,21,77,-18.0,-5.99,-1.99,1.99,13.87,45.0
"2025-01-01 00:00:00",WN,9,242,-11.0,-4.01,-1.99,2.97,15.03,159.0
"2025-01-01 00:00:00",UA,13,123,-14.0,-5.0,0.0,10.07,34.13,274.0
"2025-01-01 00:00:00",DL,23,21,-17.0,-7.92,-4.01,-0.99,0.0,11.0
"2025-01-01 00:00:00",DL,15,128,-19.0,-5.0,-1.99,5.0,19.89,271.0
"2025-01-01 00:00:00",DL,6,172,-17.0,-7.03,-5.0,-0.99,7.03,270.0
"2025-01-01 00:00:00",UA,2,1,1.0,1.0,1.0,1.0,1.0,1.0
"2025-01-01 00:00:00",DL,16,92,-20.0,-7.03,-2.97,2.97,37.72,168.0
"2025-01-01 00:00:00",UA,16,140,-12.0,-5.0,-1.99,7.03,27.94,178.0
"2025-01-01 00:00:00",AA,1,1,-7.0,-7.0,-7.0,-7.0,-7.0,-7.0
"2025-01-01 00:00:00",WN,17,215,-11.0,-4.01,0.99,13.87,36.97,121.0
"2025-01-01 00:00:00",AA,19,131,-12.0,-5.0,-0.99,7.92,25.79,84.0
"2025-01-02 00:00:00",WN,21,170,-19.0,-2.97,0.99,15.96,34.82,165.0
"2025-01-02 00:00:00",DL,16,120,-13.0,-5.0,-0.99,15.03,47.0,301.0
"2025-01-02 00:00:00",WN,17,211,-12.0,-2.97,1.99,13.87,29.08,309.0
"2025-01-02 00:00:00",UA,2,1,-6.0,-6.0,-6.0,-6.0,-6.0,-6.0
"2025-01-02 00:00:00",AA,9,135,-13.0,-5.0,-1.99,1.99,15.96,63.0
"2025-01-02 00:00:00",DL,23,36,-16.0,-5.99,-2.97,5.0,30.27,90.0
"2025-01-02 00:00:00",AA,6,182,-15.0,-5.99,-5.0,-1.99,2.97,134.0
"2025-01-02 00:00:00",AA,20,134,-26.0,-4.01,0.99,19.11,36.24,554.0
"2025-01-02 00:00:00",AA,1,2,-9.0,-8.94,-8.94,-8.94,-8.94,-7.0
"2025-01-02 00:00:00",DL,21,90,-14.0,-4.01,-0.99,15.03,49.9,659.0
"2025-01-02 00:00:00",AA,19,150,-16.0,-5.0,-0.99,13.07,40.86,217.0
"2025-01-02 00:00:00",AA,21,94,-13.0,-4.01,0.0,17.99,44.26,658.0
"2025-01-02 00:00:00",AA,5,116,-12.0,-7.03,-5.0,-1.99,5.0,286.0
"2025-01-02 00:00:00",DL,11,192,-18.0,-5.99,-0.99,8.94,23.81,601.0
"2025-01-02 00:00:00",UA,13,126,-12.0,-4.01,-0.99,5.0,30.27,301.0
"2025-01-02 00:00:00",DL,15,165,-15.0,-5.99,-0.99,10.07,25.79,106.0
"2025-01-02 00:00:00",WN,9,240,-13.0,-4.01,-1.99,4.01,15.96,252.0
"2025-01-02 00:00:00",UA,16,139,-14.0,-5.0,-1.99,2.97,19.11,145.0
"2025-01-02 00:00:00",DL,6,177,-15.0,-7.03,-4.01,0.0,12.06,90.0
"2025-01-02 00:00:00",DL,13,128,-13.0,-5.0,-1.99,7.92,26.84,288.0
