"2025-03-08 00:00:00",DL,13,127,-15.0,-7.92,-4.01,0.0,7.03,201.0
"2025-03-08 00:00:00",AA,5,106,-13.0,-7.03,-4.01,-1.99,19.11,1364.0
"2025-03-08 00:00:00",AA,1,1,3.0,3.0,3.0,3.0,3.0,3.0
"2025-03-08 00:00:00",UA,2,1,-9.0,-9.0,-9.0,-9.0,-9.0,-9.0
"2025-03-08 00:00:00",AA,6,178,-17.0,-7.92,-5.0,-1.99,19.11,1653.0
"2025-03-08 00:00:00",DL,6,172,-19.0,-8.94,-5.0,-0.99,4.01,304.0
"2025-03-08 00:00:00",WN,9,205,-12.0,-4.01,-1.99,4.01,16.95,388.0
"2025-03-08 00:00:00",UA,13,119,-16.0,-7.03,-4.01,0.0,13.07,161.0
"2025-03-08 00:00:00",AA,9,118,-13.0,-5.0,-1.99,5.99,39.25,1237.0
"2025-03-08 00:00:00",DL,21,69,-18.0,-10.07,-5.99,-0.99,10.07,107.0
"2025-03-08 00:00:00",DL,11,175,-15.0,-7.03,-4.01,0.0,12.06,139.0
"2025-03-08 00:00:00",WN,21,172,-18.0,-5.99,-0.99,10.07,22.88,182.0
"2025-03-08 00:00:00",AA,21,109,-10.0,-4.01,0.0,13.87,51.94,473.0
"2025-03-08 00:00:00",DL,15,152,-17.0,-7.03,-4.01,0.99,15.03,221.0
"2025-03-08 00:00:00",UA,16,125,-13.0,-7.03,-2.97,2.97,24.78,196.0
"2025-03-08 00:00:00",WN,17,217,-13.0,-5.0,-0.99,15.03,39.25,146.0
"2025-03-08 00:00:00",AA,20,116,-11.0,-4.01,7.92,36.24,71.53,216.0
"2025-03-08 00:00:00",AA,19,150,-18.0,-5.0,12.06,43.38,77.49,548.0
"2025-03-08 00:00:00",DL,23,12,-12.0,-7.92,-5.0,0.99,8.94,103.0
"2025-03-08 00:00:00",DL,16,103,-17.0,-7.03,-5.0,1.99,17.99,157.0
