"2025-04-14 00:00:00",WN,21,193,-17.0,-5.99,-1.99,10.91,39.25,115.0
"2025-04-14 00:00:00",DL,23,32,-24.0,-12.06,-7.92,-2.97,4.01,14.0
"2025-04-14 00:00:00",DL,11,210,-15.0,-5.99,-2.97,1.99,17.99,789.0
"2025-04-14 00:00:00",AA,5,111,-13.0,-7.92,-5.0,-1.99,5.99,467.0
"2025-04-14 00:00:00",AA,9,138,-15.0,-5.0,-2.97,0.0,13.87,299.0
"2025-04-14 00:00:00",AA,6,195,-17.0,-7.92,-5.0,-2.97,1.99,533.0
"2025-04-14 00:00:00",DL,6,191,-16.0,-7.92,-4.01,-0.99,1.99,791.0
"2025-04-14 00:00:00",WN,9,235,-10.0,-4.01,-1.99,1.99,13.07,73.0
"2025-04-14 00:00:00",DL,21,102,-19.0,-7.03,-2.97,5.99,19.89,127.0
"2025-04-14 00:00:00",AA,1,1,-9.0,-9.0,-9.0,-9.0,-9.0,-9.0
"2025-04-14 00:00:00",AA,21,88,-13.0,-5.99,-4.01,2.97,30.27,229.0
"2025-04-14 00:00:00",DL,15,192,-14.0,-5.0,-0.99,8.94,27.94,151.0
"2025-04-14 00:00:00",AA,20,134,-18.0,-4.01,0.0,10.91,32.79,660.0
"2025-04-14 00:00:00",UA,16,139,-14.0,-7.03,-4.01,0.99,16.95,182.0
"2025-04-14 00:00:00",DL,16,140,-17.0,-5.99,-1.99,7.03,29.08,302.0
"2025-04-14 00:00:00",AA,19,160,-19.0,-5.99,0.0,12.06,51.94,1001.0
"2025-04-14 00:00:00",WN,17,243,-14.0,-4.01,0.0,13.07,26.84,133.0
"2025-04-14 00:00:00",DL,13,157,-14.0,-7.03,-2.97,4.01,32.79,436.0
"2025-04-14 00:00:00",UA,13,124,-12.0,-7.03,-4.01,-1.99,13.87,390.0
"2025-04-15 00:00:00",AA,5,103,-14.0,-8.94,-7.03,-2.97,13.07,556.0
"2025-04-15 00:00:00",DL,23,29,-18.0,-10.07,-5.99,-1.99,1.99,17.0
"2025-04-15 00:00:00",WN,21,95,-14.0,-7.03,-4.01,2.97,19.89,100.0
"2025-04-15 00:00:00",AA,6,188,-19.0,-7.92,-5.99,-2.97,0.99,269.0
"2025-04-15 00:00:00",AA,19,151,-16.0,-7.03,-4.01,2.97,21.12,244.0
"2025-04-15 00:00:00",DL,21,81,-16.0,-7.03,-4.01,0.0,13.07,55.0
"2025-04-15 00:00:00",AA,20,132,-16.0,-5.99,-4.01,1.99,17.99,210.0
"2025-04-15 00:00:00",DL,6,190,-21.0,-8.94,-5.99,-2.97,1.99,291.0
"2025-04-15 00:00:00",AA,21,82,-15.0,-5.99,-2.97,2.97,13.87,83.0
"2025-04-15 00:00:00",WN,17,248,-13.0,-5.0,-1.99,7.03,22.88,256.0
"2025-04-15 00:00:00",AA,1,1,-16.0,-16.0,-16.0,-16.0,-16.0,-16.0
"2025-04-15 00:00:00",DL,16,129,-15.0,-7.03,-5.0,-0.99,12.06,329.0
"2025-04-15 00:00:00",UA,16,138,-17.0,-7.92,-5.0,-0.99,13.07,158.0
"2025-04-15 00:00:00",AA,9,139,-13.0,-5.99,-4.01,0.0,15.96,240.0
"2025-04-15 00:00:00",DL,15,180,-17.0,-7.03,-4.01,0.99,16.95,538.0
"2025-04-15 00:00:00",UA,13,123,-14.0,-7.92,-4.01,0.99,13.87,114.0
"2025-04-15 00:00:00",DL,11,208,-17.0,-7.92,-5.0,0.0,8.94,148.0
"2025-04-15 00:00:00",WN,9,195,-11.0,-5.0,-2.97,0.99,8.94,62.0
"2025-04-15 00:00:00",DL,13,147,-21.0,-8.94,-5.0,-1.99,7.03,52.0
"2025-04-16 00:00:00",AA,5,109,-16.0,-7.92,-5.99,-2.97,1.99,79.0
"2025-04-16 00:00:00",AA,6,193,-16.0,-7.92,-5.99,-2.97,0.0,234.0
"2025-04-16 00:00:00",DL,6,188,-18.0,-10.07,-7.03,-2.97,2.97,559.0
"2025-04-16 00:00:00",AA,9,135,-15.0,-5.99,-4.01,0.0,13.07,214.0
"2025-04-16 00:00:00",WN,9,194,-13.0,-5.0,-2.97,0.0,5.0,121.0
"2025-04-16 00:00:00",DL,11,206,-17.0,-7.03,-4.01,0.0,13.07,153.0
"2025-04-16 00:00:00",DL,13,148,-19.0,-7.03,-2.97,1.99,21.12,1138.0
"2025-04-16 00:00:00",UA,13,125,-14.0,-7.03,-5.0,-0.99,5.0,220.0
"2025-04-16 00:00:00",DL,15,178,-14.0,-5.99,-2.97,1.99,30.88,196.0
"2025-04-16 00:00:00",DL,16,130,-15.0,-5.99,-4.01,1.99,27.94,132.0
"2025-04-16 00:00:00",UA,16,139,-15.0,-7.03,-2.97,0.0,21.98,160.0
"2025-04-16 00:00:00",WN,17,249,-10.0,-4.01,0.0,10.91,48.91,121.0
"2025-04-16 00:00:00",AA,19,155,-19.0,-5.99,-1.99,10.91,56.27,297.0
"2025-04-16 00:00:00",AA,20,130,-18.0,-5.0,-1.99,13.07,47.95,1550.0
"2025-04-16 00:00:00",AA,21,87,-14.0,-5.99,-2.97,5.0,27.94,175.0
"2025-04-16 00:00:00",WN,21,95,-10.0,-5.99,-0.99,15.03,54.06,158.0
"2025-04-16 00:00:00",DL,21,82,-15.0,-5.99,-4.01,-0.99,8.94,182.0
"2025-04-16 00:00:00",DL,23,28,-15.0,-8.94,-5.99,-0.99,19.11,31.0
"2025-04-16 00:00:00",AA,1,1,-13.0,-13.0,-13.0,-13.0,-13.0,-13.0
"2025-04-17 00:00:00",DL,13,153,-18.0,-5.99,-1.99,7.92,36.97,214.0
"2025-04-17 00:00:00",AA,5,111,-13.0,-7.92,-5.99,-2.97,0.99,376.0
"2025-04-17 00:00:00",AA,6,195,-12.0,-7.03,-5.0,-1.99,0.0,1049.0
"2025-04-17 00:00:00",DL,6,189,-16.0,-7.92,-5.0,-1.99,0.99,75.0
"2025-04-17 00:00:00",AA,9,134,-12.0,-5.0,-2.97,4.01,29.08,330.0
"2025-04-17 00:00:00",WN,9,235,-10.0,-4.01,-1.99,1.99,15.03,107.0
"2025-04-17 00:00:00",DL,11,210,-16.0,-7.03,-2.97,4.01,19.89,382.0
"2025-04-17 00:00:00",UA,13,125,-13.0,-7.03,-4.01,5.0,30.88,217.0
"2025-04-17 00:00:00",DL,15,189,-11.0,-5.0,-1.99,5.0,34.82,482.0
"2025-04-17 00:00:00",DL,16,140,-11.0,-5.0,-1.99,10.07,23.81,251.0
"2025-04-17 00:00:00",UA,16,142,-16.0,-5.0,-0.99,21.12,67.36,580.0
"2025-04-17 00:00:00",AA,19,158,-14.0,-2.97,2.97,30.88,58.56,826.0
"2025-04-17 00:00:00",AA,20,134,-11.0,-4.01,0.0,13.87,32.14,122.0
"2025-04-17 00:00:00",AA,21,88,-9.0,-4.01,0.0,17.99,46.07,621.0
"2025-04-17 00:00:00",DL,23,34,-14.0,-5.0,0.99,13.07,32.79,161.0
"2025-04-17 00:00:00",WN,21,193,-13.0,-0.99,10.07,32.79,58.56,119.0
"2025-04-17 00:00:00",AA,1,1,-5.0,-5.0,-5.0,-5.0,-5.0,-5.0
"2025-04-17 00:00:00",DL,21,102,-17.0,-5.0,-0.99,5.99,19.11,874.0
"2025-04-17 00:00:00",WN,17,243,-10.0,1.99,13.87,36.97,63.44,445.0
