"2025-03-25 00:00:00",UA,0,6,-6.0,-5.99,-5.99,-4.01,-2.97,27.0
"2025-03-25 00:00:00",AA,10,139,-15.0,-5.99,-4.01,2.97,21.98,276.0
"2025-03-25 00:00:00",WN,18,213,-13.0,-5.99,-2.97,2.97,10.91,160.0
"2025-03-25 00:00:00",DL,18,155,-20.0,-8.94,-5.0,-0.99,10.07,237.0
"2025-03-25 00:00:00",UA,18,133,-12.0,-7.03,-4.01,2.97,30.27,176.0
"2025-03-25 00:00:00",UA,12,126,-15.0,-7.92,-5.0,-1.99,12.06,366.0
"2025-03-25 00:00:00",WN,16,240,-15.0,-5.99,-1.99,1.99,16.95,56.0
"2025-03-25 00:00:00",DL,10,157,-17.0,-7.03,-5.0,-2.97,7.03,130.0
"2025-03-25 00:00:00",AA,12,144,-16.0,-5.0,-1.99,5.99,16.95,281.0
"2025-03-25 00:00:00",UA,10,127,-15.0,-7.92,-5.99,-0.99,7.92,149.0
"2025-03-25 00:00:00",WN,11,226,-15.0,-5.0,-1.99,0.0,8.94,214.0
"2025-03-25 00:00:00",DL,12,164,-19.0,-7.92,-4.01,0.99,8.94,286.0
"2025-03-25 00:00:00",DL,9,133,-13.0,-5.99,-4.01,-0.99,5.99,141.0
"2025-03-25 00:00:00",AA,0,10,-20.0,-13.07,-7.03,-5.0,-2.97,7.0
"2025-03-25 00:00:00",UA,8,170,-15.0,-7.92,-5.99,-2.97,5.0,188.0
"2025-03-25 00:00:00",DL,7,244,-14.0,-7.92,-5.99,-0.99,7.03,147.0
"2025-03-25 00:00:00",DL,8,177,-16.0,-7.03,-5.0,-1.99,4.01,84.0
"2025-03-25 00:00:00",UA,23,34,-16.0,-8.94,-7.92,-4.01,-0.99,34.0
"2025-03-25 00:00:00",AA,22,101,-15.0,-5.99,-0.99,17.99,58.56,413.0
"2025-03-25 00:00:00",UA,21,42,-20.0,-10.07,-5.99,-1.99,12.06,81.0
"2025-03-25 00:00:00",WN,19,279,-14.0,-5.99,-2.97,4.01,36.24,139.0
"2025-03-25 00:00:00",DL,19,129,-23.0,-8.94,-4.01,5.99,36.97,939.0
"2025-03-26 00:00:00",DL,19,133,-17.0,-7.03,-1.99,7.92,36.97,102.0
"2025-03-26 00:00:00",WN,19,280,-15.0,-5.0,-2.97,4.01,22.88,193.0
"2025-03-26 00:00:00",UA,23,44,-12.0,-7.92,-4.01,1.99,16.95,88.0
"2025-03-26 00:00:00",DL,8,176,-13.0,-7.92,-5.0,-1.99,5.0,113.0
"2025-03-26 00:00:00",AA,22,102,-13.0,-5.99,-2.97,0.99,15.03,205.0
"2025-03-26 00:00:00",UA,21,57,-16.0,-7.03,-2.97,10.91,67.36,126.0
"2025-03-26 00:00:00",AA,0,9,-12.0,-7.03,-5.0,-0.99,0.99,10.0
"2025-03-26 00:00:00",AA,12,142,-13.0,-5.0,-2.97,5.99,40.86,189.0
"2025-03-26 00:00:00",UA,8,171,-17.0,-7.92,-5.0,-1.99,4.01,110.0
"2025-03-26 00:00:00",WN,16,240,-13.0,-4.01,-0.99,5.99,15.96,159.0
"2025-03-26 00:00:00",WN,18,218,-11.0,-4.01,-1.99,5.99,27.94,213.0
"2025-03-26 00:00:00",DL,18,157,-16.0,-7.92,-4.01,4.01,27.94,137.0
"2025-03-26 00:00:00",DL,7,244,-15.0,-7.92,-5.0,-2.97,0.99,788.0
"2025-03-26 00:00:00",UA,18,147,-16.0,-7.03,-1.99,4.01,47.95,219.0
"2025-03-26 00:00:00",DL,12,164,-16.0,-7.03,-4.01,0.0,12.06,141.0
"2025-03-26 00:00:00",UA,12,123,-23.0,-7.92,-5.0,-0.99,10.07,140.0
"2025-03-26 00:00:00",UA,0,4,-10.0,-10.0,-8.94,0.0,0.0,5.0
"2025-03-26 00:00:00",DL,9,134,-14.0,-7.03,-5.0,-1.99,2.97,373.0
"2025-03-26 00:00:00",WN,11,224,-11.0,-5.0,-2.97,0.99,12.06,268.0
"2025-03-26 00:00:00",DL,10,157,-18.0,-7.92,-5.0,-0.99,7.03,307.0
"2025-03-26 00:00:00",UA,10,126,-15.0,-7.03,-5.0,-1.99,5.99,138.0
"2025-03-26 00:00:00",AA,10,138,-13.0,-5.0,-1.99,2.97,19.11,312.0
