"2025-01-06 00:00:00",DL,7,209,-16.0,-5.0,-0.99,7.92,34.82,817.0
"2025-01-06 00:00:00",WN,11,217,-9.0,-1.99,2.97,22.88,89.13,311.0
"2025-01-06 00:00:00",AA,12,139,-8.0,0.0,23.81,70.11,141.19,399.0
"2025-01-06 00:00:00",AA,10,127,-10.0,-0.99,21.98,56.27,96.55,223.0
"2025-01-06 00:00:00",WN,16,208,-11.0,0.0,13.87,47.95,98.5,489.0
"2025-01-06 00:00:00",DL,18,131,-14.0,-5.0,0.0,13.07,55.15,291.0
"2025-01-06 00:00:00",WN,18,208,-10.0,0.0,15.96,54.06,96.55,233.0
"2025-01-06 00:00:00",AA,22,78,-15.0,-1.99,12.06,40.86,80.65,511.0
"2025-01-06 00:00:00",WN,19,191,-17.0,-0.99,19.11,44.26,89.13,245.0
"2025-01-06 00:00:00",DL,19,118,-19.0,-2.97,13.87,41.68,71.53,906.0
"2025-01-06 00:00:00",UA,21,59,-10.0,0.99,15.03,56.27,108.86,172.0
"2025-01-06 00:00:00",UA,23,41,-11.0,-2.97,4.01,19.11,29.08,97.0
"2025-01-06 00:00:00",UA,0,9,-10.0,-2.97,-0.99,5.99,15.03,68.0
"2025-01-06 00:00:00",DL,8,153,-13.0,-5.0,-1.99,4.01,40.86,358.0
"2025-01-06 00:00:00",DL,10,140,-22.0,-5.99,-1.99,5.99,44.26,263.0
"2025-01-06 00:00:00",UA,18,141,-20.0,0.0,17.99,49.9,125.22,1005.0
"2025-01-06 00:00:00",UA,8,156,-12.0,-5.0,0.0,23.81,102.52,266.0
"2025-01-06 00:00:00",DL,12,148,-19.0,-5.0,0.0,19.11,70.11,356.0
"2025-01-06 00:00:00",DL,9,121,-12.0,-4.01,0.0,10.91,39.25,598.0
"2025-01-06 00:00:00",UA,10,109,-10.0,-2.97,5.0,52.99,92.77,301.0
"2025-01-06 00:00:00",UA,12,107,-16.0,-0.99,7.92,34.13,102.52,514.0
"2025-01-06 00:00:00",AA,0,16,-10.0,0.0,10.07,23.81,32.14,104.0
"2025-01-07 00:00:00",DL,7,214,-20.0,-5.99,-2.97,1.99,17.99,351.0
"2025-01-07 00:00:00",WN,11,246,-11.0,-0.99,5.99,23.81,63.44,239.0
"2025-01-07 00:00:00",AA,12,130,-12.0,-5.0,-0.99,5.99,23.81,217.0
"2025-01-07 00:00:00",UA,10,109,-13.0,-4.01,1.99,15.03,45.15,164.0
"2025-01-07 00:00:00",DL,12,146,-21.0,-5.99,-1.99,7.03,41.68,226.0
"2025-01-07 00:00:00",UA,12,132,-13.0,-4.01,-0.99,5.99,34.82,140.0
"2025-01-07 00:00:00",WN,16,201,-12.0,-0.99,10.07,32.79,63.44,150.0
"2025-01-07 00:00:00",DL,18,124,-17.0,-5.0,-1.99,15.03,30.88,143.0
"2025-01-07 00:00:00",UA,18,117,-15.0,-4.01,0.0,15.03,56.27,140.0
"2025-01-07 00:00:00",WN,18,255,-13.0,-0.99,13.07,32.79,57.4,185.0
"2025-01-07 00:00:00",WN,19,106,-14.0,-5.0,2.97,17.99,43.38,116.0
"2025-01-07 00:00:00",DL,19,90,-19.0,-5.0,-0.99,10.07,50.91,168.0
"2025-01-07 00:00:00",UA,21,24,-8.0,-4.01,-0.99,29.08,34.13,64.0
"2025-01-07 00:00:00",AA,22,56,-14.0,-7.92,-5.0,2.97,17.99,692.0
"2025-01-07 00:00:00",UA,23,25,-12.0,-8.94,-4.01,1.99,8.94,27.0
"2025-01-07 00:00:00",AA,0,5,-9.0,-5.0,-1.99,-1.99,-1.99,122.0
"2025-01-07 00:00:00",UA,8,175,-13.0,-5.0,-1.99,15.96,45.15,219.0
"2025-01-07 00:00:00",UA,0,4,-8.0,-7.92,-0.99,1.99,1.99,2.0
"2025-01-07 00:00:00",AA,10,127,-10.0,-5.0,-1.99,7.03,29.08,312.0
"2025-01-07 00:00:00",DL,8,159,-11.0,-5.0,-1.99,5.0,17.99,165.0
"2025-01-07 00:00:00",DL,9,116,-16.0,-5.0,-1.99,4.01,15.96,120.0
"2025-01-07 00:00:00",DL,10,129,-18.0,-5.0,-0.99,7.03,26.84,240.0
"2025-01-08 00:00:00",DL,8,162,-18.0,-5.99,-2.97,0.99,13.87,188.0
"2025-01-08 00:00:00",DL,18,126,-19.0,-7.92,-4.01,0.0,15.03,246.0
"2025-01-08 00:00:00",UA,0,3,-9.0,-8.94,-5.99,-5.99,-5.99,13.0
"2025-01-08 00:00:00",UA,23,27,-18.0,-7.03,-2.97,12.06,19.11,36.0
"2025-01-08 00:00:00",UA,8,174,-13.0,-5.0,-2.97,0.0,10.91,163.0
"2025-01-08 00:00:00",UA,18,127,-14.0,-5.0,-1.99,2.97,19.89,188.0
"2025-01-08 00:00:00",AA,22,56,-14.0,-7.92,-5.0,0.99,30.88,180.0
"2025-01-08 00:00:00",DL,19,98,-20.0,-5.99,-4.01,2.97,21.98,79.0
"2025-01-08 00:00:00",UA,21,27,-12.0,-8.94,-2.97,7.92,19.11,88.0
"2025-01-08 00:00:00",WN,18,263,-14.0,-5.0,-0.99,10.91,25.79,168.0
"2025-01-08 00:00:00",WN,19,119,-14.0,-5.99,-1.99,5.99,19.11,197.0
"2025-01-08 00:00:00",DL,7,214,-20.0,-7.92,-4.01,-0.99,5.0,168.0
"2025-01-08 00:00:00",DL,12,149,-19.0,-7.03,-4.01,1.99,17.99,263.0
"2025-01-08 00:00:00",DL,9,117,-18.0,-5.99,-1.99,2.97,16.95,176.0
"2025-01-08 00:00:00",AA,0,5,-10.0,-7.92,-5.0,-2.97,-2.97,25.0
"2025-01-08 00:00:00",WN,16,208,-14.0,-5.99,-1.99,5.0,24.78,200.0
"2025-01-08 00:00:00",UA,12,130,-16.0,-5.99,-2.97,7.03,26.84,176.0
"2025-01-08 00:00:00",AA,10,130,-10.0,-5.0,-0.99,5.99,30.27,499.0
"2025-01-08 00:00:00",WN,11,259,-14.0,-5.0,-1.99,5.99,19.11,356.0
"2025-01-08 00:00:00",AA,12,132,-17.0,-5.0,-1.99,5.0,29.08,448.0
"2025-01-08 00:00:00",UA,10,112,-16.0,-7.03,-2.97,0.0,15.03,321.0
"2025-01-08 00:00:00",DL,10,133,-18.0,-7.92,-4.01,1.99,19.89,108.0
"2025-01-09 00:00:00",DL,10,141,-15.0,-7.03,-2.97,7.03,36.24,364.0
"2025-01-09 00:00:00",DL,18,139,-17.0,-4.01,0.0,15.03,87.37,219.0
"2025-01-09 00:00:00",WN,11,241,-14.0,-4.01,-0.99,10.91,36.24,558.0
"2025-01-09 00:00:00",UA,18,137,-23.0,-4.01,2.97,16.95,79.05,160.0
"2025-01-09 00:00:00",WN,18,238,-14.0,-0.99,8.94,30.27,87.37,408.0
"2025-01-09 00:00:00",AA,12,78,-13.0,-4.01,2.97,36.97,219.23,2646.0
"2025-01-09 00:00:00",WN,16,181,-15.0,-2.97,1.99,29.08,92.77,475.0
"2025-01-09 00:00:00",DL,7,222,-17.0,-7.03,-4.01,0.0,13.07,915.0
"2025-01-09 00:00:00",UA,0,3,-6.0,-5.99,-0.99,-0.99,-0.99,11.0
"2025-01-09 00:00:00",DL,12,144,-19.0,-7.03,-1.99,7.03,30.27,1114.0
"2025-01-09 00:00:00",AA,0,7,-10.0,-5.0,-4.01,-2.97,-2.97,45.0
"2025-01-09 00:00:00",UA,12,132,-21.0,-5.99,-1.99,10.07,34.82,363.0
"2025-01-09 00:00:00",DL,19,117,-16.0,-5.0,1.99,36.97,89.13,191.0
"2025-01-09 00:00:00",WN,19,102,-12.0,-4.01,2.97,26.84,74.45,153.0
"2025-01-09 00:00:00",UA,21,31,-11.0,-4.01,-0.99,19.11,55.15,198.0
"2025-01-09 00:00:00",AA,22,63,-8.0,-2.97,2.97,15.96,47.95,477.0
"2025-01-09 00:00:00",UA,23,30,-11.0,-4.01,0.0,13.87,47.95,110.0
"2025-01-09 00:00:00",DL,8,158,-16.0,-5.99,-4.01,-0.99,7.92,552.0
"2025-01-09 00:00:00",DL,9,121,-15.0,-5.99,-2.97,8.94,36.24,98.0
"2025-01-09 00:00:00",UA,8,175,-16.0,-5.99,-2.97,2.97,24.78,325.0
"2025-01-09 00:00:00",UA,10,117,-15.0,-5.99,0.0,19.11,46.07,366.0
"2025-01-09 00:00:00",AA,10,81,-13.0,-7.03,-4.01,0.0,15.03,1265.0
"2025-01-10 00:00:00",UA,21,30,-14.0,-5.99,-1.99,5.0,36.97,250.0
"2025-01-10 00:00:00",AA,22,27,-11.0,-5.0,-0.99,15.03,47.0,96.0
"2025-01-10 00:00:00",UA,23,30,-11.0,-7.92,-5.99,0.0,23.81,77.0
"2025-01-10 00:00:00",AA,12,101,-12.0,0.0,13.87,47.95,92.77,1095.0
"2025-01-10 00:00:00",AA,0,8,-6.0,-4.01,-0.99,5.99,15.03,38.0
"2025-01-10 00:00:00",UA,0,3,-8.0,-7.92,-4.01,-4.01,-4.01,1.0
"2025-01-10 00:00:00",DL,7,177,-13.0,-5.99,-1.99,5.99,361.46,792.0
"2025-01-10 00:00:00",DL,12,93,-13.0,-4.01,5.99,74.45,290.07,799.0
"2025-01-10 00:00:00",UA,8,176,-14.0,-7.03,-4.01,-0.99,10.91,286.0
"2025-01-10 00:00:00",DL,8,113,-13.0,-5.99,-1.99,102.52,267.77,1048.0
"2025-01-10 00:00:00",WN,16,195,-13.0,-5.0,-1.99,10.07,30.27,175.0
"2025-01-10 00:00:00",DL,9,77,-15.0,-5.0,-0.99,15.03,228.18,691.0
"2025-01-10 00:00:00",AA,10,98,-14.0,-1.99,7.03,27.94,96.55,482.0
"2025-01-10 00:00:00",DL,10,76,-14.0,-4.01,0.0,10.07,45.15,669.0
"2025-01-10 00:00:00",UA,10,108,-17.0,-5.99,-2.97,2.97,30.27,133.0
"2025-01-10 00:00:00",WN,11,229,-14.0,-4.01,-0.99,5.99,19.89,273.0
"2025-01-10 00:00:00",UA,12,130,-15.0,-5.0,-1.99,5.99,34.13,354.0
"2025-01-10 00:00:00",DL,18,95,-10.0,0.0,17.99,89.13,308.01,1074.0
"2025-01-10 00:00:00",DL,19,75,-14.0,-2.97,13.87,67.36,198.37,995.0
"2025-01-10 00:00:00",WN,19,111,-14.0,-5.99,-4.01,4.01,40.05,99.0
"2025-01-10 00:00:00",UA,18,136,-14.0,-2.97,1.99,23.81,67.36,201.0
"2025-01-10 00:00:00",WN,18,235,-14.0,-5.0,0.0,13.07,26.84,138.0
