"2025-01-11 00:00:00",UA,22,23,-12.0,-4.01,-1.99,0.99,5.99,30.0
"2025-01-11 00:00:00",WN,20,36,-9.0,0.99,8.94,16.95,30.27,44.0
"2025-01-11 00:00:00",AA,23,20,-10.0,-5.99,-2.97,-0.99,4.01,46.0
"2025-01-11 00:00:00",UA,15,76,-12.0,-5.0,-1.99,13.07,67.36,329.0
"2025-01-11 00:00:00",DL,1,2,-9.0,-8.94,-8.94,-8.94,-8.94,-1.0
"2025-01-11 00:00:00",UA,5,24,-19.0,-7.03,-2.97,0.0,10.07,99.0
"2025-01-11 00:00:00",DL,5,36,-15.0,-7.03,-0.99,32.79,262.47,609.0
"2025-01-11 00:00:00",UA,11,108,-12.0,-4.01,-0.99,7.92,21.98,291.0
"2025-01-11 00:00:00",WN,15,181,-14.0,-5.0,-0.99,8.94,24.78,89.0
"2025-01-11 00:00:00",AA,7,136,-10.0,-5.0,-1.99,2.97,80.65,945.0
"2025-01-11 00:00:00",AA,8,155,-9.0,-4.01,-0.99,15.96,80.65,444.0
"2025-01-11 00:00:00",AA,18,138,-22.0,-2.97,4.01,21.98,60.95,269.0
"2025-01-11 00:00:00",WN,8,231,-13.0,-5.0,-2.97,0.99,10.07,162.0
"2025-01-11 00:00:00",UA,9,132,-16.0,-5.99,-0.99,7.03,32.79,409.0
"2025-01-11 00:00:00",UA,19,79,-12.0,-7.03,1.99,13.07,25.79,199.0
"2025-01-11 00:00:00",AA,11,124,-11.0,-1.99,7.92,40.86,74.45,402.0
"2025-01-11 00:00:00",AA,13,112,-8.0,-1.99,5.0,34.13,80.65,348.0
"2025-01-11 00:00:00",UA,1,1,-4.0,-4.0,-4.0,-4.0,-4.0,-4.0
"2025-01-11 00:00:00",DL,14,110,-14.0,10.91,48.91,125.22,198.37,973.0
"2025-01-11 00:00:00",AA,17,140,-16.0,-5.0,0.0,15.96,55.15,185.0
"2025-01-11 00:00:00",WN,13,201,-13.0,-4.01,0.0,8.94,25.79,151.0
"2025-01-11 00:00:00",UA,14,107,-11.0,-5.0,-1.99,10.07,34.82,222.0
"2025-01-12 00:00:00",UA,19,106,-14.0,-5.0,0.0,7.92,26.84,151.0
"2025-01-12 00:00:00",UA,22,25,-14.0,-7.03,-5.0,2.97,7.92,18.0
"2025-01-12 00:00:00",AA,17,159,-21.0,-5.0,-1.99,10.91,46.07,221.0
"2025-01-12 00:00:00",DL,14,120,-11.0,0.0,19.11,55.15,80.65,349.0
"2025-01-12 00:00:00",UA,14,114,-18.0,-5.99,-1.99,5.99,36.97,230.0
"2025-01-12 00:00:00",AA,8,191,-14.0,-5.99,-2.97,1.99,29.08,174.0
"2025-01-12 00:00:00",UA,11,116,-13.0,-5.0,-1.99,7.92,29.08,181.0
"2025-01-12 00:00:00",AA,13,141,-14.0,-5.0,-0.99,8.94,46.07,281.0
"2025-01-12 00:00:00",WN,8,271,-13.0,-5.0,-2.97,0.0,5.99,100.0
"2025-01-12 00:00:00",AA,11,156,-10.0,-4.01,-0.99,16.95,58.56,179.0
"2025-01-12 00:00:00",UA,9,145,-13.0,-5.0,-0.99,5.99,21.12,205.0
"2025-01-12 00:00:00",AA,7,178,-13.0,-5.99,-2.97,0.99,15.96,637.0
"2025-01-12 00:00:00",UA,5,25,-9.0,-7.03,-4.01,-1.99,-0.99,364.0
"2025-01-12 00:00:00",DL,1,2,-7.0,-7.0,-7.0,-7.0,-7.0,92.0
"2025-01-12 00:00:00",DL,5,65,-10.0,-5.99,-0.99,10.07,138.4,1134.0
"2025-01-12 00:00:00",AA,23,27,-12.0,-7.92,-5.99,-0.99,22.88,111.0
"2025-01-12 00:00:00",WN,20,180,-17.0,-5.99,-1.99,8.94,25.79,92.0
"2025-01-12 00:00:00",WN,13,245,-19.0,-4.01,0.99,10.91,26.84,156.0
"2025-01-12 00:00:00",WN,15,229,-11.0,-2.97,1.99,13.07,32.79,88.0
"2025-01-12 00:00:00",UA,1,1,-1.0,-1.0,-1.0,-1.0,-1.0,-1.0
"2025-01-12 00:00:00",AA,18,166,-34.0,-4.01,-0.99,13.87,50.91,206.0
"2025-01-12 00:00:00",UA,15,91,-20.0,-4.01,-0.99,7.92,32.79,87.0
"2025-01-13 00:00:00",DL,1,2,-12.0,-12.0,-12.0,-12.0,-12.0,0.0
"2025-01-13 00:00:00",UA,1,1,-7.0,-7.0,-7.0,-7.0,-7.0,-7.0
"2025-01-13 00:00:00",UA,9,155,-13.0,-5.99,-2.97,1.99,19.11,229.0
"2025-01-13 00:00:00",AA,11,158,-13.0,-5.99,-2.97,1.99,15.96,1108.0
"2025-01-13 00:00:00",AA,7,207,-15.0,-7.03,-4.01,-1.99,5.0,189.0
"2025-01-13 00:00:00",AA,8,190,-13.0,-7.03,-2.97,0.0,16.95,177.0
"2025-01-13 00:00:00",WN,8,246,-12.0,-5.99,-2.97,0.0,5.0,296.0
"2025-01-13 00:00:00",UA,11,119,-15.0,-5.0,-2.97,1.99,10.91,80.0
"2025-01-13 00:00:00",DL,5,65,-15.0,-7.92,-5.0,-0.99,1.99,194.0
"2025-01-13 00:00:00",UA,5,24,-15.0,-10.07,-7.03,-4.01,-1.99,8.0
"2025-01-13 00:00:00",AA,13,133,-12.0,-5.0,-2.97,7.03,46.07,256.0
"2025-01-13 00:00:00",WN,13,242,-14.0,-5.99,-4.01,0.0,7.92,97.0
"2025-01-13 00:00:00",DL,14,123,-14.0,-5.0,-2.97,4.01,23.81,73.0
"2025-01-13 00:00:00",UA,14,117,-15.0,-7.92,-4.01,2.97,15.03,163.0
"2025-01-13 00:00:00",AA,23,21,-15.0,-10.07,-5.99,-2.97,10.07,26.0
"2025-01-13 00:00:00",WN,15,231,-15.0,-5.99,-2.97,0.0,8.94,73.0
"2025-01-13 00:00:00",UA,15,93,-25.0,-7.03,-2.97,1.99,19.11,110.0
"2025-01-13 00:00:00",AA,17,153,-17.0,-7.03,-2.97,4.01,30.27,213.0
"2025-01-13 00:00:00",AA,18,146,-15.0,-5.99,-2.97,5.99,19.11,224.0
"2025-01-13 00:00:00",UA,19,104,-15.0,-7.92,-5.0,0.0,10.07,148.0
"2025-01-13 00:00:00",WN,20,167,-14.0,-7.03,-4.01,0.0,5.99,50.0
"2025-01-13 00:00:00",UA,22,23,-19.0,-7.92,-5.0,-4.01,2.97,57.0
"2025-01-14 00:00:00",UA,1,1,4.0,4.0,4.0,4.0,4.0,4.0
"2025-01-14 00:00:00",DL,1,2,-6.0,-5.99,-5.99,-5.99,-5.99,-1.0
"2025-01-14 00:00:00",AA,23,19,-18.0,-10.07,-5.0,-0.99,4.01,1041.0
"2025-01-14 00:00:00",AA,18,139,-24.0,-7.92,-5.0,-0.99,7.92,189.0
"2025-01-14 00:00:00",UA,5,23,-13.0,-10.07,-7.03,-4.01,10.07,146.0
"2025-01-14 00:00:00",UA,19,94,-19.0,-10.07,-5.0,0.99,15.96,95.0
"2025-01-14 00:00:00",UA,22,20,-11.0,-8.94,-5.0,-0.99,-0.99,3.0
"2025-01-14 00:00:00",WN,20,167,-14.0,-7.03,-4.01,-0.99,7.03,47.0
"2025-01-14 00:00:00",DL,5,65,-17.0,-10.07,-7.03,-4.01,0.0,263.0
"2025-01-14 00:00:00",AA,11,146,-13.0,-7.03,-4.01,-0.99,2.97,335.0
"2025-01-14 00:00:00",AA,17,147,-15.0,-7.92,-5.0,0.99,13.87,196.0
"2025-01-14 00:00:00",DL,14,111,-17.0,-7.92,-5.0,-0.99,7.92,1109.0
"2025-01-14 00:00:00",UA,14,112,-17.0,-8.94,-5.99,-0.99,2.97,178.0
"2025-01-14 00:00:00",UA,15,81,-20.0,-8.94,-5.99,-0.99,7.92,250.0
"2025-01-14 00:00:00",WN,15,231,-14.0,-7.03,-4.01,-0.99,5.99,148.0
"2025-01-14 00:00:00",AA,13,124,-14.0,-7.03,-4.01,0.0,13.07,243.0
"2025-01-14 00:00:00",UA,11,116,-17.0,-7.03,-4.01,-0.99,10.91,134.0
"2025-01-14 00:00:00",WN,13,242,-14.0,-7.03,-5.0,-0.99,12.06,110.0
"2025-01-14 00:00:00",AA,8,187,-14.0,-7.03,-5.0,-0.99,19.89,95.0
"2025-01-14 00:00:00",AA,7,161,-15.0,-7.92,-5.99,-2.97,1.99,1782.0
"2025-01-14 00:00:00",UA,9,139,-17.0,-5.99,-2.97,1.99,29.08,238.0
"2025-01-14 00:00:00",WN,8,246,-13.0,-7.03,-5.0,-1.99,4.01,220.0
"2025-01-15 00:00:00",UA,15,83,-17.0,-8.94,-5.99,-1.99,7.03,50.0
"2025-01-15 00:00:00",UA,22,26,-15.0,-7.03,-5.0,-4.01,1.99,25.0
"2025-01-15 00:00:00",AA,23,20,-11.0,-7.03,-4.01,-0.99,12.06,124.0
"2025-01-15 00:00:00",AA,17,153,-16.0,-7.03,-5.0,-0.99,10.07,125.0
"2025-01-15 00:00:00",UA,1,1,3.0,3.0,3.0,3.0,3.0,3.0
"2025-01-15 00:00:00",UA,11,116,-13.0,-7.03,-4.01,0.0,7.92,166.0
"2025-01-15 00:00:00",UA,14,114,-17.0,-7.92,-5.0,-1.99,5.99,150.0
"2025-01-15 00:00:00",WN,15,231,-14.0,-5.99,-4.01,-0.99,7.92,104.0
"2025-01-15 00:00:00",WN,13,242,-13.0,-5.99,-2.97,0.0,12.06,128.0
"2025-01-15 00:00:00",DL,14,116,-17.0,-7.03,-4.01,0.99,8.94,194.0
"2025-01-15 00:00:00",AA,13,123,-15.0,-7.03,-4.01,-0.99,7.92,178.0
"2025-01-15 00:00:00",UA,9,140,-15.0,-5.99,-2.97,1.99,8.94,118.0
"2025-01-15 00:00:00",AA,8,187,-13.0,-7.03,-5.0,-1.99,7.03,2336.0
"2025-01-15 00:00:00",WN,8,246,-11.0,-5.99,-4.01,-0.99,4.01,97.0
"2025-01-15 00:00:00",UA,5,25,-10.0,-8.94,-7.92,-4.01,-0.99,39.0
"2025-01-15 00:00:00",DL,5,65,-18.0,-10.07,-5.99,-2.97,0.0,310.0
"2025-01-15 00:00:00",AA,7,161,-16.0,-7.03,-5.0,-1.99,12.06,236.0
"2025-01-15 00:00:00",AA,11,145,-15.0,-7.03,-5.0,-0.99,10.91,2127.0
"2025-01-15 00:00:00",DL,1,2,-11.0,-11.0,-11.0,-11.0,-11.0,-11.0
"2025-01-15 00:00:00",AA,18,140,-16.0,-7.03,-4.01,0.0,13.87,157.0
"2025-01-15 00:00:00",UA,19,100,-16.0,-7.92,-5.99,-0.99,7.03,35.0
"2025-01-15 00:00:00",WN,20,167,-13.0,-7.03,-4.01,-0.99,5.0,96.0
