"2025-01-29 00:00:00",DL,13,138,-19.0,-7.92,-5.99,-1.99,7.03,184.0
"2025-01-29 00:00:00",DL,6,176,-26.0,-8.94,-5.99,-4.01,0.99,109.0
"2025-01-29 00:00:00",DL,16,115,-26.0,-7.03,-4.01,2.97,15.03,141.0
"2025-01-29 00:00:00",WN,17,198,-15.0,-5.99,-4.01,0.0,8.94,215.0
"2025-01-29 00:00:00",AA,19,93,-19.0,-5.99,-2.97,30.27,115.6,270.0
"2025-01-29 00:00:00",AA,20,74,-13.0,-7.03,-4.01,8.94,36.24,176.0
"2025-01-29 00:00:00",AA,21,58,-18.0,-5.99,0.0,55.15,106.71,468.0
"2025-01-29 00:00:00",UA,2,1,-9.0,-9.0,-9.0,-9.0,-9.0,-9.0
"2025-01-29 00:00:00",WN,21,14,-11.0,-5.99,-2.97,13.07,13.87,56.0
"2025-01-29 00:00:00",DL,21,66,-17.0,-7.92,-5.0,0.0,13.87,555.0
"2025-01-29 00:00:00",DL,23,20,-16.0,-5.99,-1.99,0.0,13.87,16.0
"2025-01-29 00:00:00",DL,15,168,-20.0,-7.92,-5.0,0.0,16.95,891.0
"2025-01-29 00:00:00",DL,11,177,-16.0,-7.92,-5.99,-0.99,7.92,83.0
"2025-01-29 00:00:00",AA,9,134,-15.0,-7.03,-4.01,-0.99,7.03,77.0
"2025-01-29 00:00:00",WN,9,235,-12.0,-5.99,-4.01,-0.99,1.99,115.0
"2025-01-29 00:00:00",AA,6,169,-13.0,-8.94,-7.03,-4.01,0.99,929.0
"2025-01-29 00:00:00",UA,13,128,-17.0,-7.92,-5.99,-0.99,44.26,295.0
"2025-01-29 00:00:00",UA,16,119,-16.0,-7.92,-5.0,-0.99,5.0,58.0
"2025-01-29 00:00:00",AA,5,80,-17.0,-10.07,-7.03,-1.99,7.03,62.0
"2025-01-30 00:00:00",WN,17,195,-13.0,-4.01,0.0,8.94,25.79,155.0
"2025-01-30 00:00:00",UA,2,1,3.0,3.0,3.0,3.0,3.0,3.0
"2025-01-30 00:00:00",WN,9,232,-14.0,-5.0,-2.97,0.99,13.07,333.0
"2025-01-30 00:00:00",AA,5,75,-12.0,-7.03,-5.0,-0.99,21.12,1684.0
"2025-01-30 00:00:00",AA,6,155,-13.0,-7.03,-4.01,-0.99,5.0,830.0
"2025-01-30 00:00:00",DL,6,179,-20.0,-7.92,-5.99,-1.99,4.01,311.0
"2025-01-30 00:00:00",DL,23,25,-20.0,-7.03,-4.01,0.99,7.92,897.0
"2025-01-30 00:00:00",UA,13,132,-15.0,-7.03,-4.01,5.0,32.79,193.0
"2025-01-30 00:00:00",AA,19,148,-15.0,-5.99,0.99,19.11,48.91,138.0
"2025-01-30 00:00:00",DL,21,81,-16.0,-7.03,-4.01,0.99,10.07,198.0
"2025-01-30 00:00:00",WN,21,15,-11.0,-8.94,0.0,13.07,34.82,59.0
"2025-01-30 00:00:00",AA,21,78,-12.0,-5.99,-2.97,7.03,49.9,140.0
"2025-01-30 00:00:00",AA,9,120,-11.0,-5.99,-1.99,2.97,21.12,1455.0
"2025-01-30 00:00:00",DL,11,188,-15.0,-7.03,-4.01,0.0,15.03,524.0
"2025-01-30 00:00:00",UA,16,122,-16.0,-5.99,-1.99,5.99,26.84,362.0
"2025-01-30 00:00:00",AA,20,121,-10.0,-4.01,0.0,15.03,47.0,210.0
"2025-01-30 00:00:00",DL,13,144,-16.0,-7.03,-5.0,0.0,13.87,360.0
"2025-01-30 00:00:00",DL,16,131,-18.0,-7.03,-1.99,4.01,24.78,126.0
"2025-01-30 00:00:00",DL,15,178,-19.0,-5.99,-2.97,4.01,22.88,271.0
"2025-01-31 00:00:00",AA,5,103,-12.0,-7.03,-5.99,-2.97,5.99,574.0
"2025-01-31 00:00:00",DL,23,25,-14.0,-5.99,-5.0,5.99,12.06,43.0
"2025-01-31 00:00:00",DL,6,183,-15.0,-7.92,-5.0,-0.99,10.07,210.0
"2025-01-31 00:00:00",AA,6,178,-16.0,-7.03,-4.01,0.0,16.95,673.0
"2025-01-31 00:00:00",AA,1,1,13.0,13.0,13.0,13.0,13.0,13.0
"2025-01-31 00:00:00",AA,20,85,-13.0,-4.01,-0.99,10.91,36.24,165.0
"2025-01-31 00:00:00",AA,21,83,-11.0,-4.01,-0.99,7.92,30.27,119.0
"2025-01-31 00:00:00",DL,21,85,-16.0,-5.99,-2.97,5.99,25.79,173.0
"2025-01-31 00:00:00",WN,21,15,-10.0,-5.0,0.0,13.07,34.13,47.0
"2025-01-31 00:00:00",UA,16,123,-15.0,-5.99,-4.01,0.99,12.06,437.0
"2025-01-31 00:00:00",AA,19,113,-15.0,-5.0,-1.99,7.03,24.78,192.0
"2025-01-31 00:00:00",WN,17,198,-12.0,-5.0,-0.99,7.92,26.84,133.0
"2025-01-31 00:00:00",AA,9,135,-10.0,-5.0,-2.97,0.0,17.99,236.0
"2025-01-31 00:00:00",UA,13,132,-15.0,-5.99,-1.99,5.0,25.79,250.0
"2025-01-31 00:00:00",DL,15,180,-18.0,-5.99,-0.99,8.94,29.08,162.0
"2025-01-31 00:00:00",DL,16,131,-14.0,-5.0,-0.99,13.87,43.38,301.0
"2025-01-31 00:00:00",WN,9,233,-13.0,-5.0,-2.97,0.0,5.99,115.0
"2025-01-31 00:00:00",UA,2,1,-14.0,-14.0,-14.0,-14.0,-14.0,-14.0
"2025-01-31 00:00:00",DL,11,187,-13.0,-5.99,-2.97,0.99,13.07,333.0
"2025-01-31 00:00:00",DL,13,145,-15.0,-5.99,-1.99,5.0,25.79,145.0
"2025-02-01 00:00:00",DL,16,102,-23.0,-8.94,-5.0,0.0,16.95,366.0
"2025-02-01 00:00:00",UA,2,1,4.0,4.0,4.0,4.0,4.0,4.0
"2025-02-01 00:00:00",DL,21,64,-16.0,-7.92,-5.0,0.0,10.07,151.0
"2025-02-01 00:00:00",WN,9,222,-12.0,-5.0,-2.97,-0.99,4.01,73.0
"2025-02-01 00:00:00",AA,5,82,-15.0,-7.03,-5.0,-1.99,1.99,151.0
"2025-02-01 00:00:00",DL,23,19,-14.0,-5.99,-0.99,12.06,21.12,63.0
"2025-02-01 00:00:00",AA,6,168,-15.0,-7.92,-5.0,-1.99,5.99,743.0
"2025-02-01 00:00:00",WN,17,191,-15.0,-5.99,-1.99,1.99,21.12,165.0
"2025-02-01 00:00:00",DL,6,170,-20.0,-7.92,-5.99,-1.99,5.0,666.0
"2025-02-01 00:00:00",AA,9,121,-12.0,-5.99,-4.01,0.0,10.91,515.0
"2025-02-01 00:00:00",AA,21,77,-13.0,-5.0,-1.99,4.01,13.87,177.0
"2025-02-01 00:00:00",WN,21,3,-6.0,-5.99,-1.99,-1.99,-1.99,3.0
"2025-02-01 00:00:00",AA,19,101,-19.0,-7.03,-4.01,-0.99,13.07,94.0
"2025-02-01 00:00:00",AA,20,81,-17.0,-5.99,-4.01,1.99,21.12,89.0
"2025-02-01 00:00:00",DL,11,171,-17.0,-5.99,-2.97,1.99,29.08,214.0
"2025-02-01 00:00:00",DL,15,143,-18.0,-7.03,-2.97,4.01,21.98,282.0
"2025-02-01 00:00:00",DL,13,126,-17.0,-7.03,-4.01,5.99,34.13,120.0
"2025-02-01 00:00:00",UA,16,107,-13.0,-7.92,-5.0,4.01,32.14,402.0
"2025-02-01 00:00:00",UA,13,119,-16.0,-7.03,-2.97,5.99,26.84,235.0
"2025-02-02 00:00:00",DL,6,172,-17.0,-8.94,-5.0,-0.99,5.99,208.0
"2025-02-02 00:00:00",DL,11,185,-21.0,-7.03,-4.01,0.0,19.11,454.0
"2025-02-02 00:00:00",AA,9,135,-17.0,-5.99,-4.01,-0.99,17.99,537.0
"2025-02-02 00:00:00",WN,9,217,-11.0,-5.0,-2.97,0.0,7.92,210.0
"2025-02-02 00:00:00",AA,19,150,-23.0,-7.03,-2.97,4.01,34.13,163.0
"2025-02-02 00:00:00",AA,6,169,-15.0,-7.92,-5.0,-2.97,1.99,325.0
"2025-02-02 00:00:00",WN,17,219,-14.0,-4.01,0.99,10.91,34.82,128.0
"2025-02-02 00:00:00",UA,2,1,-8.0,-8.0,-8.0,-8.0,-8.0,-8.0
"2025-02-02 00:00:00",DL,15,181,-17.0,-5.0,-1.99,8.94,40.05,397.0
"2025-02-02 00:00:00",UA,16,126,-15.0,-5.99,-2.97,5.0,32.79,477.0
"2025-02-02 00:00:00",UA,13,130,-12.0,-5.0,-1.99,10.91,51.94,312.0
"2025-02-02 00:00:00",AA,21,82,-13.0,-7.03,-2.97,4.01,16.95,149.0
"2025-02-02 00:00:00",DL,16,130,-19.0,-5.99,-1.99,8.94,26.84,343.0
"2025-02-02 00:00:00",AA,20,123,-23.0,-5.99,-1.99,4.01,21.12,138.0
"2025-02-02 00:00:00",AA,5,88,-16.0,-8.94,-5.99,-0.99,10.91,362.0
"2025-02-02 00:00:00",DL,13,146,-15.0,-5.99,-1.99,4.01,27.94,213.0
"2025-02-02 00:00:00",DL,21,87,-14.0,-5.99,-1.99,4.01,21.12,93.0
"2025-02-02 00:00:00",WN,21,147,-16.0,-5.0,0.0,10.07,36.24,129.0
"2025-02-02 00:00:00",DL,23,25,-15.0,-4.01,0.99,13.07,34.82,145.0
