"2025-03-18 00:00:00",WN,14,216,-11.0,-4.01,0.0,8.94,21.12,409.0
"2025-03-18 00:00:00",AA,16,144,-17.0,-5.99,-2.97,15.03,60.95,462.0
"2025-03-18 00:00:00",DL,17,178,-18.0,-7.03,-2.97,4.01,21.98,167.0
"2025-03-18 00:00:00",UA,17,130,-15.0,-5.99,-2.97,5.99,45.15,206.0
"2025-03-18 00:00:00",DL,20,93,-14.0,-5.99,-2.97,7.92,21.98,88.0
"2025-03-18 00:00:00",UA,20,91,-15.0,-7.03,-2.97,10.91,36.97,233.0
"2025-03-18 00:00:00",UA,6,130,-17.0,-8.94,-7.03,-4.01,-0.99,1035.0
"2025-03-18 00:00:00",AA,14,144,-15.0,-5.99,-1.99,7.92,39.25,341.0
"2025-03-18 00:00:00",WN,6,301,-11.0,-5.0,-2.97,0.0,4.01,71.0
"2025-03-18 00:00:00",AA,15,142,-16.0,-5.99,-0.99,15.03,49.9,374.0
"2025-03-18 00:00:00",DL,0,7,-17.0,-7.92,-5.0,-4.01,49.9,71.0
"2025-03-18 00:00:00",WN,5,106,-9.0,-5.0,-2.97,-0.99,1.99,54.0
"2025-03-18 00:00:00",DL,22,95,-16.0,-7.92,-5.0,-0.99,4.01,147.0
"2025-03-18 00:00:00",WN,22,10,-12.0,-5.99,0.0,5.0,19.89,159.0
"2025-03-18 00:00:00",WN,23,9,-9.0,-5.0,-0.99,5.99,15.96,18.0
"2025-03-18 00:00:00",WN,12,231,-10.0,-4.01,-0.99,5.0,21.12,63.0
"2025-03-18 00:00:00",WN,10,249,-11.0,-4.01,-1.99,0.99,10.07,49.0
"2025-03-18 00:00:00",WN,7,245,-9.0,-5.0,-1.99,0.0,2.97,190.0
"2025-03-18 00:00:00",UA,7,187,-17.0,-7.92,-5.0,-1.99,0.99,671.0
"2025-03-19 00:00:00",DL,22,95,-22.0,-7.03,-2.97,1.99,16.95,160.0
"2025-03-19 00:00:00",WN,6,301,-11.0,-5.0,-4.01,-0.99,1.99,234.0
"2025-03-19 00:00:00",AA,14,137,-10.0,-4.01,-0.99,22.88,89.13,498.0
"2025-03-19 00:00:00",UA,7,192,-12.0,-7.92,-5.0,-2.97,0.99,477.0
"2025-03-19 00:00:00",WN,10,245,-9.0,-5.0,-2.97,1.99,13.07,88.0
"2025-03-19 00:00:00",WN,12,226,-10.0,-4.01,-0.99,5.0,15.03,107.0
"2025-03-19 00:00:00",WN,14,218,-12.0,-2.97,0.0,7.03,15.96,314.0
"2025-03-19 00:00:00",WN,7,241,-13.0,-5.0,-4.01,-0.99,2.97,40.0
"2025-03-19 00:00:00",UA,6,128,-15.0,-8.94,-7.03,-4.01,-1.99,243.0
"2025-03-19 00:00:00",DL,0,4,-16.0,-15.96,-8.94,1.99,1.99,55.0
"2025-03-19 00:00:00",WN,5,106,-15.0,-5.0,-4.01,-0.99,1.99,282.0
"2025-03-19 00:00:00",AA,15,142,-19.0,-4.01,7.92,41.68,67.36,298.0
"2025-03-19 00:00:00",WN,23,9,-2.0,5.99,7.92,15.03,19.11,25.0
"2025-03-19 00:00:00",UA,17,134,-13.0,-5.99,-0.99,19.11,106.71,296.0
"2025-03-19 00:00:00",WN,22,10,-12.0,-5.0,0.99,2.97,10.07,37.0
"2025-03-19 00:00:00",DL,20,97,-14.0,-5.99,-1.99,12.06,51.94,283.0
"2025-03-19 00:00:00",UA,20,95,-12.0,-5.99,2.97,47.95,115.6,262.0
"2025-03-19 00:00:00",DL,17,179,-22.0,-7.03,-2.97,4.01,30.88,300.0
"2025-03-19 00:00:00",AA,16,141,-21.0,-2.97,4.01,52.99,113.31,1439.0
"2025-03-20 00:00:00",WN,23,9,-4.0,-2.97,-0.99,1.99,2.97,37.0
"2025-03-20 00:00:00",WN,14,242,-9.0,-1.99,0.99,12.06,27.94,241.0
"2025-03-20 00:00:00",DL,22,103,-17.0,-4.01,-0.99,12.06,30.27,108.0
"2025-03-20 00:00:00",DL,0,4,-7.0,-7.0,-4.01,5.0,5.0,29.0
"2025-03-20 00:00:00",UA,6,141,-14.0,-7.92,-5.0,-1.99,7.92,608.0
"2025-03-20 00:00:00",WN,6,307,-11.0,-5.0,-2.97,-0.99,0.99,21.0
"2025-03-20 00:00:00",UA,7,203,-15.0,-7.03,-5.0,0.0,22.88,240.0
"2025-03-20 00:00:00",WN,10,238,-11.0,-4.01,-0.99,5.0,21.12,223.0
"2025-03-20 00:00:00",WN,7,239,-10.0,-5.0,-2.97,0.0,7.03,236.0
"2025-03-20 00:00:00",WN,5,195,-10.0,-5.0,-2.97,-0.99,1.99,29.0
"2025-03-20 00:00:00",AA,15,142,-12.0,-4.01,0.99,19.89,66.03,220.0
"2025-03-20 00:00:00",DL,17,185,-19.0,-5.0,0.0,10.91,43.38,397.0
"2025-03-20 00:00:00",UA,17,140,-12.0,-4.01,-0.99,8.94,47.0,343.0
"2025-03-20 00:00:00",DL,20,121,-23.0,-4.01,-0.99,15.96,59.75,844.0
"2025-03-20 00:00:00",UA,20,97,-13.0,-5.0,1.99,30.88,72.97,531.0
"2025-03-20 00:00:00",WN,12,226,-12.0,-2.97,0.0,7.03,21.12,372.0
"2025-03-20 00:00:00",WN,22,138,-11.0,-2.97,2.97,13.87,46.07,137.0
"2025-03-20 00:00:00",AA,16,143,-11.0,-4.01,1.99,22.88,67.36,230.0
"2025-03-20 00:00:00",AA,14,144,-11.0,-2.97,4.01,19.89,60.95,289.0
