"2025-03-12 00:00:00",WN,22,10,-9.0,-7.92,-5.0,-1.99,4.01,6.0
"2025-03-12 00:00:00",DL,20,97,-16.0,-7.03,-2.97,0.99,26.84,92.0
"2025-03-12 00:00:00",UA,20,100,-15.0,-7.92,-2.97,4.01,48.91,747.0
"2025-03-12 00:00:00",WN,5,106,-11.0,-5.0,-4.01,-0.99,4.01,22.0
"2025-03-12 00:00:00",WN,14,219,-15.0,-4.01,-0.99,4.01,12.06,108.0
"2025-03-12 00:00:00",AA,16,145,-13.0,-5.0,-1.99,7.03,25.79,255.0
"2025-03-12 00:00:00",AA,14,143,-16.0,-5.99,-4.01,0.99,21.98,450.0
"2025-03-12 00:00:00",UA,17,134,-15.0,-5.0,-1.99,5.99,64.72,260.0
"2025-03-12 00:00:00",DL,17,179,-14.0,-7.03,-2.97,5.99,26.84,182.0
"2025-03-12 00:00:00",AA,15,142,-13.0,-5.99,-2.97,8.94,29.08,375.0
"2025-03-12 00:00:00",WN,6,304,-13.0,-5.99,-4.01,-1.99,0.0,74.0
"2025-03-12 00:00:00",WN,23,9,-6.0,-5.0,-2.97,0.0,4.01,9.0
"2025-03-12 00:00:00",UA,7,192,-13.0,-7.92,-5.99,-1.99,5.99,169.0
"2025-03-12 00:00:00",DL,0,4,-15.0,-15.0,-12.06,-7.92,-7.92,1.0
"2025-03-12 00:00:00",WN,7,244,-13.0,-5.99,-4.01,-1.99,0.99,42.0
"2025-03-12 00:00:00",WN,10,249,-11.0,-5.0,-1.99,0.99,12.06,235.0
"2025-03-12 00:00:00",WN,12,233,-11.0,-5.0,-1.99,1.99,13.87,141.0
"2025-03-12 00:00:00",DL,22,95,-13.0,-7.03,-2.97,1.99,8.94,392.0
"2025-03-12 00:00:00",UA,6,131,-19.0,-10.07,-7.92,-5.0,-0.99,223.0
"2025-03-13 00:00:00",AA,15,142,-12.0,-5.0,-1.99,7.92,37.72,284.0
"2025-03-13 00:00:00",DL,20,119,-17.0,-5.99,-0.99,8.94,49.9,289.0
"2025-03-13 00:00:00",WN,12,221,-10.0,-4.01,0.0,13.87,51.94,203.0
"2025-03-13 00:00:00",WN,7,236,-14.0,-5.0,-2.97,-0.99,7.03,57.0
"2025-03-13 00:00:00",UA,7,202,-16.0,-7.92,-5.99,-2.97,0.99,307.0
"2025-03-13 00:00:00",DL,0,4,-12.0,-12.0,-10.91,-8.94,-8.94,-6.0
"2025-03-13 00:00:00",WN,5,194,-9.0,-5.0,-2.97,-0.99,1.99,340.0
"2025-03-13 00:00:00",WN,6,305,-10.0,-5.0,-2.97,-0.99,1.99,65.0
"2025-03-13 00:00:00",UA,6,142,-15.0,-7.92,-5.99,-1.99,10.07,77.0
"2025-03-13 00:00:00",WN,14,242,-8.0,-1.99,4.01,21.12,62.18,351.0
"2025-03-13 00:00:00",DL,17,185,-18.0,-5.99,-0.99,7.92,36.97,204.0
"2025-03-13 00:00:00",WN,23,9,-6.0,-1.99,0.99,12.06,36.97,74.0
"2025-03-13 00:00:00",AA,16,143,-12.0,-5.0,-0.99,17.99,52.99,268.0
"2025-03-13 00:00:00",DL,22,102,-11.0,-5.0,-2.97,4.01,19.11,177.0
"2025-03-13 00:00:00",WN,22,138,-13.0,-4.01,1.99,16.95,34.82,128.0
"2025-03-13 00:00:00",UA,17,140,-16.0,-5.0,-1.99,5.0,24.78,265.0
"2025-03-13 00:00:00",AA,14,144,-11.0,-5.0,-1.99,5.99,32.14,1154.0
"2025-03-13 00:00:00",UA,20,98,-23.0,-5.99,-1.99,23.81,67.36,222.0
"2025-03-13 00:00:00",WN,10,230,-14.0,-5.0,-0.99,7.03,32.79,257.0
"2025-03-14 00:00:00",WN,10,235,-10.0,-5.0,-0.99,4.01,15.96,212.0
"2025-03-14 00:00:00",DL,0,7,-14.0,-12.06,30.27,32.14,32.79,162.0
"2025-03-14 00:00:00",WN,7,238,-10.0,-5.0,-2.97,0.0,5.0,129.0
"2025-03-14 00:00:00",WN,5,194,-14.0,-5.0,-2.97,-0.99,1.99,207.0
"2025-03-14 00:00:00",UA,6,145,-15.0,-7.03,-5.0,-1.99,5.99,209.0
"2025-03-14 00:00:00",UA,7,201,-13.0,-7.03,-4.01,0.0,15.96,112.0
"2025-03-14 00:00:00",WN,6,308,-12.0,-5.0,-2.97,-0.99,5.99,248.0
"2025-03-14 00:00:00",WN,12,223,-10.0,-2.97,0.99,12.06,39.25,124.0
"2025-03-14 00:00:00",WN,14,244,-9.0,-0.99,7.03,23.81,48.91,195.0
"2025-03-14 00:00:00",AA,14,120,-10.0,-5.0,-1.99,15.03,51.94,262.0
"2025-03-14 00:00:00",AA,15,120,-15.0,-4.01,0.99,13.07,45.15,271.0
"2025-03-14 00:00:00",AA,16,122,-17.0,-4.01,-1.99,8.94,30.27,185.0
"2025-03-14 00:00:00",DL,17,187,-16.0,-5.99,0.0,13.07,34.13,473.0
"2025-03-14 00:00:00",UA,17,136,-13.0,-5.0,-0.99,7.03,32.79,344.0
"2025-03-14 00:00:00",DL,20,122,-10.0,-5.0,0.0,19.89,52.99,183.0
"2025-03-14 00:00:00",UA,20,97,-13.0,-5.0,0.99,30.27,71.53,115.0
"2025-03-14 00:00:00",DL,22,103,-12.0,-4.01,0.0,15.96,30.27,151.0
"2025-03-14 00:00:00",WN,22,134,-12.0,-1.99,7.92,29.08,67.36,121.0
"2025-03-14 00:00:00",WN,23,9,-3.0,-0.99,2.97,17.99,27.94,28.0
