"2025-04-26 00:00:00",WN,9,221,-11.0,-5.0,-0.99,5.0,16.95,528.0
"2025-04-26 00:00:00",UA,13,115,-16.0,-5.99,-2.97,7.92,34.82,384.0
"2025-04-26 00:00:00",AA,20,126,-18.0,-5.0,0.0,12.06,55.15,558.0
"2025-04-26 00:00:00",AA,21,84,-17.0,-5.0,-0.99,15.03,40.05,161.0
"2025-04-26 00:00:00",AA,6,186,-10.0,-7.03,-5.0,-1.99,5.0,1634.0
"2025-04-26 00:00:00",DL,23,28,-19.0,-7.92,-4.01,1.99,7.03,56.0
"2025-04-26 00:00:00",AA,9,123,-14.0,-5.0,-2.97,0.0,10.91,358.0
"2025-04-26 00:00:00",WN,17,221,-13.0,-5.0,0.0,15.96,45.15,211.0
"2025-04-26 00:00:00",DL,6,179,-20.0,-7.92,-5.0,-1.99,0.99,1052.0
"2025-04-26 00:00:00",UA,16,117,-19.0,-7.03,-2.97,7.92,77.49,382.0
"2025-04-26 00:00:00",WN,21,36,-11.0,-1.99,5.99,22.88,36.24,66.0
"2025-04-26 00:00:00",AA,19,128,-20.0,-7.03,-2.97,13.07,56.27,294.0
"2025-04-26 00:00:00",DL,21,85,-14.0,-5.99,-2.97,7.03,25.79,246.0
"2025-04-26 00:00:00",DL,13,144,-15.0,-7.03,-2.97,5.99,40.05,246.0
"2025-04-26 00:00:00",DL,15,183,-16.0,-7.03,-4.01,1.99,19.89,195.0
"2025-04-26 00:00:00",DL,16,123,-16.0,-5.99,-2.97,5.0,19.11,524.0
"2025-04-26 00:00:00",DL,11,197,-18.0,-5.99,-2.97,2.97,25.79,354.0
"2025-04-26 00:00:00",AA,1,1,-9.0,-9.0,-9.0,-9.0,-9.0,-9.0
"2025-04-26 00:00:00",AA,5,105,-14.0,-7.92,-5.0,-1.99,7.92,595.0
"2025-04-27 00:00:00",DL,6,179,-16.0,-7.92,-5.0,-0.99,4.01,591.0
"2025-04-27 00:00:00",UA,16,139,-19.0,-5.0,-1.99,2.97,16.95,254.0
"2025-04-27 00:00:00",DL,23,35,-10.0,-5.99,-1.99,10.91,34.82,61.0
"2025-04-27 00:00:00",AA,19,160,-11.0,-4.01,0.0,21.12,70.11,161.0
"2025-04-27 00:00:00",DL,11,214,-16.0,-7.03,-5.0,0.0,7.92,114.0
"2025-04-27 00:00:00",DL,16,144,-15.0,-5.0,-1.99,5.0,19.11,315.0
"2025-04-27 00:00:00",DL,21,102,-11.0,-5.0,-0.99,13.87,40.86,147.0
"2025-04-27 00:00:00",UA,13,127,-14.0,-5.99,-4.01,0.99,13.87,304.0
"2025-04-27 00:00:00",WN,21,181,-10.0,-2.97,7.03,21.98,47.95,134.0
"2025-04-27 00:00:00",WN,17,231,-8.0,0.0,7.92,23.81,40.86,149.0
"2025-04-27 00:00:00",AA,1,1,-3.0,-3.0,-3.0,-3.0,-3.0,-3.0
"2025-04-27 00:00:00",DL,13,156,-13.0,-5.99,-2.97,1.99,13.87,172.0
"2025-04-27 00:00:00",AA,21,88,-15.0,-5.0,0.0,21.12,49.9,158.0
"2025-04-27 00:00:00",AA,5,111,-15.0,-7.92,-5.99,-4.01,0.99,176.0
"2025-04-27 00:00:00",DL,15,195,-18.0,-5.0,-1.99,5.0,26.84,135.0
"2025-04-27 00:00:00",AA,9,135,-12.0,-5.99,-2.97,0.0,8.94,143.0
"2025-04-27 00:00:00",AA,6,188,-13.0,-7.03,-5.0,-1.99,2.97,849.0
"2025-04-27 00:00:00",WN,9,207,-11.0,-4.01,-1.99,1.99,12.06,85.0
"2025-04-27 00:00:00",AA,20,136,-10.0,-4.01,0.0,16.95,45.15,190.0
"2025-04-28 00:00:00",AA,6,196,-18.0,-7.03,-5.0,-1.99,4.01,89.0
"2025-04-28 00:00:00",WN,17,241,-12.0,-2.97,4.01,17.99,37.72,135.0
"2025-04-28 00:00:00",DL,6,190,-14.0,-7.03,-5.0,-0.99,5.0,287.0
"2025-04-28 00:00:00",AA,19,160,-17.0,-5.99,-0.99,12.06,50.91,402.0
"2025-04-28 00:00:00",WN,9,235,-8.0,-4.01,-0.99,4.01,12.06,84.0
"2025-04-28 00:00:00",DL,13,154,-15.0,-5.99,-2.97,5.0,23.81,1069.0
"2025-04-28 00:00:00",AA,1,1,-5.0,-5.0,-5.0,-5.0,-5.0,-5.0
"2025-04-28 00:00:00",DL,23,33,-15.0,-7.03,-4.01,1.99,10.07,91.0
"2025-04-28 00:00:00",AA,20,134,-15.0,-4.01,0.0,8.94,41.68,288.0
"2025-04-28 00:00:00",AA,21,87,-14.0,-5.0,0.99,19.89,66.03,154.0
"2025-04-28 00:00:00",AA,5,111,-13.0,-7.92,-5.0,-1.99,16.95,453.0
"2025-04-28 00:00:00",DL,11,213,-18.0,-7.03,-4.01,-0.99,15.03,370.0
"2025-04-28 00:00:00",UA,13,123,-14.0,-5.99,-2.97,0.0,13.87,402.0
"2025-04-28 00:00:00",DL,21,103,-13.0,-5.0,-1.99,15.96,37.72,537.0
"2025-04-28 00:00:00",DL,16,141,-15.0,-5.0,-1.99,5.99,24.78,539.0
"2025-04-28 00:00:00",AA,9,134,-11.0,-4.01,-1.99,5.0,21.12,353.0
"2025-04-28 00:00:00",UA,16,136,-13.0,-5.99,-1.99,23.81,117.93,511.0
"2025-04-28 00:00:00",WN,21,189,-13.0,-5.0,0.0,17.99,34.13,124.0
"2025-04-28 00:00:00",DL,15,191,-19.0,-5.99,-2.97,4.01,23.81,531.0
"2025-04-29 00:00:00",AA,6,189,-14.0,-8.94,-7.03,-4.01,-0.99,150.0
"2025-04-29 00:00:00",UA,16,139,-20.0,-7.03,-2.97,7.03,37.72,158.0
"2025-04-29 00:00:00",AA,9,140,-15.0,-7.03,-5.0,-0.99,13.87,88.0
"2025-04-29 00:00:00",WN,21,95,-13.0,-5.99,-1.99,2.97,22.88,67.0
"2025-04-29 00:00:00",AA,19,152,-18.0,-7.03,-2.97,2.97,30.27,694.0
"2025-04-29 00:00:00",WN,17,247,-14.0,-5.0,-0.99,13.07,41.68,164.0
"2025-04-29 00:00:00",AA,5,104,-20.0,-10.07,-7.03,-5.0,-0.99,31.0
"2025-04-29 00:00:00",DL,15,182,-15.0,-7.03,-4.01,0.99,19.89,244.0
"2025-04-29 00:00:00",DL,16,127,-15.0,-7.03,-4.01,0.99,22.88,64.0
"2025-04-29 00:00:00",UA,13,123,-13.0,-7.03,-4.01,0.0,7.92,282.0
"2025-04-29 00:00:00",WN,9,194,-10.0,-5.0,-1.99,0.0,5.99,67.0
"2025-04-29 00:00:00",AA,1,1,-6.0,-6.0,-6.0,-6.0,-6.0,-6.0
"2025-04-29 00:00:00",DL,23,29,-15.0,-7.03,-5.0,-2.97,0.0,28.0
"2025-04-29 00:00:00",DL,6,191,-18.0,-8.94,-7.03,-4.01,0.99,630.0
"2025-04-29 00:00:00",AA,20,130,-28.0,-5.99,-2.97,5.0,17.99,112.0
"2025-04-29 00:00:00",DL,13,147,-24.0,-7.92,-5.0,0.0,10.07,307.0
"2025-04-29 00:00:00",DL,11,211,-18.0,-8.94,-5.0,-0.99,8.94,655.0
"2025-04-29 00:00:00",AA,21,81,-12.0,-5.0,-1.99,4.01,30.27,104.0
"2025-04-29 00:00:00",DL,21,81,-16.0,-7.92,-5.0,-1.99,5.0,167.0
"2025-04-30 00:00:00",UA,13,124,-11.0,-5.99,-2.97,7.03,32.14,488.0
"2025-04-30 00:00:00",AA,20,115,-11.0,-2.97,5.0,21.98,80.65,264.0
"2025-04-30 00:00:00",DL,15,183,-19.0,-5.99,-1.99,5.99,21.12,257.0
"2025-04-30 00:00:00",AA,1,1,0.0,0.0,0.0,0.0,0.0,0.0
"2025-04-30 00:00:00",AA,21,77,-14.0,-4.01,0.0,24.78,100.49,515.0
"2025-04-30 00:00:00",DL,13,152,-17.0,-7.03,-4.01,0.99,21.98,375.0
"2025-04-30 00:00:00",WN,21,86,-10.0,0.0,16.95,40.86,92.77,270.0
"2025-04-30 00:00:00",WN,17,239,-13.0,-0.99,7.03,30.27,111.06,305.0
"2025-04-30 00:00:00",DL,16,129,-15.0,-5.99,-2.97,5.0,27.94,288.0
"2025-04-30 00:00:00",AA,5,102,-16.0,-8.94,-7.03,-4.01,4.01,95.0
"2025-04-30 00:00:00",DL,11,210,-17.0,-7.03,-5.0,0.0,12.06,584.0
"2025-04-30 00:00:00",DL,6,189,-16.0,-8.94,-5.99,-2.97,0.0,295.0
"2025-04-30 00:00:00",DL,23,27,-9.0,-5.99,-1.99,5.99,22.88,124.0
"2025-04-30 00:00:00",UA,16,139,-14.0,-5.99,-0.99,10.91,71.53,1055.0
"2025-04-30 00:00:00",DL,21,82,-11.0,-5.99,-2.97,5.99,39.25,200.0
"2025-04-30 00:00:00",AA,6,180,-17.0,-7.92,-5.99,-4.01,0.99,168.0
"2025-04-30 00:00:00",AA,19,133,-14.0,-4.01,5.99,63.44,135.65,686.0
"2025-04-30 00:00:00",AA,9,111,-11.0,-5.0,-1.99,7.03,47.95,583.0
"2025-04-30 00:00:00",WN,9,188,-10.0,-4.01,-1.99,1.99,10.07,216.0
