"2025-01-03 00:00:00",WN,6,297,-11.0,-5.0,-2.97,0.0,7.92,450.0
"2025-01-03 00:00:00",UA,7,179,-13.0,-5.99,-2.97,8.94,111.06,417.0
"2025-01-03 00:00:00",UA,6,136,-12.0,-5.99,-2.97,0.0,13.87,480.0
"2025-01-03 00:00:00",WN,7,200,-12.0,-4.01,-0.99,5.0,45.15,380.0
"2025-01-03 00:00:00",UA,20,116,-13.0,-0.99,7.92,26.84,71.53,216.0
"2025-01-03 00:00:00",DL,20,77,-15.0,-5.0,0.99,19.11,70.11,201.0
"2025-01-03 00:00:00",WN,12,236,-11.0,-0.99,7.92,23.81,60.95,264.0
"2025-01-03 00:00:00",DL,22,107,-10.0,-5.0,-0.99,12.06,25.79,63.0
"2025-01-03 00:00:00",WN,22,132,-14.0,0.0,16.95,32.14,52.99,171.0
"2025-01-03 00:00:00",WN,10,229,-10.0,-2.97,0.0,13.07,49.9,230.0
"2025-01-03 00:00:00",AA,14,133,-15.0,-4.01,-0.99,17.99,74.45,1168.0
"2025-01-03 00:00:00",WN,14,234,-11.0,0.0,10.07,32.14,57.4,333.0
"2025-01-03 00:00:00",WN,5,183,-11.0,-5.0,-1.99,0.0,2.97,426.0
"2025-01-03 00:00:00",DL,0,2,-13.0,-13.0,-13.0,-13.0,-13.0,23.0
"2025-01-03 00:00:00",AA,15,126,-11.0,-4.01,-0.99,23.81,62.18,266.0
"2025-01-03 00:00:00",AA,16,147,-10.0,-4.01,0.0,19.11,52.99,466.0
"2025-01-03 00:00:00",DL,3,1,-4.0,-4.0,-4.0,-4.0,-4.0,-4.0
"2025-01-03 00:00:00",DL,17,153,-16.0,-5.99,-0.99,7.92,26.84,248.0
"2025-01-03 00:00:00",UA,17,130,-11.0,-4.01,5.0,24.78,71.53,239.0
"2025-01-04 00:00:00",DL,0,2,-5.0,-5.0,-5.0,-5.0,-5.0,2.0
"2025-01-04 00:00:00",WN,12,207,-11.0,-0.99,5.0,16.95,32.79,209.0
"2025-01-04 00:00:00",AA,16,134,-20.0,-2.97,2.97,27.94,77.49,275.0
"2025-01-04 00:00:00",UA,20,111,-12.0,0.0,10.91,40.05,82.28,208.0
"2025-01-04 00:00:00",DL,22,107,-9.0,-2.97,2.97,17.99,47.0,606.0
"2025-01-04 00:00:00",WN,22,119,-10.0,12.06,29.08,46.07,68.72,166.0
"2025-01-04 00:00:00",DL,17,142,-20.0,-2.97,12.06,37.72,90.93,264.0
"2025-01-04 00:00:00",DL,20,85,-15.0,-0.99,5.0,29.08,40.05,157.0
"2025-01-04 00:00:00",UA,17,119,-11.0,-0.99,15.96,36.24,71.53,205.0
"2025-01-04 00:00:00",AA,14,121,-21.0,-4.01,1.99,34.13,106.71,1164.0
"2025-01-04 00:00:00",AA,15,119,-12.0,-4.01,-0.99,13.87,48.91,291.0
"2025-01-04 00:00:00",WN,14,224,-8.0,2.97,10.91,32.14,54.06,241.0
"2025-01-04 00:00:00",WN,5,250,-13.0,-5.0,-1.99,0.0,5.99,60.0
"2025-01-04 00:00:00",UA,7,173,-11.0,-5.0,-1.99,5.0,27.94,330.0
"2025-01-04 00:00:00",WN,10,177,-13.0,-1.99,2.97,15.96,32.14,562.0
"2025-01-04 00:00:00",WN,7,240,-11.0,-2.97,-0.99,7.03,19.89,72.0
"2025-01-04 00:00:00",UA,6,129,-15.0,-4.01,-0.99,2.97,15.96,166.0
"2025-01-04 00:00:00",DL,3,1,-7.0,-7.0,-7.0,-7.0,-7.0,-7.0
"2025-01-04 00:00:00",WN,6,287,-11.0,-5.0,-1.99,0.0,5.0,325.0
"2025-01-05 00:00:00",UA,17,123,-12.0,-1.99,10.91,40.05,132.97,945.0
"2025-01-05 00:00:00",WN,6,269,-9.0,-5.0,-1.99,2.97,12.06,167.0
"2025-01-05 00:00:00",WN,12,231,-10.0,0.0,5.99,21.12,36.97,244.0
"2025-01-05 00:00:00",AA,16,133,-10.0,-4.01,5.0,43.38,127.75,394.0
"2025-01-05 00:00:00",DL,20,78,-12.0,-1.99,7.92,30.27,58.56,762.0
"2025-01-05 00:00:00",UA,20,103,-14.0,-2.97,10.07,46.07,127.75,312.0
"2025-01-05 00:00:00",AA,14,125,-18.0,-0.99,17.99,67.36,190.59,1139.0
"2025-01-05 00:00:00",WN,22,108,-8.0,13.07,32.14,60.95,82.28,187.0
"2025-01-05 00:00:00",DL,22,99,-11.0,-2.97,4.01,22.88,47.0,519.0
"2025-01-05 00:00:00",UA,7,169,-12.0,-5.0,-1.99,1.99,15.03,743.0
"2025-01-05 00:00:00",WN,10,212,-9.0,-1.99,1.99,13.87,26.84,226.0
"2025-01-05 00:00:00",WN,7,194,-12.0,-2.97,-0.99,2.97,15.03,160.0
"2025-01-05 00:00:00",DL,17,138,-13.0,-2.97,2.97,27.94,75.95,362.0
"2025-01-05 00:00:00",DL,3,1,-1.0,-1.0,-1.0,-1.0,-1.0,-1.0
"2025-01-05 00:00:00",UA,6,128,-17.0,-5.0,-1.99,1.99,12.06,261.0
"2025-01-05 00:00:00",WN,5,197,-11.0,-5.0,-1.99,1.99,15.96,244.0
"2025-01-05 00:00:00",AA,15,109,-9.0,0.99,40.05,96.55,214.89,1068.0
"2025-01-05 00:00:00",DL,0,3,-14.0,-13.87,-5.0,-5.0,-5.0,-4.0
"2025-01-05 00:00:00",WN,14,203,-12.0,1.99,13.87,25.79,55.15,221.0
