"2025-03-14 00:00:00",UA,5,42,-12.0,-7.03,-4.01,-0.99,0.99,61.0
"2025-03-14 00:00:00",AA,7,217,-13.0,-5.99,-4.01,0.0,10.07,127.0
"2025-03-14 00:00:00",AA,8,182,-12.0,-5.0,-2.97,0.0,15.03,887.0
"2025-03-14 00:00:00",WN,8,266,-12.0,-4.01,-1.99,0.99,10.07,208.0
"2025-03-14 00:00:00",UA,15,89,-12.0,-4.01,1.99,19.89,49.9,118.0
"2025-03-14 00:00:00",UA,9,133,-13.0,-5.99,-2.97,1.99,34.13,399.0
"2025-03-14 00:00:00",AA,11,142,-9.0,-4.01,-0.99,4.01,36.97,566.0
"2025-03-14 00:00:00",UA,11,126,-20.0,-5.0,-0.99,10.91,41.68,234.0
"2025-03-14 00:00:00",AA,13,127,-9.0,-5.0,-1.99,2.97,25.79,213.0
"2025-03-14 00:00:00",WN,13,244,-13.0,-1.99,2.97,16.95,43.38,179.0
"2025-03-14 00:00:00",DL,14,153,-14.0,-5.0,-1.99,8.94,32.79,427.0
"2025-03-14 00:00:00",UA,14,129,-13.0,-5.0,0.0,13.07,36.24,438.0
"2025-03-14 00:00:00",WN,15,212,-10.0,-0.99,7.92,24.78,40.86,216.0
"2025-03-14 00:00:00",UA,22,33,-9.0,-5.0,-2.97,1.99,10.91,105.0
"2025-03-14 00:00:00",DL,1,2,-5.0,-5.0,-5.0,-5.0,-5.0,0.0
"2025-03-14 00:00:00",UA,1,1,-2.0,-2.0,-2.0,-2.0,-2.0,-2.0
"2025-03-14 00:00:00",DL,5,68,-15.0,-8.94,-5.0,-0.99,1.99,75.0
"2025-03-14 00:00:00",AA,17,135,-11.0,-5.0,-0.99,21.12,75.95,871.0
"2025-03-14 00:00:00",AA,18,153,-12.0,-5.0,0.0,19.89,45.15,780.0
"2025-03-14 00:00:00",UA,19,137,-20.0,-5.0,0.0,12.06,34.13,192.0
"2025-03-14 00:00:00",WN,20,274,-13.0,-0.99,8.94,27.94,57.4,220.0
"2025-03-14 00:00:00",AA,23,29,-14.0,-4.01,-0.99,5.99,30.88,69.0
