"2025-03-27 00:00:00",DL,11,208,-22.0,-5.99,-2.97,1.99,16.95,193.0
"2025-03-27 00:00:00",AA,9,131,-14.0,-5.99,-2.97,0.0,12.06,1316.0
"2025-03-27 00:00:00",WN,9,237,-13.0,-5.0,-1.99,0.99,5.99,167.0
"2025-03-27 00:00:00",DL,6,189,-19.0,-7.92,-5.0,-1.99,1.99,228.0
"2025-03-27 00:00:00",AA,5,110,-14.0,-7.92,-5.99,-2.97,0.0,228.0
"2025-03-27 00:00:00",AA,6,189,-13.0,-7.92,-5.99,-2.97,0.0,108.0
"2025-03-27 00:00:00",DL,13,158,-15.0,-7.03,-4.01,0.99,15.96,539.0
"2025-03-27 00:00:00",UA,13,139,-19.0,-5.99,-4.01,0.0,21.12,162.0
"2025-03-27 00:00:00",DL,15,181,-18.0,-5.99,-2.97,4.01,32.79,207.0
"2025-03-27 00:00:00",DL,16,139,-19.0,-5.99,-2.97,5.99,23.81,263.0
"2025-03-27 00:00:00",UA,16,140,-15.0,-5.99,-2.97,0.99,13.87,151.0
"2025-03-27 00:00:00",WN,17,243,-11.0,-2.97,1.99,12.06,29.08,238.0
"2025-03-27 00:00:00",AA,19,160,-14.0,-5.0,0.0,17.99,47.0,186.0
"2025-03-27 00:00:00",AA,20,129,-20.0,-5.0,-0.99,12.06,24.78,190.0
"2025-03-27 00:00:00",AA,21,88,-13.0,-4.01,-0.99,15.03,36.24,109.0
"2025-03-27 00:00:00",DL,21,102,-16.0,-5.99,-4.01,-0.99,8.94,178.0
"2025-03-27 00:00:00",WN,21,164,-17.0,-5.0,0.99,12.06,21.12,106.0
"2025-03-27 00:00:00",DL,23,39,-16.0,-7.92,-5.0,-1.99,7.03,46.0
"2025-03-28 00:00:00",AA,6,189,-12.0,-5.99,-4.01,-0.99,10.91,371.0
"2025-03-28 00:00:00",DL,6,189,-20.0,-7.92,-5.0,-0.99,1.99,520.0
"2025-03-28 00:00:00",WN,9,234,-10.0,-4.01,-1.99,2.97,16.95,276.0
"2025-03-28 00:00:00",AA,9,132,-21.0,-5.99,-2.97,0.0,10.07,163.0
"2025-03-28 00:00:00",DL,11,208,-17.0,-7.03,-4.01,0.99,22.88,483.0
"2025-03-28 00:00:00",DL,13,159,-18.0,-7.92,-4.01,1.99,19.11,64.0
"2025-03-28 00:00:00",DL,16,138,-15.0,-7.03,-2.97,5.99,23.81,370.0
"2025-03-28 00:00:00",WN,17,243,-9.0,-1.99,4.01,16.95,72.97,211.0
"2025-03-28 00:00:00",AA,20,130,-15.0,-5.0,-0.99,7.03,29.08,81.0
"2025-03-28 00:00:00",WN,21,166,-15.0,-5.99,-1.99,7.92,36.97,191.0
"2025-03-28 00:00:00",UA,13,139,-15.0,-5.99,-2.97,0.99,15.03,307.0
"2025-03-28 00:00:00",AA,19,163,-17.0,-5.99,-1.99,8.94,41.68,810.0
"2025-03-28 00:00:00",UA,16,144,-16.0,-5.0,-0.99,7.92,25.79,203.0
"2025-03-28 00:00:00",DL,15,178,-20.0,-5.99,-1.99,7.92,32.14,389.0
"2025-03-28 00:00:00",DL,23,40,-10.0,-5.99,-4.01,-0.99,15.96,84.0
"2025-03-28 00:00:00",DL,21,101,-12.0,-5.0,-2.97,0.99,21.12,867.0
"2025-03-28 00:00:00",AA,21,89,-13.0,-4.01,-1.99,13.87,37.72,145.0
"2025-03-28 00:00:00",AA,5,111,-14.0,-7.92,-5.0,-2.97,2.97,504.0
"2025-03-29 00:00:00",DL,13,132,-20.0,-7.92,-4.01,0.0,41.68,388.0
"2025-03-29 00:00:00",DL,21,85,-19.0,-5.99,-2.97,5.0,21.98,107.0
"2025-03-29 00:00:00",WN,17,219,-12.0,-5.0,0.0,13.87,49.9,226.0
"2025-03-29 00:00:00",WN,21,168,-22.0,-5.0,1.99,24.78,45.15,198.0
"2025-03-29 00:00:00",DL,23,25,-11.0,-5.99,-4.01,8.94,13.87,38.0
"2025-03-29 00:00:00",AA,20,125,-15.0,-4.01,0.0,23.81,48.91,835.0
"2025-03-29 00:00:00",UA,13,126,-13.0,-7.03,-4.01,0.0,10.07,230.0
"2025-03-29 00:00:00",AA,21,92,-20.0,-5.0,-1.99,10.91,46.07,1112.0
"2025-03-29 00:00:00",AA,19,154,-20.0,-5.0,2.97,32.14,74.45,256.0
"2025-03-29 00:00:00",DL,15,165,-17.0,-7.03,-4.01,2.97,25.79,167.0
"2025-03-29 00:00:00",AA,6,182,-17.0,-7.92,-5.0,-2.97,0.0,177.0
"2025-03-29 00:00:00",WN,9,197,-13.0,-5.0,-1.99,0.0,10.07,171.0
"2025-03-29 00:00:00",DL,11,195,-15.0,-7.03,-5.0,0.0,21.98,174.0
"2025-03-29 00:00:00",DL,16,108,-20.0,-7.92,-4.01,-0.99,7.92,284.0
"2025-03-29 00:00:00",DL,6,180,-16.0,-8.94,-5.99,-1.99,4.01,450.0
"2025-03-29 00:00:00",AA,9,118,-16.0,-5.99,-4.01,-0.99,12.06,131.0
"2025-03-29 00:00:00",AA,5,109,-19.0,-7.92,-5.0,-2.97,1.99,116.0
"2025-03-29 00:00:00",UA,16,126,-15.0,-5.99,-1.99,10.91,62.18,374.0
"2025-03-30 00:00:00",AA,9,131,-17.0,-5.99,-1.99,5.99,45.15,189.0
"2025-03-30 00:00:00",DL,11,208,-15.0,-5.99,-2.97,7.92,40.05,344.0
"2025-03-30 00:00:00",DL,16,136,-20.0,-4.01,0.0,32.14,130.34,316.0
"2025-03-30 00:00:00",AA,20,110,-6.0,2.97,17.99,49.9,152.95,748.0
"2025-03-30 00:00:00",DL,23,41,-7.0,-2.97,5.0,30.27,102.52,727.0
"2025-03-30 00:00:00",WN,9,202,-13.0,-4.01,0.0,7.92,26.84,134.0
"2025-03-30 00:00:00",DL,13,151,-14.0,-7.03,-1.99,10.07,36.24,590.0
"2025-03-30 00:00:00",AA,6,184,-13.0,-7.92,-5.0,-1.99,1.99,756.0
"2025-03-30 00:00:00",AA,19,139,-14.0,1.99,44.26,98.5,183.12,974.0
"2025-03-30 00:00:00",UA,13,124,-14.0,-4.01,4.01,30.88,80.65,225.0
"2025-03-30 00:00:00",UA,16,135,-8.0,-1.99,25.79,96.55,156.04,456.0
"2025-03-30 00:00:00",DL,15,180,-13.0,-2.97,7.92,40.05,82.28,425.0
"2025-03-30 00:00:00",AA,5,108,-15.0,-8.94,-5.99,-2.97,1.99,210.0
"2025-03-30 00:00:00",AA,21,73,-11.0,4.01,32.14,82.28,169.04,920.0
"2025-03-30 00:00:00",WN,21,182,-8.0,7.03,34.82,92.77,169.04,410.0
"2025-03-30 00:00:00",DL,21,99,-10.0,-0.99,15.96,48.91,96.55,661.0
"2025-03-30 00:00:00",WN,17,241,-9.0,5.0,24.78,77.49,138.4,414.0
"2025-03-30 00:00:00",DL,6,180,-19.0,-7.92,-5.0,-0.99,5.0,127.0
