"2025-01-11 00:00:00",WN,18,151,-14.0,-5.99,-1.99,4.01,16.95,237.0
"2025-01-11 00:00:00",AA,22,58,-17.0,-5.0,-0.99,7.92,23.81,165.0
"2025-01-11 00:00:00",AA,12,110,-14.0,-1.99,7.92,32.14,77.49,239.0
"2025-01-11 00:00:00",UA,12,112,-16.0,-5.0,-0.99,10.91,30.27,241.0
"2025-01-11 00:00:00",UA,21,23,-9.0,-5.99,-2.97,0.99,22.88,45.0
"2025-01-11 00:00:00",DL,8,109,-13.0,-0.99,17.99,94.64,141.19,803.0
"2025-01-11 00:00:00",WN,11,226,-10.0,-4.01,-0.99,8.94,24.78,238.0
"2025-01-11 00:00:00",UA,10,113,-15.0,-5.0,-0.99,8.94,30.88,178.0
"2025-01-11 00:00:00",AA,10,112,-10.0,-2.97,10.91,46.07,90.93,330.0
"2025-01-11 00:00:00",UA,23,26,-9.0,-4.01,-1.99,4.01,10.91,17.0
"2025-01-11 00:00:00",DL,19,74,-15.0,10.91,58.56,111.06,152.95,953.0
"2025-01-11 00:00:00",DL,10,91,-13.0,0.0,34.13,100.49,179.49,338.0
"2025-01-11 00:00:00",UA,8,161,-17.0,-5.99,-2.97,2.97,21.12,194.0
"2025-01-11 00:00:00",DL,9,92,-10.0,-1.99,8.94,72.97,162.41,693.0
"2025-01-11 00:00:00",WN,19,79,-14.0,-4.01,2.97,13.07,30.88,86.0
"2025-01-11 00:00:00",DL,18,105,-15.0,0.99,36.24,94.64,141.19,952.0
"2025-01-11 00:00:00",DL,12,120,-11.0,7.03,39.25,113.31,202.38,629.0
"2025-01-11 00:00:00",UA,18,107,-24.0,-5.0,0.0,7.03,43.38,210.0
"2025-01-11 00:00:00",UA,0,3,-10.0,-10.0,-7.92,-7.92,-7.92,11.0
"2025-01-11 00:00:00",DL,7,156,-15.0,-4.01,0.99,39.25,172.45,449.0
"2025-01-11 00:00:00",AA,0,5,-4.0,-2.97,-0.99,0.99,0.99,3.0
"2025-01-11 00:00:00",WN,16,208,-14.0,-5.0,-1.99,7.03,24.78,182.0
"2025-01-12 00:00:00",AA,22,88,-13.0,-5.99,-1.99,7.03,41.68,126.0
"2025-01-12 00:00:00",UA,23,34,-15.0,-7.03,-1.99,0.0,12.06,75.0
"2025-01-12 00:00:00",AA,0,6,-11.0,-10.07,-7.92,-5.99,-5.99,0.0
"2025-01-12 00:00:00",AA,12,132,-10.0,-4.01,0.0,15.96,52.99,608.0
"2025-01-12 00:00:00",UA,0,3,-10.0,-10.0,-2.0,-2.0,-2.0,-2.0
"2025-01-12 00:00:00",DL,7,219,-16.0,-5.0,-0.99,13.87,67.36,531.0
"2025-01-12 00:00:00",AA,10,136,-12.0,-5.0,-1.99,8.94,36.97,542.0
"2025-01-12 00:00:00",UA,10,119,-15.0,-5.0,-0.99,5.0,34.13,691.0
"2025-01-12 00:00:00",DL,10,141,-14.0,-0.99,8.94,45.15,92.77,456.0
"2025-01-12 00:00:00",DL,8,164,-14.0,-2.97,0.99,15.03,56.27,396.0
"2025-01-12 00:00:00",DL,9,118,-16.0,-2.97,7.03,41.68,82.28,334.0
"2025-01-12 00:00:00",UA,8,177,-12.0,-5.99,-2.97,0.0,10.07,378.0
"2025-01-12 00:00:00",WN,11,222,-12.0,-4.01,-0.99,2.97,16.95,118.0
"2025-01-12 00:00:00",DL,12,148,-12.0,0.99,21.98,80.65,111.06,319.0
"2025-01-12 00:00:00",DL,19,120,-15.0,-2.97,7.92,40.05,71.53,630.0
"2025-01-12 00:00:00",UA,21,34,-11.0,-7.03,-5.0,1.99,19.11,218.0
"2025-01-12 00:00:00",WN,18,222,-14.0,-4.01,0.0,13.87,34.82,114.0
"2025-01-12 00:00:00",WN,19,269,-15.0,-5.99,-1.99,5.0,19.11,83.0
"2025-01-12 00:00:00",UA,18,141,-17.0,-5.0,-0.99,12.06,27.94,156.0
"2025-01-12 00:00:00",UA,12,129,-15.0,-5.0,-1.99,4.01,25.79,281.0
"2025-01-12 00:00:00",WN,16,224,-13.0,-4.01,1.99,13.87,41.68,150.0
"2025-01-12 00:00:00",DL,18,139,-17.0,-1.99,10.91,39.25,100.49,343.0
"2025-01-13 00:00:00",UA,18,140,-15.0,-5.99,-1.99,4.01,34.82,151.0
"2025-01-13 00:00:00",AA,22,57,-15.0,-7.92,-5.99,-1.99,34.13,404.0
"2025-01-13 00:00:00",UA,23,28,-20.0,-10.07,-7.92,-5.99,10.07,594.0
"2025-01-13 00:00:00",UA,8,180,-13.0,-7.03,-5.0,-1.99,2.97,110.0
"2025-01-13 00:00:00",DL,9,125,-17.0,-5.99,-1.99,5.0,23.81,129.0
"2025-01-13 00:00:00",AA,10,137,-11.0,-5.0,-2.97,2.97,13.07,217.0
"2025-01-13 00:00:00",DL,10,147,-19.0,-5.0,-1.99,8.94,40.86,643.0
"2025-01-13 00:00:00",UA,0,3,-11.0,-10.91,-7.03,-7.03,-7.03,-1.0
"2025-01-13 00:00:00",AA,0,8,-7.0,-7.0,-2.97,-1.99,-1.99,0.0
"2025-01-13 00:00:00",DL,8,160,-14.0,-5.99,-2.97,1.99,23.81,115.0
"2025-01-13 00:00:00",DL,7,228,-23.0,-5.99,-4.01,0.0,12.06,119.0
"2025-01-13 00:00:00",UA,10,119,-17.0,-7.03,-5.0,-1.99,5.0,148.0
"2025-01-13 00:00:00",WN,11,265,-12.0,-5.99,-2.97,0.99,7.92,292.0
"2025-01-13 00:00:00",UA,12,134,-14.0,-5.99,-2.97,0.0,13.07,191.0
"2025-01-13 00:00:00",DL,12,154,-17.0,-5.99,-2.97,5.0,25.79,110.0
"2025-01-13 00:00:00",WN,19,120,-15.0,-7.92,-5.99,-2.97,1.99,37.0
"2025-01-13 00:00:00",AA,12,136,-15.0,-5.99,-2.97,2.97,30.27,381.0
"2025-01-13 00:00:00",WN,16,209,-15.0,-7.03,-4.01,0.0,5.0,64.0
"2025-01-13 00:00:00",DL,18,146,-23.0,-7.92,-4.01,0.99,22.88,853.0
"2025-01-13 00:00:00",DL,19,129,-22.0,-7.92,-4.01,0.99,13.07,122.0
"2025-01-13 00:00:00",WN,18,264,-15.0,-7.92,-5.0,-0.99,5.99,203.0
"2025-01-13 00:00:00",UA,21,30,-14.0,-8.94,-4.01,-0.99,15.96,69.0
"2025-01-14 00:00:00",AA,22,56,-16.0,-10.91,-7.03,-4.01,0.0,31.0
"2025-01-14 00:00:00",UA,23,24,-16.0,-8.94,-5.99,-4.01,-2.97,1.0
"2025-01-14 00:00:00",WN,19,120,-14.0,-7.92,-5.99,-2.97,2.97,107.0
"2025-01-14 00:00:00",UA,0,3,-11.0,-10.91,-10.07,-10.07,-10.07,-9.0
"2025-01-14 00:00:00",UA,21,23,-18.0,-12.06,-8.94,-2.97,8.94,51.0
"2025-01-14 00:00:00",DL,10,129,-15.0,-7.92,-4.01,0.99,13.07,501.0
"2025-01-14 00:00:00",WN,18,264,-16.0,-7.03,-4.01,0.0,13.07,81.0
"2025-01-14 00:00:00",DL,19,92,-30.0,-7.92,-2.97,1.99,15.03,97.0
"2025-01-14 00:00:00",WN,16,209,-15.0,-7.03,-5.0,-0.99,7.03,275.0
"2025-01-14 00:00:00",DL,18,125,-16.0,-7.92,-5.0,-0.99,15.03,161.0
"2025-01-14 00:00:00",UA,18,118,-22.0,-7.92,-5.0,-0.99,8.94,106.0
"2025-01-14 00:00:00",UA,10,111,-16.0,-7.92,-5.0,-0.99,5.99,282.0
"2025-01-14 00:00:00",UA,12,131,-17.0,-7.92,-5.99,-1.99,5.0,98.0
"2025-01-14 00:00:00",AA,12,129,-15.0,-7.03,-2.97,2.97,13.87,257.0
"2025-01-14 00:00:00",WN,11,265,-13.0,-5.99,-4.01,-0.99,5.0,84.0
"2025-01-14 00:00:00",DL,12,146,-21.0,-7.03,-2.97,0.99,10.91,71.0
"2025-01-14 00:00:00",AA,10,129,-13.0,-7.03,-4.01,0.99,15.96,489.0
"2025-01-14 00:00:00",DL,7,216,-18.0,-7.92,-5.0,-1.99,7.92,219.0
"2025-01-14 00:00:00",DL,9,120,-13.0,-7.03,-4.01,0.0,12.06,76.0
"2025-01-14 00:00:00",DL,8,160,-15.0,-7.03,-4.01,0.0,8.94,271.0
"2025-01-14 00:00:00",UA,8,174,-18.0,-8.94,-5.99,-2.97,0.0,444.0
"2025-01-14 00:00:00",AA,0,5,-11.0,-10.07,-5.0,-4.01,-4.01,-3.0
"2025-01-15 00:00:00",UA,21,27,-13.0,-10.07,-7.03,-4.01,13.07,69.0
"2025-01-15 00:00:00",AA,22,57,-15.0,-10.07,-5.99,-1.99,0.0,38.0
"2025-01-15 00:00:00",UA,23,27,-13.0,-8.94,-4.01,-1.99,5.0,48.0
"2025-01-15 00:00:00",DL,8,162,-15.0,-7.03,-5.0,-1.99,2.97,85.0
"2025-01-15 00:00:00",AA,10,130,-12.0,-7.03,-5.0,-1.99,2.97,94.0
"2025-01-15 00:00:00",AA,12,131,-15.0,-7.03,-4.01,0.0,5.0,105.0
"2025-01-15 00:00:00",UA,12,130,-17.0,-7.92,-5.0,-0.99,8.94,135.0
"2025-01-15 00:00:00",DL,12,148,-20.0,-8.94,-5.0,0.0,10.07,86.0
"2025-01-15 00:00:00",DL,10,132,-21.0,-7.92,-5.0,-0.99,8.94,103.0
"2025-01-15 00:00:00",WN,11,265,-13.0,-5.99,-2.97,0.0,7.03,246.0
"2025-01-15 00:00:00",UA,10,112,-21.0,-7.92,-5.0,-2.97,2.97,57.0
"2025-01-15 00:00:00",UA,8,176,-15.0,-7.03,-4.01,-0.99,7.03,154.0
"2025-01-15 00:00:00",UA,0,3,-9.0,-8.94,-8.94,-8.94,-8.94,-3.0
"2025-01-15 00:00:00",WN,16,208,-14.0,-5.99,-1.99,0.99,10.07,168.0
"2025-01-15 00:00:00",DL,7,213,-18.0,-7.92,-4.01,-0.99,7.03,256.0
"2025-01-15 00:00:00",DL,9,118,-15.0,-7.03,-5.0,-0.99,5.0,53.0
"2025-01-15 00:00:00",AA,0,5,-9.0,-7.92,-2.97,0.0,0.0,9.0
"2025-01-15 00:00:00",DL,18,130,-17.0,-7.03,-4.01,2.97,30.88,110.0
"2025-01-15 00:00:00",UA,18,127,-19.0,-7.03,-4.01,0.99,7.03,338.0
"2025-01-15 00:00:00",WN,18,262,-15.0,-5.99,-4.01,0.99,10.07,66.0
"2025-01-15 00:00:00",WN,19,120,-16.0,-7.03,-5.0,-0.99,5.0,153.0
"2025-01-15 00:00:00",DL,19,96,-20.0,-7.92,-2.97,5.0,10.07,81.0
