"2025-04-12 00:00:00",AA,6,185,-20.0,-7.92,-5.0,-2.97,1.99,307.0
"2025-04-12 00:00:00",DL,15,163,-25.0,-7.03,-2.97,5.99,29.08,194.0
"2025-04-12 00:00:00",UA,13,115,-13.0,-7.03,-4.01,0.0,15.96,208.0
"2025-04-12 00:00:00",DL,13,131,-19.0,-7.03,-4.01,5.0,26.84,136.0
"2025-04-12 00:00:00",AA,19,127,-20.0,-7.03,-1.99,8.94,40.05,343.0
"2025-04-12 00:00:00",AA,5,105,-13.0,-8.94,-5.0,-1.99,0.99,58.0
"2025-04-12 00:00:00",AA,20,124,-23.0,-5.0,-0.99,15.03,34.13,157.0
"2025-04-12 00:00:00",AA,21,84,-11.0,-5.0,0.99,17.99,60.95,478.0
"2025-04-12 00:00:00",WN,17,221,-13.0,-5.0,-1.99,4.01,19.89,96.0
"2025-04-12 00:00:00",UA,16,120,-15.0,-7.92,-5.0,0.0,5.99,122.0
"2025-04-12 00:00:00",DL,6,178,-20.0,-7.03,-4.01,0.0,5.99,523.0
"2025-04-12 00:00:00",AA,1,1,-5.0,-5.0,-5.0,-5.0,-5.0,-5.0
"2025-04-12 00:00:00",WN,21,36,-9.0,-4.01,0.0,30.88,45.15,98.0
"2025-04-12 00:00:00",DL,21,88,-17.0,-7.92,-5.99,-1.99,10.07,116.0
"2025-04-12 00:00:00",DL,16,113,-16.0,-5.99,-0.99,10.07,36.97,93.0
"2025-04-12 00:00:00",DL,23,27,-16.0,-8.94,-5.0,0.99,10.07,56.0
"2025-04-12 00:00:00",DL,11,182,-20.0,-7.03,-2.97,2.97,30.27,203.0
"2025-04-12 00:00:00",AA,9,121,-15.0,-5.99,-4.01,1.99,34.13,745.0
"2025-04-12 00:00:00",WN,9,222,-9.0,-5.0,-1.99,0.99,7.92,128.0
"2025-04-13 00:00:00",DL,21,111,-11.0,-5.99,-2.97,0.99,19.89,102.0
"2025-04-13 00:00:00",AA,21,89,-12.0,-5.0,-1.99,13.07,58.56,732.0
"2025-04-13 00:00:00",AA,5,111,-13.0,-7.92,-5.0,-1.99,22.88,418.0
"2025-04-13 00:00:00",AA,1,1,-9.0,-9.0,-9.0,-9.0,-9.0,-9.0
"2025-04-13 00:00:00",WN,21,181,-15.0,-5.0,1.99,13.87,37.72,237.0
"2025-04-13 00:00:00",UA,13,128,-12.0,-7.03,-4.01,-0.99,8.94,220.0
"2025-04-13 00:00:00",DL,15,186,-14.0,-5.99,-2.97,5.99,19.89,491.0
"2025-04-13 00:00:00",AA,19,161,-14.0,-5.0,-0.99,15.03,40.05,614.0
"2025-04-13 00:00:00",AA,20,133,-12.0,-2.97,0.99,21.98,62.18,590.0
"2025-04-13 00:00:00",DL,23,42,-15.0,-8.94,-4.01,-1.99,16.95,62.0
"2025-04-13 00:00:00",DL,16,137,-12.0,-5.0,-1.99,10.91,32.79,221.0
"2025-04-13 00:00:00",AA,6,187,-18.0,-7.92,-5.0,-1.99,5.0,1623.0
"2025-04-13 00:00:00",UA,16,140,-12.0,-5.99,-2.97,1.99,22.88,237.0
"2025-04-13 00:00:00",DL,13,159,-19.0,-7.03,-4.01,1.99,21.12,330.0
"2025-04-13 00:00:00",DL,6,180,-15.0,-7.92,-4.01,0.0,12.06,175.0
"2025-04-13 00:00:00",AA,9,134,-12.0,-5.99,-2.97,5.0,26.84,872.0
"2025-04-13 00:00:00",WN,17,231,-11.0,-1.99,4.01,15.96,36.24,192.0
"2025-04-13 00:00:00",WN,9,209,-14.0,-5.0,-1.99,1.99,8.94,118.0
"2025-04-13 00:00:00",DL,11,200,-16.0,-7.03,-5.0,0.99,26.84,101.0
