"2025-01-01 00:00:00",UA,1,1,-3.0,-3.0,-3.0,-3.0,-3.0,-3.0
"2025-01-01 00:00:00",DL,1,2,-9.0,-8.94,-8.94,-8.94,-8.94,-1.0
"2025-01-01 00:00:00",UA,5,41,-11.0,-7.03,-5.0,-0.99,1.99,480.0
"2025-01-01 00:00:00",UA,9,120,-13.0,-5.0,0.0,10.07,32.79,153.0
"2025-01-01 00:00:00",UA,15,76,-11.0,-5.0,-0.99,5.99,15.96,414.0
"2025-01-01 00:00:00",AA,17,139,-10.0,-5.0,-1.99,5.99,36.97,187.0
"2025-01-01 00:00:00",AA,11,148,-15.0,-5.0,-2.97,1.99,17.99,432.0
"2025-01-01 00:00:00",AA,18,145,-22.0,-5.0,-0.99,8.94,36.97,228.0
"2025-01-01 00:00:00",UA,19,100,-12.0,-4.01,0.0,8.94,23.81,669.0
"2025-01-01 00:00:00",AA,7,128,-13.0,-7.03,-4.01,-0.99,5.99,301.0
"2025-01-01 00:00:00",UA,11,116,-12.0,-5.0,0.0,8.94,24.78,178.0
"2025-01-01 00:00:00",WN,20,172,-11.0,-2.97,0.99,10.07,21.12,130.0
"2025-01-01 00:00:00",UA,22,48,-15.0,-7.03,-4.01,0.0,7.92,109.0
"2025-01-01 00:00:00",AA,13,137,-13.0,-5.99,-2.97,1.99,16.95,156.0
"2025-01-01 00:00:00",AA,23,34,-13.0,-5.0,-4.01,0.0,7.03,55.0
"2025-01-01 00:00:00",DL,5,55,-16.0,-7.03,-2.97,-0.99,4.01,30.0
"2025-01-01 00:00:00",AA,8,179,-14.0,-7.03,-4.01,-0.99,5.99,127.0
"2025-01-01 00:00:00",WN,13,237,-10.0,-2.97,0.0,10.91,22.88,170.0
"2025-01-01 00:00:00",DL,14,123,-17.0,-5.0,-1.99,5.0,26.84,214.0
"2025-01-01 00:00:00",WN,8,225,-13.0,-5.0,-1.99,0.0,12.06,107.0
"2025-01-01 00:00:00",UA,14,122,-14.0,-5.0,-0.99,7.03,45.15,230.0
"2025-01-01 00:00:00",WN,15,215,-10.0,-2.97,0.99,10.07,25.79,93.0
"2025-01-02 00:00:00",UA,22,50,-11.0,-4.01,-0.99,7.92,24.78,1048.0
"2025-01-02 00:00:00",AA,13,151,-14.0,-5.0,-1.99,5.99,49.9,1293.0
"2025-01-02 00:00:00",DL,14,140,-17.0,-7.03,-1.99,7.03,32.79,443.0
"2025-01-02 00:00:00",UA,14,120,-14.0,-5.99,-2.97,2.97,23.81,291.0
"2025-01-02 00:00:00",AA,23,40,-10.0,-5.0,-0.99,5.0,36.24,467.0
"2025-01-02 00:00:00",UA,1,1,-16.0,-16.0,-16.0,-16.0,-16.0,-16.0
"2025-01-02 00:00:00",WN,8,253,-10.0,-5.0,-1.99,0.0,12.06,200.0
"2025-01-02 00:00:00",WN,15,247,-10.0,-1.99,4.01,16.95,40.86,289.0
"2025-01-02 00:00:00",AA,7,190,-13.0,-7.03,-4.01,-0.99,13.87,486.0
"2025-01-02 00:00:00",UA,15,76,-8.0,-4.01,-0.99,7.92,30.88,255.0
"2025-01-02 00:00:00",UA,5,45,-12.0,-7.92,-5.0,0.0,5.99,405.0
"2025-01-02 00:00:00",AA,18,164,-16.0,-5.0,-0.99,8.94,46.07,373.0
"2025-01-02 00:00:00",WN,20,266,-14.0,-4.01,2.97,16.95,36.24,210.0
"2025-01-02 00:00:00",UA,19,101,-11.0,-4.01,-0.99,7.92,27.94,136.0
"2025-01-02 00:00:00",AA,17,151,-14.0,-5.99,-1.99,7.03,34.13,309.0
"2025-01-02 00:00:00",AA,11,159,-12.0,-5.99,-2.97,1.99,16.95,251.0
"2025-01-02 00:00:00",DL,1,2,-5.0,-5.0,-5.0,-5.0,-5.0,19.0
"2025-01-02 00:00:00",DL,5,59,-15.0,-7.03,-5.0,-1.99,7.03,54.0
"2025-01-02 00:00:00",WN,13,217,-12.0,-1.99,0.99,10.07,34.13,209.0
"2025-01-02 00:00:00",UA,9,126,-14.0,-5.99,-0.99,5.99,21.12,275.0
"2025-01-02 00:00:00",AA,8,182,-12.0,-5.99,-4.01,0.0,22.88,390.0
"2025-01-02 00:00:00",UA,11,117,-10.0,-5.0,-2.97,0.99,19.11,182.0
