"2025-01-16 00:00:00",UA,23,30,-13.0,-7.03,-2.97,0.0,13.07,67.0
"2025-01-16 00:00:00",AA,0,7,-15.0,-10.07,-2.97,-2.97,-2.97,0.0
"2025-01-16 00:00:00",DL,7,227,-17.0,-5.99,-2.97,0.0,8.94,125.0
"2025-01-16 00:00:00",DL,8,160,-20.0,-7.03,-4.01,-0.99,5.0,186.0
"2025-01-16 00:00:00",DL,9,127,-15.0,-5.99,-4.01,0.0,13.87,105.0
"2025-01-16 00:00:00",UA,8,179,-12.0,-7.03,-4.01,-0.99,5.0,152.0
"2025-01-16 00:00:00",WN,18,223,-15.0,-4.01,-0.99,7.03,22.88,138.0
"2025-01-16 00:00:00",UA,0,3,-12.0,-12.0,-2.97,-2.97,-2.97,10.0
"2025-01-16 00:00:00",AA,10,137,-12.0,-5.99,-2.97,0.99,15.03,140.0
"2025-01-16 00:00:00",UA,21,32,-12.0,-7.03,-4.01,-1.99,34.82,202.0
"2025-01-16 00:00:00",DL,18,148,-17.0,-7.03,-1.99,7.03,23.81,218.0
"2025-01-16 00:00:00",AA,22,89,-14.0,-5.0,-0.99,10.91,25.79,1447.0
"2025-01-16 00:00:00",DL,19,133,-22.0,-5.0,-1.99,12.06,44.26,143.0
"2025-01-16 00:00:00",UA,18,140,-50.0,-5.0,-0.99,5.0,24.78,317.0
"2025-01-16 00:00:00",WN,19,267,-14.0,-4.01,-0.99,5.99,21.12,173.0
"2025-01-16 00:00:00",DL,10,146,-16.0,-5.99,-4.01,2.97,15.96,102.0
"2025-01-16 00:00:00",WN,16,223,-13.0,-5.0,0.0,5.99,23.81,348.0
"2025-01-16 00:00:00",DL,12,161,-20.0,-7.03,-2.97,1.99,13.07,103.0
"2025-01-16 00:00:00",UA,12,135,-22.0,-7.03,-4.01,0.0,8.94,259.0
"2025-01-16 00:00:00",AA,12,132,-16.0,-5.99,-2.97,4.01,10.91,197.0
"2025-01-16 00:00:00",UA,10,119,-20.0,-7.03,-2.97,0.0,12.06,131.0
"2025-01-16 00:00:00",WN,11,220,-15.0,-5.0,-1.99,0.99,12.06,277.0
"2025-01-17 00:00:00",AA,22,55,-18.0,-5.99,-2.97,0.99,12.06,62.0
"2025-01-17 00:00:00",UA,8,181,-14.0,-5.99,-4.01,-0.99,4.01,143.0
"2025-01-17 00:00:00",DL,8,164,-13.0,-5.99,-2.97,0.0,10.91,211.0
"2025-01-17 00:00:00",WN,11,222,-13.0,-4.01,-1.99,2.97,13.87,82.0
"2025-01-17 00:00:00",DL,9,127,-15.0,-5.99,-2.97,0.0,7.92,68.0
"2025-01-17 00:00:00",AA,10,137,-10.0,-5.0,-1.99,1.99,15.96,126.0
"2025-01-17 00:00:00",DL,10,149,-16.0,-5.99,-2.97,2.97,24.78,186.0
"2025-01-17 00:00:00",UA,10,117,-12.0,-5.99,-2.97,0.0,5.99,47.0
"2025-01-17 00:00:00",AA,12,137,-13.0,-4.01,-0.99,13.07,30.88,218.0
"2025-01-17 00:00:00",DL,12,160,-16.0,-5.99,-2.97,4.01,21.98,86.0
"2025-01-17 00:00:00",UA,12,134,-20.0,-5.99,-2.97,-0.99,7.03,236.0
"2025-01-17 00:00:00",DL,18,149,-18.0,-7.03,-1.99,5.0,30.88,226.0
"2025-01-17 00:00:00",UA,18,141,-35.0,-5.0,-1.99,1.99,15.96,131.0
"2025-01-17 00:00:00",WN,18,223,-15.0,-4.01,0.0,8.94,21.98,88.0
"2025-01-17 00:00:00",DL,19,129,-20.0,-5.99,-1.99,2.97,17.99,121.0
"2025-01-17 00:00:00",UA,21,30,-12.0,-5.99,-4.01,-0.99,5.0,18.0
"2025-01-17 00:00:00",AA,0,8,-10.0,-7.92,-2.97,0.99,27.94,559.0
"2025-01-17 00:00:00",UA,23,30,-13.0,-7.03,-1.99,1.99,15.03,60.0
"2025-01-17 00:00:00",DL,7,227,-14.0,-5.0,-2.97,1.99,10.91,389.0
"2025-01-17 00:00:00",WN,19,266,-13.0,-5.0,-1.99,1.99,13.07,132.0
"2025-01-17 00:00:00",UA,0,3,-6.0,-5.99,2.97,2.97,2.97,18.0
"2025-01-17 00:00:00",WN,16,223,-12.0,-4.01,0.0,7.03,21.12,98.0
"2025-01-18 00:00:00",UA,12,114,-16.0,-7.03,-4.01,0.0,8.94,131.0
"2025-01-18 00:00:00",DL,12,143,-18.0,-7.03,-1.99,4.01,19.89,185.0
"2025-01-18 00:00:00",AA,22,57,-13.0,-7.03,-5.0,-1.99,0.0,432.0
"2025-01-18 00:00:00",WN,16,182,-15.0,-5.0,-0.99,7.92,21.12,135.0
"2025-01-18 00:00:00",AA,12,114,-16.0,-5.0,-1.99,1.99,21.12,204.0
"2025-01-18 00:00:00",UA,0,3,-10.0,-10.0,-6.0,-6.0,-6.0,-6.0
"2025-01-18 00:00:00",UA,23,26,-10.0,-5.99,-5.0,-0.99,21.98,185.0
"2025-01-18 00:00:00",AA,0,5,-8.0,-7.03,0.99,2.97,2.97,6.0
"2025-01-18 00:00:00",DL,9,117,-12.0,-5.99,-2.97,0.99,13.07,269.0
"2025-01-18 00:00:00",DL,7,197,-12.0,-5.99,-2.97,0.0,10.07,338.0
"2025-01-18 00:00:00",DL,8,151,-15.0,-5.0,-2.97,-0.99,8.94,159.0
"2025-01-18 00:00:00",UA,8,163,-13.0,-5.99,-4.01,0.0,10.07,103.0
"2025-01-18 00:00:00",DL,19,85,-20.0,-7.03,-2.97,2.97,32.79,93.0
"2025-01-18 00:00:00",UA,10,113,-16.0,-5.99,-2.97,2.97,19.11,452.0
"2025-01-18 00:00:00",WN,11,224,-10.0,-5.0,-0.99,5.99,15.03,170.0
"2025-01-18 00:00:00",UA,21,23,-10.0,-7.03,-1.99,5.0,21.12,41.0
"2025-01-18 00:00:00",DL,10,120,-17.0,-7.03,-4.01,0.0,23.81,170.0
"2025-01-18 00:00:00",WN,18,136,-15.0,-5.99,-1.99,4.01,16.95,106.0
"2025-01-18 00:00:00",WN,19,66,-15.0,-5.0,0.0,7.03,17.99,50.0
"2025-01-18 00:00:00",AA,10,119,-10.0,-5.0,-1.99,0.99,10.91,129.0
"2025-01-18 00:00:00",UA,18,108,-28.0,-5.0,-1.99,8.94,46.07,136.0
"2025-01-18 00:00:00",DL,18,98,-19.0,-7.03,-2.97,5.0,21.98,182.0
"2025-01-19 00:00:00",AA,0,5,-4.0,-4.0,-4.0,-1.99,-1.99,7.0
"2025-01-19 00:00:00",WN,11,263,-9.0,-5.0,-0.99,5.0,19.89,158.0
"2025-01-19 00:00:00",DL,18,103,-14.0,-5.0,0.0,19.11,50.91,963.0
"2025-01-19 00:00:00",DL,7,196,-17.0,-7.03,-4.01,0.0,8.94,894.0
"2025-01-19 00:00:00",UA,10,113,-10.0,-5.0,-0.99,4.01,22.88,129.0
"2025-01-19 00:00:00",AA,10,129,-12.0,-4.01,-0.99,8.94,37.72,507.0
"2025-01-19 00:00:00",DL,10,127,-14.0,-7.03,-2.97,0.99,21.98,122.0
"2025-01-19 00:00:00",AA,12,124,-18.0,-4.01,-0.99,10.07,26.84,294.0
"2025-01-19 00:00:00",DL,12,148,-12.0,-5.99,-1.99,2.97,23.81,197.0
"2025-01-19 00:00:00",UA,12,128,-28.0,-5.99,-2.97,4.01,25.79,346.0
"2025-01-19 00:00:00",WN,16,207,-15.0,-4.01,0.0,15.03,36.97,202.0
"2025-01-19 00:00:00",WN,18,250,-12.0,-2.97,2.97,19.11,50.91,192.0
"2025-01-19 00:00:00",WN,19,117,-11.0,-5.0,1.99,19.89,50.91,131.0
"2025-01-19 00:00:00",UA,0,3,-9.0,-8.94,-7.03,-7.03,-7.03,-5.0
"2025-01-19 00:00:00",DL,9,114,-19.0,-5.99,-1.99,2.97,17.99,164.0
"2025-01-19 00:00:00",AA,22,79,-9.0,-5.0,-1.99,12.06,47.95,126.0
"2025-01-19 00:00:00",DL,8,160,-14.0,-7.03,-4.01,-0.99,12.06,162.0
"2025-01-19 00:00:00",UA,23,30,-14.0,-5.99,-2.97,2.97,46.07,62.0
"2025-01-19 00:00:00",UA,18,102,-14.0,-4.01,0.0,5.99,21.12,170.0
"2025-01-19 00:00:00",UA,21,26,-10.0,-5.0,-2.97,8.94,25.79,255.0
"2025-01-19 00:00:00",UA,8,173,-13.0,-5.99,-4.01,-0.99,10.91,339.0
"2025-01-19 00:00:00",DL,19,94,-13.0,-1.99,13.07,67.36,162.41,876.0
"2025-01-20 00:00:00",UA,10,118,-11.0,-2.97,1.99,16.95,54.06,256.0
"2025-01-20 00:00:00",DL,12,175,-15.0,-5.0,2.97,21.12,64.72,1104.0
"2025-01-20 00:00:00",AA,12,136,-11.0,-4.01,2.97,24.78,43.38,348.0
"2025-01-20 00:00:00",UA,12,135,-14.0,-4.01,0.0,10.91,39.25,138.0
"2025-01-20 00:00:00",WN,16,222,-11.0,0.99,13.87,44.26,77.49,213.0
"2025-01-20 00:00:00",DL,18,157,-27.0,-2.97,2.97,27.94,58.56,923.0
"2025-01-20 00:00:00",UA,18,138,-15.0,-2.97,1.99,15.96,66.03,205.0
"2025-01-20 00:00:00",WN,18,210,-10.0,5.0,19.11,47.95,83.94,184.0
"2025-01-20 00:00:00",WN,19,249,-14.0,0.99,17.99,47.0,74.45,168.0
"2025-01-20 00:00:00",UA,21,30,-9.0,-5.0,5.0,17.99,46.07,168.0
"2025-01-20 00:00:00",AA,22,56,-16.0,-5.99,-2.97,5.99,47.95,584.0
"2025-01-20 00:00:00",AA,0,8,-8.0,-5.99,-4.01,5.0,13.07,28.0
"2025-01-20 00:00:00",DL,10,158,-14.0,-2.97,1.99,22.88,62.18,508.0
"2025-01-20 00:00:00",DL,9,125,-17.0,-4.01,0.99,21.98,59.75,302.0
"2025-01-20 00:00:00",UA,8,178,-12.0,-5.99,-1.99,2.97,15.03,467.0
"2025-01-20 00:00:00",WN,11,222,-10.0,-1.99,5.99,21.98,48.91,174.0
"2025-01-20 00:00:00",DL,8,173,-14.0,-4.01,0.0,13.87,47.95,296.0
"2025-01-20 00:00:00",DL,7,221,-21.0,-5.0,-0.99,8.94,36.24,215.0
"2025-01-20 00:00:00",DL,19,159,-16.0,-2.97,10.07,47.95,98.5,261.0
"2025-01-20 00:00:00",UA,0,3,-9.0,-8.94,0.0,0.0,0.0,1.0
"2025-01-20 00:00:00",UA,23,32,-9.0,-5.99,-2.97,2.97,13.87,65.0
"2025-01-20 00:00:00",AA,10,137,-15.0,-4.01,-0.99,12.06,32.79,475.0
