"2025-02-18 00:00:00",DL,14,121,-17.0,-5.0,4.01,21.98,45.15,627.0
"2025-02-18 00:00:00",WN,15,229,-13.0,-0.99,7.92,27.94,50.91,161.0
"2025-02-18 00:00:00",AA,18,135,-13.0,-4.01,0.0,17.99,63.44,2174.0
"2025-02-18 00:00:00",AA,17,127,-10.0,-4.01,0.99,10.91,32.14,197.0
"2025-02-18 00:00:00",WN,20,176,-12.0,-4.01,2.97,23.81,52.99,156.0
"2025-02-18 00:00:00",WN,13,241,-12.0,-2.97,5.0,21.98,47.95,184.0
"2025-02-18 00:00:00",UA,15,84,-16.0,-7.03,-1.99,7.03,21.98,194.0
"2025-02-18 00:00:00",AA,11,159,-10.0,-2.97,-0.99,8.94,30.88,282.0
"2025-02-18 00:00:00",UA,22,27,-8.0,-5.99,-4.01,-0.99,15.96,57.0
"2025-02-18 00:00:00",UA,14,120,-16.0,-5.99,-2.97,5.0,37.72,157.0
"2025-02-18 00:00:00",AA,23,20,-10.0,-5.99,-2.97,7.03,19.11,65.0
"2025-02-18 00:00:00",UA,11,129,-11.0,-4.01,-0.99,13.07,27.94,470.0
"2025-02-18 00:00:00",AA,13,140,-11.0,-2.97,0.99,13.87,36.24,1192.0
"2025-02-18 00:00:00",UA,19,116,-15.0,-2.97,8.94,24.78,55.15,117.0
"2025-02-18 00:00:00",AA,7,173,-12.0,-5.0,-2.97,0.99,15.03,381.0
"2025-02-18 00:00:00",UA,5,28,-13.0,-7.92,-5.99,-1.99,-0.99,237.0
"2025-02-18 00:00:00",DL,1,2,-12.0,-12.0,-12.0,-12.0,-12.0,-4.0
"2025-02-18 00:00:00",AA,8,197,-12.0,-5.0,-2.97,0.0,10.07,264.0
"2025-02-18 00:00:00",UA,9,132,-12.0,-4.01,0.0,10.91,23.81,145.0
"2025-02-18 00:00:00",UA,1,1,-7.0,-7.0,-7.0,-7.0,-7.0,-7.0
"2025-02-18 00:00:00",DL,5,69,-14.0,-5.99,-2.97,0.99,8.94,198.0
"2025-02-18 00:00:00",WN,8,266,-13.0,-4.01,-0.99,7.03,23.81,140.0
"2025-02-19 00:00:00",UA,22,32,-10.0,-7.03,-0.99,7.92,13.87,134.0
"2025-02-19 00:00:00",DL,1,2,-13.0,-13.0,-13.0,-13.0,-13.0,-10.0
"2025-02-19 00:00:00",WN,8,240,-14.0,-5.0,-1.99,0.99,8.94,150.0
"2025-02-19 00:00:00",DL,14,120,-12.0,-4.01,0.0,15.96,43.38,530.0
"2025-02-19 00:00:00",UA,5,27,-14.0,-8.94,-5.99,-1.99,0.0,439.0
"2025-02-19 00:00:00",DL,5,69,-19.0,-7.92,-5.0,-1.99,16.95,374.0
"2025-02-19 00:00:00",AA,8,187,-15.0,-5.0,-1.99,5.0,36.97,398.0
"2025-02-19 00:00:00",WN,13,240,-11.0,-4.01,0.0,10.91,27.94,306.0
"2025-02-19 00:00:00",AA,7,160,-13.0,-5.99,-2.97,0.99,32.79,533.0
"2025-02-19 00:00:00",UA,15,91,-11.0,-5.99,-1.99,8.94,24.78,123.0
"2025-02-19 00:00:00",AA,23,23,-9.0,-5.0,-1.99,4.01,19.11,104.0
"2025-02-19 00:00:00",AA,17,144,-13.0,-1.99,21.98,45.15,79.05,251.0
"2025-02-19 00:00:00",WN,20,166,-14.0,-1.99,5.0,16.95,37.72,115.0
"2025-02-19 00:00:00",UA,14,123,-14.0,-5.99,-0.99,7.92,40.05,93.0
"2025-02-19 00:00:00",WN,15,231,-9.0,-2.97,2.97,16.95,40.86,259.0
"2025-02-19 00:00:00",UA,9,137,-13.0,-5.0,-0.99,5.0,24.78,134.0
"2025-02-19 00:00:00",UA,1,1,-9.0,-9.0,-9.0,-9.0,-9.0,-9.0
"2025-02-19 00:00:00",UA,19,124,-16.0,-4.01,1.99,15.03,48.91,849.0
"2025-02-19 00:00:00",AA,18,143,-12.0,-1.99,13.87,36.24,67.36,738.0
"2025-02-19 00:00:00",AA,13,113,-10.0,-1.99,7.03,32.79,100.49,383.0
"2025-02-19 00:00:00",AA,11,142,-10.0,-2.97,0.0,25.79,66.03,621.0
"2025-02-19 00:00:00",UA,11,127,-11.0,-5.0,0.0,10.91,30.88,183.0
"2025-02-20 00:00:00",UA,9,138,-14.0,-5.0,-1.99,5.0,30.27,316.0
"2025-02-20 00:00:00",AA,11,154,-8.0,-2.97,7.92,36.97,85.64,283.0
"2025-02-20 00:00:00",DL,1,2,-15.0,-15.0,-15.0,-15.0,-15.0,-7.0
"2025-02-20 00:00:00",AA,8,193,-12.0,-5.0,-1.99,5.99,25.79,154.0
"2025-02-20 00:00:00",WN,8,267,-11.0,-4.01,0.0,10.91,29.08,340.0
"2025-02-20 00:00:00",DL,5,68,-15.0,-7.92,-5.0,-0.99,2.97,110.0
"2025-02-20 00:00:00",WN,20,180,-12.0,-2.97,4.01,19.89,46.07,249.0
"2025-02-20 00:00:00",UA,5,31,-13.0,-7.03,-5.0,-1.99,0.99,343.0
"2025-02-20 00:00:00",AA,7,198,-15.0,-5.99,-2.97,0.0,32.79,512.0
"2025-02-20 00:00:00",UA,1,1,-5.0,-5.0,-5.0,-5.0,-5.0,-5.0
"2025-02-20 00:00:00",UA,11,129,-13.0,-5.99,-2.97,5.99,30.27,200.0
"2025-02-20 00:00:00",UA,14,129,-15.0,-5.99,-1.99,5.99,29.08,149.0
"2025-02-20 00:00:00",AA,23,31,-12.0,-5.99,0.99,7.03,62.18,153.0
"2025-02-20 00:00:00",AA,18,159,-11.0,-1.99,12.06,32.14,71.53,272.0
"2025-02-20 00:00:00",UA,22,33,-12.0,-7.03,-2.97,5.99,15.03,27.0
"2025-02-20 00:00:00",UA,19,134,-16.0,-2.97,0.99,15.96,37.72,185.0
"2025-02-20 00:00:00",UA,15,91,-15.0,-4.01,-0.99,10.07,43.38,104.0
"2025-02-20 00:00:00",AA,17,162,-15.0,-1.99,7.03,30.88,94.64,918.0
"2025-02-20 00:00:00",WN,15,227,-11.0,-1.99,7.03,21.12,49.9,195.0
"2025-02-20 00:00:00",AA,13,137,-14.0,-1.99,7.03,36.24,67.36,245.0
"2025-02-20 00:00:00",DL,14,138,-23.0,-1.99,4.01,25.79,49.9,119.0
"2025-02-20 00:00:00",WN,13,242,-9.0,-1.99,4.01,19.11,37.72,246.0
"2025-02-21 00:00:00",WN,13,225,-10.0,-1.99,0.99,10.91,34.82,153.0
"2025-02-21 00:00:00",WN,8,273,-13.0,-5.0,-1.99,1.99,13.07,364.0
"2025-02-21 00:00:00",DL,1,2,-6.0,-5.99,-5.99,-5.99,-5.99,75.0
"2025-02-21 00:00:00",AA,18,163,-15.0,-5.0,-0.99,10.91,47.95,903.0
"2025-02-21 00:00:00",UA,19,135,-18.0,-7.03,-2.97,2.97,17.99,168.0
"2025-02-21 00:00:00",WN,20,264,-15.0,-5.99,-2.97,4.01,21.98,195.0
"2025-02-21 00:00:00",UA,1,1,13.0,13.0,13.0,13.0,13.0,13.0
"2025-02-21 00:00:00",UA,15,89,-13.0,-5.99,-4.01,0.0,10.91,183.0
"2025-02-21 00:00:00",AA,13,142,-15.0,-5.0,-0.99,12.06,34.82,185.0
"2025-02-21 00:00:00",WN,15,239,-12.0,-1.99,1.99,12.06,36.24,226.0
"2025-02-21 00:00:00",AA,17,162,-12.0,-5.0,-0.99,19.11,55.15,262.0
"2025-02-21 00:00:00",DL,14,138,-14.0,-5.0,-0.99,10.91,34.82,141.0
"2025-02-21 00:00:00",UA,14,131,-14.0,-5.99,-4.01,0.0,10.07,97.0
"2025-02-21 00:00:00",UA,5,31,-12.0,-7.03,-5.0,0.0,22.88,169.0
"2025-02-21 00:00:00",UA,22,32,-12.0,-7.03,-5.99,-4.01,1.99,21.0
"2025-02-21 00:00:00",AA,23,30,-14.0,-7.03,-5.0,-1.99,13.07,40.0
"2025-02-21 00:00:00",AA,8,198,-14.0,-5.0,-2.97,1.99,21.12,130.0
"2025-02-21 00:00:00",DL,5,69,-12.0,-7.03,-4.01,-0.99,5.0,228.0
"2025-02-21 00:00:00",UA,11,130,-12.0,-5.0,-1.99,4.01,16.95,201.0
"2025-02-21 00:00:00",AA,11,165,-13.0,-4.01,-1.99,7.92,43.38,670.0
"2025-02-21 00:00:00",UA,9,136,-15.0,-5.0,-0.99,5.99,16.95,231.0
"2025-02-21 00:00:00",AA,7,208,-13.0,-7.03,-4.01,1.99,19.89,1467.0
