"2025-02-10 00:00:00",WN,15,229,-12.0,-2.97,4.01,19.11,50.91,245.0
"2025-02-10 00:00:00",AA,11,158,-11.0,-5.0,-1.99,12.06,41.68,165.0
"2025-02-10 00:00:00",AA,13,138,-11.0,-4.01,0.0,13.87,52.99,448.0
"2025-02-10 00:00:00",AA,8,198,-12.0,-5.0,-2.97,0.0,19.11,428.0
"2025-02-10 00:00:00",UA,11,120,-12.0,-5.99,-1.99,0.99,19.11,576.0
"2025-02-10 00:00:00",UA,9,153,-12.0,-5.99,-1.99,4.01,13.07,117.0
"2025-02-10 00:00:00",AA,7,208,-12.0,-5.99,-4.01,0.0,19.11,2352.0
"2025-02-10 00:00:00",AA,23,22,-12.0,-8.94,-5.99,-0.99,5.99,58.0
"2025-02-10 00:00:00",UA,22,23,-17.0,-7.03,-4.01,2.97,8.94,63.0
"2025-02-10 00:00:00",AA,17,155,-16.0,-5.0,-0.99,7.03,54.06,380.0
"2025-02-10 00:00:00",DL,14,135,-14.0,-5.99,-2.97,1.99,21.12,204.0
"2025-02-10 00:00:00",WN,8,270,-15.0,-5.0,-2.97,0.99,15.96,127.0
"2025-02-10 00:00:00",AA,18,147,-20.0,-5.99,-1.99,15.96,43.38,625.0
"2025-02-10 00:00:00",UA,19,105,-13.0,-7.03,-2.97,5.0,22.88,112.0
"2025-02-10 00:00:00",UA,14,118,-13.0,-5.99,-1.99,2.97,30.88,73.0
"2025-02-10 00:00:00",UA,15,97,-18.0,-7.92,-4.01,1.99,17.99,87.0
"2025-02-10 00:00:00",WN,13,247,-10.0,-2.97,0.99,10.07,25.79,123.0
"2025-02-10 00:00:00",WN,20,181,-13.0,-5.99,0.0,10.91,48.91,214.0
"2025-02-10 00:00:00",DL,1,2,-4.0,-4.0,-4.0,-4.0,-4.0,-2.0
"2025-02-10 00:00:00",UA,5,28,-10.0,-7.92,-7.03,-2.97,0.0,61.0
"2025-02-10 00:00:00",DL,5,68,-17.0,-8.94,-5.0,-0.99,13.07,86.0
"2025-02-11 00:00:00",DL,5,66,-16.0,-10.07,-5.99,-2.97,0.0,248.0
"2025-02-11 00:00:00",WN,8,245,-11.0,-5.99,-4.01,0.0,7.03,208.0
"2025-02-11 00:00:00",WN,20,166,-14.0,-2.97,7.92,36.97,67.36,207.0
"2025-02-11 00:00:00",UA,9,139,-13.0,-7.03,-1.99,8.94,70.11,210.0
"2025-02-11 00:00:00",AA,13,125,-16.0,-5.99,-1.99,1.99,37.72,330.0
"2025-02-11 00:00:00",AA,8,189,-17.0,-7.03,-5.0,-1.99,7.92,72.0
"2025-02-11 00:00:00",UA,1,1,-18.0,-18.0,-18.0,-18.0,-18.0,-18.0
"2025-02-11 00:00:00",UA,5,22,-16.0,-8.94,-7.92,-2.97,2.97,82.0
"2025-02-11 00:00:00",AA,7,163,-16.0,-7.92,-5.0,-2.97,-0.99,490.0
"2025-02-11 00:00:00",UA,22,21,-13.0,-8.94,-0.99,4.01,22.88,119.0
"2025-02-11 00:00:00",DL,1,2,-8.0,-7.92,-7.92,-7.92,-7.92,-6.0
"2025-02-11 00:00:00",UA,11,116,-12.0,-5.99,-1.99,10.91,26.84,368.0
"2025-02-11 00:00:00",AA,17,144,-15.0,-5.99,-4.01,2.97,30.88,743.0
"2025-02-11 00:00:00",DL,14,115,-17.0,-7.03,-5.0,-0.99,7.92,71.0
"2025-02-11 00:00:00",UA,19,92,-22.0,-5.99,2.97,19.11,54.06,344.0
"2025-02-11 00:00:00",AA,18,136,-14.0,-7.03,-4.01,0.99,15.03,826.0
"2025-02-11 00:00:00",AA,23,20,-14.0,-8.94,-5.99,-1.99,1.99,13.0
"2025-02-11 00:00:00",UA,14,113,-13.0,-5.0,0.99,21.12,79.05,345.0
"2025-02-11 00:00:00",WN,15,230,-13.0,-4.01,-0.99,16.95,54.06,234.0
"2025-02-11 00:00:00",WN,13,239,-12.0,-5.0,-0.99,10.07,34.13,207.0
"2025-02-11 00:00:00",UA,15,81,-13.0,-7.03,-2.97,7.03,25.79,94.0
"2025-02-11 00:00:00",AA,11,147,-15.0,-5.99,-4.01,-0.99,13.87,203.0
