"2025-04-08 00:00:00",AA,23,31,-15.0,-10.07,-5.0,5.0,50.91,59.0
"2025-04-08 00:00:00",WN,20,191,-15.0,-5.99,-4.01,2.97,21.12,97.0
"2025-04-08 00:00:00",UA,5,38,-14.0,-8.94,-7.03,-5.0,-4.01,5.0
"2025-04-08 00:00:00",AA,7,213,-25.0,-7.92,-5.0,-1.99,5.99,172.0
"2025-04-08 00:00:00",DL,5,67,-19.0,-8.94,-5.99,-1.99,4.01,127.0
"2025-04-08 00:00:00",UA,22,31,-14.0,-8.94,-5.99,-2.97,2.97,14.0
"2025-04-08 00:00:00",DL,1,2,-9.0,-8.94,-8.94,-8.94,-8.94,-3.0
"2025-04-08 00:00:00",AA,8,191,-13.0,-5.99,-4.01,0.99,23.81,216.0
"2025-04-08 00:00:00",AA,18,153,-18.0,-4.01,-0.99,16.95,66.03,314.0
"2025-04-08 00:00:00",UA,1,1,-10.0,-10.0,-10.0,-10.0,-10.0,-10.0
"2025-04-08 00:00:00",AA,17,144,-17.0,-5.0,0.0,19.89,77.49,375.0
"2025-04-08 00:00:00",UA,19,126,-14.0,-7.03,-0.99,5.99,32.79,116.0
"2025-04-08 00:00:00",WN,15,224,-13.0,-5.0,-1.99,5.0,16.95,300.0
"2025-04-08 00:00:00",WN,8,295,-11.0,-5.0,-2.97,0.0,4.01,182.0
"2025-04-08 00:00:00",UA,14,131,-15.0,-7.03,-4.01,0.99,34.13,148.0
"2025-04-08 00:00:00",DL,14,137,-19.0,-7.03,-2.97,10.91,67.36,534.0
"2025-04-08 00:00:00",UA,15,97,-14.0,-7.03,-4.01,1.99,39.25,158.0
"2025-04-08 00:00:00",AA,13,140,-13.0,-5.99,-1.99,10.91,43.38,1156.0
"2025-04-08 00:00:00",UA,9,140,-15.0,-7.92,-5.99,-1.99,2.97,82.0
"2025-04-08 00:00:00",WN,13,240,-14.0,-5.0,-1.99,1.99,13.07,364.0
"2025-04-08 00:00:00",UA,11,124,-18.0,-7.92,-5.0,0.0,23.81,223.0
"2025-04-08 00:00:00",AA,11,160,-16.0,-5.99,-1.99,2.97,36.24,383.0
"2025-04-09 00:00:00",UA,22,33,-11.0,-7.03,-2.97,1.99,12.06,51.0
"2025-04-09 00:00:00",UA,19,138,-16.0,-7.03,-4.01,0.99,15.03,146.0
"2025-04-09 00:00:00",AA,11,166,-17.0,-5.0,-2.97,0.99,30.27,475.0
"2025-04-09 00:00:00",UA,5,38,-12.0,-8.94,-5.99,-5.0,0.0,7.0
"2025-04-09 00:00:00",AA,8,203,-12.0,-5.99,-2.97,0.0,15.96,694.0
"2025-04-09 00:00:00",DL,5,68,-16.0,-7.92,-5.99,-2.97,0.99,305.0
"2025-04-09 00:00:00",WN,20,191,-15.0,-5.99,-2.97,4.01,12.06,78.0
"2025-04-09 00:00:00",UA,11,126,-13.0,-7.03,-5.0,-1.99,5.0,98.0
"2025-04-09 00:00:00",WN,13,242,-12.0,-4.01,-0.99,5.99,17.99,180.0
"2025-04-09 00:00:00",UA,1,1,-8.0,-8.0,-8.0,-8.0,-8.0,-8.0
"2025-04-09 00:00:00",AA,23,31,-14.0,-5.99,-1.99,15.96,41.68,93.0
"2025-04-09 00:00:00",WN,15,222,-14.0,-5.0,-0.99,5.99,13.87,188.0
"2025-04-09 00:00:00",WN,8,295,-14.0,-5.0,-2.97,-0.99,8.94,99.0
"2025-04-09 00:00:00",AA,17,157,-14.0,-5.0,-1.99,10.91,36.97,353.0
"2025-04-09 00:00:00",UA,9,142,-15.0,-7.92,-5.0,-1.99,4.01,86.0
"2025-04-09 00:00:00",DL,1,2,-17.0,-17.0,-17.0,-17.0,-17.0,-17.0
"2025-04-09 00:00:00",AA,18,163,-13.0,-5.0,-0.99,7.92,34.82,279.0
"2025-04-09 00:00:00",DL,14,138,-20.0,-7.03,-2.97,0.0,13.87,171.0
"2025-04-09 00:00:00",AA,13,142,-13.0,-5.0,-2.97,4.01,23.81,225.0
"2025-04-09 00:00:00",AA,7,219,-19.0,-7.03,-5.0,-0.99,13.07,871.0
"2025-04-09 00:00:00",UA,14,134,-14.0,-5.99,-2.97,1.99,27.94,341.0
"2025-04-09 00:00:00",UA,15,98,-17.0,-5.0,-2.97,0.99,16.95,400.0
"2025-04-10 00:00:00",UA,11,125,-12.0,-5.99,-2.97,0.99,21.98,172.0
"2025-04-10 00:00:00",AA,11,167,-11.0,-5.0,-1.99,5.0,29.08,585.0
"2025-04-10 00:00:00",WN,8,240,-13.0,-5.0,-1.99,2.97,19.89,249.0
"2025-04-10 00:00:00",UA,9,142,-15.0,-5.99,-4.01,0.0,5.99,149.0
"2025-04-10 00:00:00",AA,8,203,-12.0,-5.99,-2.97,0.0,10.91,478.0
"2025-04-10 00:00:00",DL,5,69,-13.0,-7.92,-4.01,-0.99,1.99,219.0
"2025-04-10 00:00:00",AA,13,147,-12.0,-4.01,-0.99,13.07,40.05,97.0
"2025-04-10 00:00:00",WN,13,247,-10.0,-2.97,1.99,13.87,41.68,219.0
"2025-04-10 00:00:00",DL,14,144,-19.0,-5.99,-2.97,1.99,32.14,195.0
"2025-04-10 00:00:00",WN,15,231,-12.0,-1.99,4.01,16.95,39.25,262.0
"2025-04-10 00:00:00",AA,17,162,-12.0,-4.01,0.99,21.12,59.75,423.0
"2025-04-10 00:00:00",UA,19,144,-16.0,-5.99,-1.99,8.94,21.98,279.0
"2025-04-10 00:00:00",UA,22,35,-11.0,-7.03,-2.97,0.0,7.92,21.0
"2025-04-10 00:00:00",DL,1,2,-14.0,-13.87,-13.87,-13.87,-13.87,87.0
"2025-04-10 00:00:00",AA,7,229,-15.0,-5.99,-5.0,0.0,10.91,1576.0
"2025-04-10 00:00:00",UA,14,133,-15.0,-5.99,-1.99,2.97,29.08,210.0
"2025-04-10 00:00:00",UA,5,44,-11.0,-7.92,-7.03,-4.01,-0.99,40.0
"2025-04-10 00:00:00",AA,23,33,-15.0,-5.99,-0.99,10.91,21.98,507.0
"2025-04-10 00:00:00",UA,15,98,-11.0,-5.99,-2.97,1.99,16.95,56.0
"2025-04-10 00:00:00",UA,1,1,77.0,77.0,77.0,77.0,77.0,77.0
"2025-04-10 00:00:00",AA,18,170,-12.0,-2.97,2.97,30.88,70.11,310.0
"2025-04-10 00:00:00",WN,20,200,-15.0,-2.97,5.99,25.79,58.56,166.0
"2025-04-11 00:00:00",UA,15,100,-18.0,-5.99,-1.99,1.99,23.81,80.0
"2025-04-11 00:00:00",WN,20,200,-14.0,-5.0,0.0,25.79,58.56,170.0
"2025-04-11 00:00:00",AA,11,168,-11.0,-5.0,-1.99,7.92,29.08,135.0
"2025-04-11 00:00:00",UA,19,143,-20.0,-5.99,-1.99,5.99,24.78,130.0
"2025-04-11 00:00:00",DL,14,144,-18.0,-4.01,5.0,24.78,47.95,254.0
"2025-04-11 00:00:00",WN,15,231,-10.0,-1.99,4.01,15.96,44.26,267.0
"2025-04-11 00:00:00",AA,17,162,-13.0,-2.97,10.91,36.97,64.72,258.0
"2025-04-11 00:00:00",UA,9,142,-13.0,-5.99,-4.01,-0.99,5.0,285.0
"2025-04-11 00:00:00",DL,1,2,-13.0,-13.0,-13.0,-13.0,-13.0,-1.0
"2025-04-11 00:00:00",UA,14,134,-14.0,-5.99,-2.97,4.01,29.08,242.0
"2025-04-11 00:00:00",AA,7,231,-18.0,-5.99,-4.01,-0.99,10.91,1729.0
"2025-04-11 00:00:00",UA,11,125,-19.0,-5.99,-4.01,0.99,21.12,808.0
"2025-04-11 00:00:00",AA,23,33,-13.0,-7.03,-2.97,2.97,17.99,56.0
"2025-04-11 00:00:00",WN,8,240,-10.0,-4.01,-1.99,0.99,21.98,246.0
"2025-04-11 00:00:00",DL,5,61,-11.0,-7.03,-2.97,1.99,15.03,391.0
"2025-04-11 00:00:00",AA,8,205,-13.0,-5.0,-1.99,2.97,21.98,279.0
"2025-04-11 00:00:00",AA,18,171,-12.0,-1.99,10.07,36.97,87.37,277.0
"2025-04-11 00:00:00",UA,1,2,-10.0,-10.0,-10.0,-10.0,-10.0,-3.0
"2025-04-11 00:00:00",UA,5,44,-15.0,-7.92,-7.03,-5.0,-0.99,4.0
"2025-04-11 00:00:00",AA,13,144,-13.0,-2.97,1.99,25.79,90.93,580.0
"2025-04-11 00:00:00",UA,22,34,-13.0,-7.03,-4.01,0.99,5.99,116.0
"2025-04-11 00:00:00",WN,13,246,-13.0,-0.99,2.97,15.03,46.07,203.0
"2025-04-12 00:00:00",AA,13,137,-12.0,-5.99,-2.97,2.97,23.81,227.0
"2025-04-12 00:00:00",AA,17,148,-16.0,-5.99,-4.01,5.0,23.81,322.0
"2025-04-12 00:00:00",DL,1,2,-14.0,-13.87,-13.87,-13.87,-13.87,-13.0
"2025-04-12 00:00:00",AA,18,162,-15.0,-5.0,0.99,19.11,50.91,204.0
"2025-04-12 00:00:00",AA,7,215,-15.0,-7.03,-5.0,-0.99,4.01,151.0
"2025-04-12 00:00:00",UA,9,128,-17.0,-7.92,-5.0,-0.99,15.03,356.0
"2025-04-12 00:00:00",UA,19,116,-18.0,-7.03,-2.97,2.97,15.03,178.0
"2025-04-12 00:00:00",UA,15,93,-15.0,-5.99,-4.01,-0.99,8.94,94.0
"2025-04-12 00:00:00",WN,13,232,-14.0,-4.01,-0.99,4.01,12.06,94.0
"2025-04-12 00:00:00",WN,15,204,-15.0,-4.01,0.0,12.06,24.78,86.0
"2025-04-12 00:00:00",DL,14,117,-12.0,-5.0,-0.99,10.91,39.25,294.0
"2025-04-12 00:00:00",UA,14,123,-17.0,-7.92,-5.0,-1.99,8.94,295.0
"2025-04-12 00:00:00",UA,5,44,-13.0,-8.94,-5.99,-1.99,8.94,130.0
"2025-04-12 00:00:00",UA,11,119,-18.0,-7.03,-5.0,-1.99,12.06,174.0
"2025-04-12 00:00:00",UA,22,35,-11.0,-7.92,-4.01,0.0,15.03,65.0
"2025-04-12 00:00:00",WN,20,122,-24.0,-5.99,-1.99,4.01,15.96,46.0
"2025-04-12 00:00:00",AA,23,29,-11.0,-7.03,-2.97,5.0,7.92,34.0
"2025-04-12 00:00:00",DL,5,63,-20.0,-7.92,-5.0,-1.99,12.06,403.0
"2025-04-12 00:00:00",AA,11,149,-14.0,-5.99,-2.97,0.0,12.06,306.0
"2025-04-12 00:00:00",AA,8,197,-12.0,-5.99,-4.01,-0.99,15.03,864.0
"2025-04-12 00:00:00",UA,1,2,-1.0,-0.99,-0.99,-0.99,-0.99,3.0
"2025-04-12 00:00:00",WN,8,215,-11.0,-5.0,-2.97,0.0,7.92,45.0
