"2025-03-03 00:00:00",AA,21,81,-13.0,-5.99,-2.97,4.01,34.82,71.0
"2025-03-03 00:00:00",DL,11,191,-16.0,-7.92,-4.01,-0.99,8.94,190.0
"2025-03-03 00:00:00",AA,6,188,-14.0,-7.92,-5.0,-1.99,7.03,367.0
"2025-03-03 00:00:00",DL,6,186,-17.0,-8.94,-5.0,-2.97,1.99,103.0
"2025-03-03 00:00:00",UA,2,1,-8.0,-8.0,-8.0,-8.0,-8.0,-8.0
"2025-03-03 00:00:00",WN,21,145,-14.0,-5.0,1.99,16.95,43.38,153.0
"2025-03-03 00:00:00",DL,21,94,-16.0,-5.99,-4.01,0.99,15.03,154.0
"2025-03-03 00:00:00",AA,5,103,-13.0,-8.94,-5.99,-4.01,0.0,209.0
"2025-03-03 00:00:00",DL,13,148,-15.0,-7.92,-4.01,-0.99,17.99,165.0
"2025-03-03 00:00:00",DL,23,25,-15.0,-10.07,-7.03,-4.01,0.0,33.0
"2025-03-03 00:00:00",UA,16,143,-19.0,-7.92,-5.0,-0.99,10.91,109.0
"2025-03-03 00:00:00",WN,17,222,-13.0,-5.0,1.99,21.12,57.4,290.0
"2025-03-03 00:00:00",UA,13,142,-19.0,-7.03,-4.01,-1.99,5.99,143.0
"2025-03-03 00:00:00",AA,19,126,-13.0,-7.03,-1.99,7.03,40.05,160.0
"2025-03-03 00:00:00",AA,20,116,-21.0,-5.99,-1.99,8.94,32.14,257.0
"2025-03-03 00:00:00",DL,16,140,-13.0,-7.92,-5.0,-0.99,7.03,258.0
"2025-03-03 00:00:00",AA,9,135,-13.0,-4.01,-2.97,0.99,21.98,252.0
"2025-03-03 00:00:00",DL,15,184,-15.0,-7.03,-4.01,0.0,19.11,303.0
"2025-03-03 00:00:00",WN,9,215,-12.0,-4.01,0.0,10.91,130.34,430.0
"2025-03-04 00:00:00",UA,2,1,-9.0,-9.0,-9.0,-9.0,-9.0,-9.0
"2025-03-04 00:00:00",AA,9,128,-12.0,-5.99,-1.99,5.0,24.78,400.0
"2025-03-04 00:00:00",WN,17,199,-15.0,-5.0,-0.99,8.94,30.88,228.0
"2025-03-04 00:00:00",WN,9,222,-14.0,-4.01,-1.99,0.99,13.87,353.0
"2025-03-04 00:00:00",AA,6,162,-16.0,-8.94,-5.99,0.0,32.79,289.0
"2025-03-04 00:00:00",DL,6,183,-19.0,-10.07,-5.99,-1.99,8.94,347.0
"2025-03-04 00:00:00",AA,5,79,-16.0,-10.07,-7.92,-5.0,0.0,67.0
"2025-03-04 00:00:00",DL,21,66,-11.0,-5.99,-1.99,10.91,41.68,501.0
"2025-03-04 00:00:00",AA,19,97,-18.0,-4.01,0.0,64.72,190.59,855.0
"2025-03-04 00:00:00",DL,23,20,-19.0,-7.92,-5.0,-1.99,0.0,10.0
"2025-03-04 00:00:00",AA,20,88,-14.0,-5.0,-0.99,26.84,104.6,532.0
"2025-03-04 00:00:00",WN,21,16,-8.0,-5.0,-1.99,1.99,21.98,159.0
"2025-03-04 00:00:00",AA,21,56,-10.0,-4.01,-0.99,32.79,117.93,754.0
"2025-03-04 00:00:00",UA,16,131,-14.0,-7.03,-1.99,4.01,36.24,802.0
"2025-03-04 00:00:00",DL,15,175,-14.0,-5.99,-2.97,1.99,27.94,601.0
"2025-03-04 00:00:00",DL,16,121,-23.0,-7.03,-2.97,5.0,29.08,394.0
"2025-03-04 00:00:00",UA,13,139,-14.0,-7.92,-4.01,0.99,30.88,529.0
"2025-03-04 00:00:00",DL,13,139,-18.0,-7.92,-5.0,-0.99,19.89,345.0
"2025-03-04 00:00:00",DL,11,184,-18.0,-7.92,-5.0,-1.99,4.01,540.0
"2025-03-05 00:00:00",AA,5,69,-12.0,-7.03,-4.01,0.99,146.95,1459.0
"2025-03-05 00:00:00",AA,19,125,-15.0,-4.01,2.97,25.79,63.44,887.0
"2025-03-05 00:00:00",UA,13,141,-13.0,-5.99,-1.99,4.01,22.88,160.0
"2025-03-05 00:00:00",AA,21,83,-7.0,-4.01,0.0,7.03,24.78,254.0
"2025-03-05 00:00:00",AA,20,112,-15.0,-4.01,0.99,21.12,48.91,153.0
"2025-03-05 00:00:00",DL,15,180,-12.0,-2.97,5.0,36.97,98.5,962.0
"2025-03-05 00:00:00",UA,16,137,-17.0,-5.0,-0.99,12.06,50.91,324.0
"2025-03-05 00:00:00",DL,16,119,-14.0,-4.01,4.01,29.08,89.13,337.0
"2025-03-05 00:00:00",WN,17,203,-13.0,-2.97,1.99,13.87,40.05,178.0
"2025-03-05 00:00:00",WN,21,17,-7.0,-4.01,8.94,19.89,74.45,151.0
"2025-03-05 00:00:00",AA,6,148,-12.0,-7.03,-4.01,0.0,32.14,1457.0
"2025-03-05 00:00:00",DL,23,20,-9.0,-4.01,-1.99,5.99,19.11,45.0
"2025-03-05 00:00:00",DL,21,68,-17.0,-2.97,7.03,27.94,47.95,133.0
"2025-03-05 00:00:00",DL,6,182,-17.0,-7.92,-5.0,-0.99,30.88,354.0
"2025-03-05 00:00:00",DL,13,142,-16.0,-5.0,0.0,22.88,80.65,332.0
"2025-03-05 00:00:00",WN,9,228,-10.0,-5.0,-1.99,2.97,15.03,141.0
"2025-03-05 00:00:00",AA,9,115,-12.0,-5.0,-0.99,10.07,46.07,123.0
"2025-03-05 00:00:00",DL,11,184,-18.0,-5.99,-1.99,19.11,89.13,612.0
"2025-03-05 00:00:00",UA,2,1,-13.0,-13.0,-13.0,-13.0,-13.0,-13.0
"2025-03-05 00:00:00",AA,1,1,-5.0,-5.0,-5.0,-5.0,-5.0,-5.0
"2025-03-06 00:00:00",UA,2,1,-9.0,-9.0,-9.0,-9.0,-9.0,-9.0
"2025-03-06 00:00:00",DL,16,140,-12.0,-5.0,-0.99,13.87,36.24,361.0
"2025-03-06 00:00:00",WN,17,246,-13.0,-1.99,5.0,22.88,41.68,182.0
"2025-03-06 00:00:00",UA,16,139,-16.0,-7.03,-2.97,1.99,13.07,252.0
"2025-03-06 00:00:00",DL,11,189,-13.0,-5.99,-1.99,1.99,15.96,269.0
"2025-03-06 00:00:00",DL,13,147,-14.0,-5.99,-1.99,7.03,17.99,119.0
"2025-03-06 00:00:00",UA,13,128,-13.0,-5.99,-2.97,1.99,19.11,127.0
"2025-03-06 00:00:00",WN,9,253,-10.0,-5.0,-1.99,2.97,16.95,133.0
"2025-03-06 00:00:00",AA,6,183,-14.0,-7.03,-4.01,-0.99,5.99,506.0
"2025-03-06 00:00:00",DL,6,186,-17.0,-7.92,-5.0,-0.99,15.96,360.0
"2025-03-06 00:00:00",DL,15,185,-15.0,-5.0,-1.99,8.94,22.88,225.0
"2025-03-06 00:00:00",AA,9,136,-15.0,-5.0,-2.97,0.0,15.03,619.0
"2025-03-06 00:00:00",AA,1,1,-8.0,-8.0,-8.0,-8.0,-8.0,-8.0
"2025-03-06 00:00:00",AA,5,105,-15.0,-7.03,-4.01,-0.99,2.97,308.0
"2025-03-06 00:00:00",AA,19,161,-17.0,-4.01,1.99,23.81,50.91,548.0
"2025-03-06 00:00:00",AA,20,119,-17.0,-5.0,-1.99,4.01,23.81,88.0
"2025-03-06 00:00:00",AA,21,97,-16.0,-2.97,1.99,27.94,67.36,231.0
"2025-03-06 00:00:00",WN,21,165,-16.0,-1.99,4.01,26.84,58.56,256.0
"2025-03-06 00:00:00",DL,21,95,-14.0,-5.99,-1.99,12.06,32.14,171.0
"2025-03-06 00:00:00",DL,23,26,-15.0,-2.97,-0.99,10.07,37.72,66.0
"2025-03-07 00:00:00",DL,6,187,-17.0,-7.92,-5.0,-0.99,5.0,301.0
"2025-03-07 00:00:00",DL,11,188,-16.0,-5.99,-4.01,0.99,21.12,305.0
"2025-03-07 00:00:00",DL,23,25,-13.0,-7.03,-1.99,5.0,7.92,23.0
"2025-03-07 00:00:00",AA,19,160,-15.0,-4.01,0.99,21.98,62.18,367.0
"2025-03-07 00:00:00",AA,9,133,-11.0,-5.0,-1.99,7.92,22.88,852.0
"2025-03-07 00:00:00",AA,21,98,-20.0,-5.99,-1.99,10.91,51.94,480.0
"2025-03-07 00:00:00",AA,20,120,-11.0,-5.0,-0.99,13.87,55.15,517.0
"2025-03-07 00:00:00",DL,21,97,-17.0,-5.0,-1.99,2.97,13.87,183.0
"2025-03-07 00:00:00",WN,21,169,-14.0,-5.0,5.0,30.27,60.95,194.0
"2025-03-07 00:00:00",DL,13,147,-18.0,-7.03,-2.97,5.99,16.95,323.0
"2025-03-07 00:00:00",UA,16,145,-16.0,-5.0,-1.99,8.94,27.94,315.0
"2025-03-07 00:00:00",WN,17,248,-9.0,-1.99,8.94,34.13,80.65,194.0
"2025-03-07 00:00:00",DL,16,141,-13.0,-5.0,-0.99,8.94,27.94,213.0
"2025-03-07 00:00:00",UA,13,128,-12.0,-5.0,-1.99,5.0,32.14,103.0
"2025-03-07 00:00:00",DL,15,187,-17.0,-5.99,-2.97,5.99,44.26,291.0
"2025-03-07 00:00:00",UA,2,1,-9.0,-9.0,-9.0,-9.0,-9.0,-9.0
"2025-03-07 00:00:00",AA,5,110,-13.0,-7.03,-5.0,-2.97,7.03,437.0
"2025-03-07 00:00:00",AA,6,184,-13.0,-7.03,-5.0,-1.99,10.07,278.0
"2025-03-07 00:00:00",WN,9,252,-9.0,-4.01,-0.99,5.99,34.13,226.0
"2025-03-07 00:00:00",AA,1,1,1.0,1.0,1.0,1.0,1.0,1.0
