"2025-02-27 00:00:00",UA,7,200,-15.0,-7.92,-5.0,-2.97,1.99,321.0
"2025-02-27 00:00:00",WN,7,198,-11.0,-5.0,-2.97,-0.99,2.97,100.0
"2025-02-27 00:00:00",WN,10,232,-11.0,-4.01,-1.99,0.99,13.87,107.0
"2025-02-27 00:00:00",WN,12,235,-13.0,-4.01,-0.99,5.99,23.81,183.0
"2025-02-27 00:00:00",DL,17,175,-22.0,-7.03,-2.97,7.03,26.84,168.0
"2025-02-27 00:00:00",UA,6,129,-15.0,-8.94,-5.99,-2.97,2.97,125.0
"2025-02-27 00:00:00",DL,22,94,-17.0,-5.0,-2.97,5.0,19.11,175.0
"2025-02-27 00:00:00",WN,5,183,-11.0,-5.0,-4.01,-0.99,2.97,281.0
"2025-02-27 00:00:00",UA,17,148,-14.0,-5.99,-1.99,2.97,15.96,216.0
"2025-02-27 00:00:00",WN,22,141,-14.0,-5.99,-4.01,5.0,19.11,87.0
"2025-02-27 00:00:00",WN,6,303,-12.0,-5.99,-2.97,-0.99,0.99,123.0
"2025-02-27 00:00:00",DL,20,100,-19.0,-5.99,-1.99,8.94,27.94,826.0
"2025-02-27 00:00:00",UA,20,82,-18.0,-5.99,-4.01,2.97,19.11,154.0
"2025-02-27 00:00:00",AA,14,155,-11.0,-4.01,0.0,13.87,56.27,318.0
"2025-02-27 00:00:00",AA,15,126,-19.0,-4.01,-0.99,10.91,58.56,1165.0
"2025-02-27 00:00:00",AA,16,152,-16.0,-4.01,1.99,15.03,55.15,970.0
"2025-02-27 00:00:00",WN,14,230,-11.0,-2.97,0.99,10.07,30.27,96.0
"2025-02-27 00:00:00",DL,0,2,6.0,6.0,6.0,6.0,6.0,17.0
"2025-02-27 00:00:00",WN,23,3,-1.0,-0.99,0.0,0.0,0.0,8.0
"2025-02-28 00:00:00",WN,5,185,-14.0,-5.0,-2.97,0.0,4.01,84.0
"2025-02-28 00:00:00",WN,12,235,-12.0,-5.0,-0.99,2.97,12.06,114.0
"2025-02-28 00:00:00",DL,0,4,-8.0,-7.92,-7.92,-5.0,-5.0,-1.0
"2025-02-28 00:00:00",UA,6,128,-14.0,-7.92,-5.0,-1.99,8.94,365.0
"2025-02-28 00:00:00",WN,6,304,-10.0,-5.0,-4.01,-0.99,1.99,247.0
"2025-02-28 00:00:00",UA,7,200,-13.0,-7.03,-5.0,-2.97,0.99,352.0
"2025-02-28 00:00:00",WN,14,230,-10.0,-4.01,0.0,7.92,17.99,82.0
"2025-02-28 00:00:00",WN,7,198,-12.0,-5.0,-2.97,-0.99,4.01,95.0
"2025-02-28 00:00:00",WN,10,232,-10.0,-4.01,-1.99,1.99,10.91,354.0
"2025-02-28 00:00:00",UA,20,82,-21.0,-7.03,-4.01,5.99,51.94,138.0
"2025-02-28 00:00:00",UA,17,145,-23.0,-5.99,-2.97,1.99,27.94,214.0
"2025-02-28 00:00:00",WN,22,139,-13.0,-7.03,-5.0,-0.99,10.91,105.0
"2025-02-28 00:00:00",DL,22,94,-19.0,-5.99,-2.97,2.97,16.95,99.0
"2025-02-28 00:00:00",DL,20,101,-18.0,-7.03,-1.99,2.97,19.11,140.0
"2025-02-28 00:00:00",DL,17,175,-25.0,-7.92,-4.01,0.99,23.81,249.0
"2025-02-28 00:00:00",AA,15,126,-14.0,-5.0,-0.99,5.0,46.07,395.0
"2025-02-28 00:00:00",AA,16,152,-11.0,-5.99,-1.99,4.01,30.88,111.0
"2025-02-28 00:00:00",AA,14,156,-10.0,-5.0,-1.99,4.01,19.11,145.0
"2025-02-28 00:00:00",WN,23,3,-15.0,-15.0,-4.01,-4.01,-4.01,0.0
"2025-03-01 00:00:00",WN,5,131,-15.0,-5.0,-2.97,-0.99,0.99,278.0
"2025-03-01 00:00:00",UA,6,123,-13.0,-7.92,-5.0,-0.99,5.0,115.0
"2025-03-01 00:00:00",WN,6,280,-12.0,-5.0,-2.97,-0.99,4.01,213.0
"2025-03-01 00:00:00",UA,7,179,-15.0,-7.92,-5.0,-1.99,10.07,528.0
"2025-03-01 00:00:00",WN,7,206,-11.0,-5.99,-4.01,-0.99,5.0,70.0
"2025-03-01 00:00:00",DL,0,4,-16.0,-15.96,-13.87,-12.06,-12.06,-12.0
"2025-03-01 00:00:00",WN,10,234,-15.0,-5.0,-2.97,0.0,10.07,147.0
"2025-03-01 00:00:00",WN,12,198,-12.0,-4.01,-1.99,2.97,13.87,197.0
"2025-03-01 00:00:00",WN,14,222,-13.0,-4.01,-0.99,7.03,17.99,61.0
"2025-03-01 00:00:00",AA,14,141,-17.0,-5.0,-1.99,7.03,25.79,115.0
"2025-03-01 00:00:00",AA,15,109,-21.0,-5.0,-1.99,7.03,26.84,222.0
"2025-03-01 00:00:00",AA,16,142,-20.0,-5.99,-1.99,7.03,34.13,127.0
"2025-03-01 00:00:00",DL,17,148,-23.0,-8.94,-5.0,0.99,21.98,117.0
"2025-03-01 00:00:00",UA,17,120,-16.0,-5.0,-1.99,7.03,24.78,160.0
"2025-03-01 00:00:00",UA,20,63,-15.0,-5.99,0.0,10.07,26.84,126.0
"2025-03-01 00:00:00",DL,20,67,-22.0,-7.03,-2.97,0.0,13.07,104.0
"2025-03-01 00:00:00",WN,22,5,-7.0,-7.0,-5.0,-2.97,-2.97,12.0
"2025-03-01 00:00:00",DL,22,68,-10.0,-5.99,-2.97,1.99,13.87,62.0
"2025-03-01 00:00:00",WN,23,2,-6.0,-5.99,-5.99,-5.99,-5.99,2.0
"2025-03-02 00:00:00",DL,20,100,-14.0,-5.99,-1.99,16.95,36.97,171.0
"2025-03-02 00:00:00",WN,5,183,-11.0,-5.99,-4.01,-1.99,0.0,339.0
"2025-03-02 00:00:00",AA,14,156,-12.0,-5.0,-2.97,7.03,27.94,372.0
"2025-03-02 00:00:00",DL,22,94,-15.0,-5.99,-2.97,5.0,15.96,167.0
"2025-03-02 00:00:00",UA,20,81,-14.0,-7.03,-1.99,7.92,15.03,123.0
"2025-03-02 00:00:00",WN,22,143,-15.0,-5.0,0.0,8.94,22.88,46.0
"2025-03-02 00:00:00",WN,14,227,-9.0,-2.97,0.0,7.92,22.88,153.0
"2025-03-02 00:00:00",DL,17,177,-18.0,-7.03,-2.97,2.97,19.89,224.0
"2025-03-02 00:00:00",UA,17,142,-15.0,-5.99,-1.99,0.0,13.87,64.0
"2025-03-02 00:00:00",AA,15,127,-12.0,-4.01,-0.99,21.12,47.95,127.0
"2025-03-02 00:00:00",AA,16,151,-16.0,-4.01,-0.99,13.07,45.15,311.0
"2025-03-02 00:00:00",UA,6,125,-13.0,-7.92,-5.0,-1.99,5.0,54.0
"2025-03-02 00:00:00",WN,12,235,-10.0,-4.01,-1.99,2.97,13.07,60.0
"2025-03-02 00:00:00",UA,7,195,-13.0,-7.92,-5.0,-1.99,5.99,389.0
"2025-03-02 00:00:00",WN,7,198,-11.0,-5.99,-5.0,-1.99,1.99,198.0
"2025-03-02 00:00:00",WN,10,230,-12.0,-5.0,-1.99,1.99,10.07,177.0
"2025-03-02 00:00:00",WN,6,294,-14.0,-5.99,-4.01,-1.99,1.99,55.0
"2025-03-02 00:00:00",WN,23,3,-2.0,-1.99,1.99,1.99,1.99,4.0
"2025-03-02 00:00:00",DL,0,1,-11.0,-11.0,-11.0,-11.0,-11.0,-11.0
