"2025-02-22 00:00:00",UA,1,1,-12.0,-12.0,-12.0,-12.0,-12.0,-12.0
"2025-02-22 00:00:00",DL,1,2,-10.0,-10.0,-10.0,-10.0,-10.0,3.0
"2025-02-22 00:00:00",UA,5,30,-9.0,-7.03,-5.99,-2.97,1.99,27.0
"2025-02-22 00:00:00",DL,5,59,-12.0,-7.92,-5.0,0.0,21.98,338.0
"2025-02-22 00:00:00",AA,7,170,-12.0,-5.99,-4.01,-0.99,7.03,192.0
"2025-02-22 00:00:00",AA,8,180,-12.0,-5.99,-4.01,2.97,32.14,382.0
"2025-02-22 00:00:00",WN,8,238,-11.0,-5.0,-1.99,1.99,13.87,130.0
"2025-02-22 00:00:00",UA,9,126,-12.0,-5.99,-2.97,0.0,10.07,182.0
"2025-02-22 00:00:00",AA,11,142,-12.0,-5.0,-1.99,5.0,15.96,194.0
"2025-02-22 00:00:00",UA,11,113,-10.0,-5.0,-1.99,5.0,13.87,614.0
"2025-02-22 00:00:00",AA,13,117,-12.0,-5.99,-1.99,5.99,25.79,1115.0
"2025-02-22 00:00:00",WN,13,196,-11.0,-4.01,-0.99,5.0,21.98,159.0
"2025-02-22 00:00:00",DL,14,121,-13.0,-5.99,-2.97,2.97,32.14,376.0
"2025-02-22 00:00:00",UA,14,120,-13.0,-5.99,-1.99,7.92,23.81,363.0
"2025-02-22 00:00:00",WN,15,221,-15.0,-5.0,-0.99,10.07,25.79,121.0
"2025-02-22 00:00:00",UA,15,78,-17.0,-5.99,-2.97,0.99,16.95,61.0
"2025-02-22 00:00:00",AA,17,135,-12.0,-5.99,-1.99,13.07,43.38,231.0
"2025-02-22 00:00:00",AA,18,132,-15.0,-5.0,-1.99,12.06,32.14,140.0
"2025-02-22 00:00:00",UA,19,105,-16.0,-5.99,-1.99,7.92,21.12,128.0
"2025-02-22 00:00:00",WN,20,149,-13.0,-5.99,-2.97,4.01,29.08,138.0
"2025-02-22 00:00:00",UA,22,32,-12.0,-7.92,-5.0,0.99,8.94,20.0
"2025-02-22 00:00:00",AA,23,21,-10.0,-7.03,-4.01,0.0,5.99,707.0
"2025-02-23 00:00:00",DL,5,69,-20.0,-7.92,-5.0,-1.99,0.0,31.0
"2025-02-23 00:00:00",AA,23,31,-11.0,-5.99,-4.01,0.99,32.14,620.0
"2025-02-23 00:00:00",UA,1,1,-14.0,-14.0,-14.0,-14.0,-14.0,-14.0
"2025-02-23 00:00:00",AA,7,204,-14.0,-7.03,-4.01,-0.99,5.0,411.0
"2025-02-23 00:00:00",WN,15,239,-13.0,-1.99,2.97,13.87,24.78,101.0
"2025-02-23 00:00:00",UA,15,85,-10.0,-5.0,-0.99,5.99,23.81,148.0
"2025-02-23 00:00:00",WN,20,263,-14.0,-4.01,0.99,10.91,30.27,171.0
"2025-02-23 00:00:00",UA,22,32,-13.0,-5.99,-2.97,1.99,7.03,80.0
"2025-02-23 00:00:00",UA,19,134,-11.0,-2.97,-0.99,7.03,22.88,141.0
"2025-02-23 00:00:00",AA,18,162,-13.0,-4.01,0.0,16.95,58.56,723.0
"2025-02-23 00:00:00",AA,17,164,-9.0,-4.01,0.99,13.07,46.07,1024.0
"2025-02-23 00:00:00",AA,8,196,-15.0,-7.03,-4.01,-0.99,7.03,132.0
"2025-02-23 00:00:00",UA,14,125,-16.0,-5.0,-0.99,7.03,19.11,192.0
"2025-02-23 00:00:00",DL,1,2,-10.0,-10.0,-10.0,-10.0,-10.0,-8.0
"2025-02-23 00:00:00",AA,13,143,-15.0,-4.01,-1.99,5.0,32.14,568.0
"2025-02-23 00:00:00",UA,5,29,-10.0,-7.92,-5.0,-2.97,0.99,17.0
"2025-02-23 00:00:00",WN,8,277,-11.0,-5.0,-2.97,-0.99,2.97,42.0
"2025-02-23 00:00:00",WN,13,229,-10.0,-1.99,0.99,8.94,19.11,309.0
"2025-02-23 00:00:00",DL,14,139,-15.0,-5.99,-2.97,5.0,30.88,192.0
"2025-02-23 00:00:00",UA,9,134,-13.0,-5.99,-2.97,0.99,10.91,268.0
"2025-02-23 00:00:00",AA,11,167,-10.0,-5.0,-2.97,1.99,16.95,189.0
"2025-02-23 00:00:00",UA,11,126,-12.0,-5.0,-1.99,5.0,17.99,105.0
