"2025-01-11 00:00:00",AA,5,66,-9.0,-4.01,-0.99,10.91,62.18,326.0
"2025-01-11 00:00:00",WN,17,191,-12.0,-5.0,-0.99,8.94,25.79,134.0
"2025-01-11 00:00:00",UA,2,1,-7.0,-7.0,-7.0,-7.0,-7.0,-7.0
"2025-01-11 00:00:00",UA,13,120,-13.0,-5.0,-0.99,10.91,51.94,264.0
"2025-01-11 00:00:00",AA,6,132,-13.0,-5.0,-1.99,5.0,63.44,972.0
"2025-01-11 00:00:00",DL,15,133,-21.0,1.99,29.08,98.5,144.04,283.0
"2025-01-11 00:00:00",UA,16,108,-16.0,-5.99,-1.99,5.99,24.78,405.0
"2025-01-11 00:00:00",DL,16,88,-12.0,2.97,52.99,120.31,162.41,915.0
"2025-01-11 00:00:00",DL,11,139,-11.0,2.97,32.79,108.86,194.44,356.0
"2025-01-11 00:00:00",DL,13,112,-17.0,0.0,32.79,111.06,179.49,392.0
"2025-01-11 00:00:00",DL,6,114,-21.0,-5.99,0.0,58.56,186.82,643.0
"2025-01-11 00:00:00",DL,21,66,-12.0,-1.99,10.91,47.95,94.64,741.0
"2025-01-11 00:00:00",AA,21,77,-8.0,-1.99,7.92,21.12,47.95,474.0
"2025-01-11 00:00:00",WN,21,3,-1.0,-0.99,0.99,0.99,0.99,3.0
"2025-01-11 00:00:00",DL,23,19,-7.0,-2.97,4.01,7.92,62.18,98.0
"2025-01-11 00:00:00",WN,9,219,-13.0,-5.0,-1.99,0.99,13.87,202.0
"2025-01-11 00:00:00",AA,19,98,-16.0,-2.97,2.97,21.98,59.75,276.0
"2025-01-11 00:00:00",AA,9,114,-15.0,-2.97,0.0,16.95,50.91,382.0
"2025-01-11 00:00:00",AA,20,77,-14.0,-5.0,-0.99,12.06,36.24,92.0
"2025-01-12 00:00:00",WN,9,219,-11.0,-5.0,-1.99,1.99,13.87,88.0
"2025-01-12 00:00:00",UA,16,124,-15.0,-5.99,-2.97,10.07,41.68,363.0
"2025-01-12 00:00:00",DL,6,166,-14.0,-5.99,-0.99,10.07,54.06,443.0
"2025-01-12 00:00:00",DL,21,81,-10.0,-2.97,1.99,21.12,34.82,157.0
"2025-01-12 00:00:00",WN,17,223,-14.0,-4.01,0.99,13.87,27.94,269.0
"2025-01-12 00:00:00",DL,11,181,-12.0,0.0,17.99,58.56,96.55,1137.0
"2025-01-12 00:00:00",DL,13,133,-12.0,-0.99,17.99,57.4,92.77,460.0
"2025-01-12 00:00:00",DL,15,159,-18.0,0.0,23.81,55.15,98.5,444.0
"2025-01-12 00:00:00",DL,16,106,-14.0,-1.99,10.07,44.26,74.45,238.0
"2025-01-12 00:00:00",UA,13,129,-18.0,-5.99,-2.97,4.01,32.79,194.0
"2025-01-12 00:00:00",DL,23,22,-14.0,-4.01,0.99,15.03,30.27,71.0
"2025-01-12 00:00:00",AA,9,136,-19.0,-5.0,-1.99,5.0,32.14,1587.0
"2025-01-12 00:00:00",UA,2,1,-7.0,-7.0,-7.0,-7.0,-7.0,-7.0
"2025-01-12 00:00:00",WN,21,149,-12.0,-5.99,-2.97,1.99,15.03,95.0
"2025-01-12 00:00:00",AA,20,123,-20.0,-4.01,0.0,10.07,24.78,115.0
"2025-01-12 00:00:00",AA,19,148,-18.0,-7.03,-1.99,13.07,63.44,165.0
"2025-01-12 00:00:00",AA,21,83,-12.0,-5.0,-1.99,4.01,26.84,100.0
"2025-01-12 00:00:00",AA,6,169,-15.0,-7.03,-5.0,0.0,13.07,258.0
"2025-01-12 00:00:00",AA,5,88,-13.0,-5.99,-4.01,0.0,27.94,495.0
"2025-01-13 00:00:00",DL,6,180,-17.0,-7.92,-5.0,0.0,15.96,751.0
"2025-01-13 00:00:00",AA,9,134,-13.0,-5.99,-2.97,0.0,10.07,330.0
"2025-01-13 00:00:00",WN,9,235,-12.0,-5.0,-2.97,0.0,5.0,37.0
"2025-01-13 00:00:00",DL,11,181,-15.0,-5.0,-1.99,8.94,25.79,224.0
"2025-01-13 00:00:00",UA,2,1,92.0,92.0,92.0,92.0,92.0,92.0
"2025-01-13 00:00:00",AA,6,179,-12.0,-7.92,-5.0,-1.99,4.01,2455.0
"2025-01-13 00:00:00",AA,1,1,-7.0,-7.0,-7.0,-7.0,-7.0,-7.0
"2025-01-13 00:00:00",DL,13,137,-17.0,-5.99,-1.99,7.03,26.84,203.0
"2025-01-13 00:00:00",UA,13,133,-18.0,-7.03,-5.0,0.0,21.98,155.0
"2025-01-13 00:00:00",DL,15,176,-17.0,-5.0,-0.99,12.06,32.79,298.0
"2025-01-13 00:00:00",DL,16,112,-15.0,-7.03,-2.97,7.92,24.78,168.0
"2025-01-13 00:00:00",DL,21,80,-19.0,-7.92,-4.01,0.0,12.06,63.0
"2025-01-13 00:00:00",UA,16,121,-16.0,-7.92,-4.01,0.99,13.07,108.0
"2025-01-13 00:00:00",AA,5,103,-13.0,-7.92,-5.0,-2.97,0.0,1553.0
"2025-01-13 00:00:00",DL,23,23,-17.0,-7.92,-5.0,-1.99,7.92,75.0
"2025-01-13 00:00:00",WN,17,198,-15.0,-7.03,-4.01,0.0,5.99,36.0
"2025-01-13 00:00:00",WN,21,15,-10.0,-8.94,-5.99,-2.97,0.0,19.0
"2025-01-13 00:00:00",AA,19,109,-20.0,-7.03,-2.97,1.99,50.91,187.0
"2025-01-13 00:00:00",AA,21,79,-14.0,-5.99,-1.99,4.01,36.24,196.0
"2025-01-13 00:00:00",AA,20,83,-17.0,-5.99,-2.97,2.97,40.86,142.0
"2025-01-14 00:00:00",AA,6,171,-14.0,-8.94,-5.99,-2.97,10.07,473.0
"2025-01-14 00:00:00",UA,13,124,-16.0,-7.92,-5.0,-1.99,7.03,160.0
"2025-01-14 00:00:00",AA,5,81,-16.0,-10.07,-5.99,-1.99,10.91,290.0
"2025-01-14 00:00:00",UA,16,116,-15.0,-8.94,-4.01,0.0,7.03,103.0
"2025-01-14 00:00:00",DL,23,19,-18.0,-13.07,-5.99,-0.99,32.14,72.0
"2025-01-14 00:00:00",UA,2,1,-11.0,-11.0,-11.0,-11.0,-11.0,-11.0
"2025-01-14 00:00:00",DL,6,178,-19.0,-10.07,-5.99,-1.99,0.99,435.0
"2025-01-14 00:00:00",DL,13,128,-19.0,-8.94,-5.0,-0.99,8.94,305.0
"2025-01-14 00:00:00",DL,11,169,-19.0,-7.03,-4.01,0.99,8.94,109.0
"2025-01-14 00:00:00",AA,9,129,-16.0,-7.03,-4.01,-0.99,7.92,351.0
"2025-01-14 00:00:00",WN,9,235,-13.0,-5.99,-4.01,-0.99,5.0,134.0
"2025-01-14 00:00:00",WN,21,15,-15.0,-7.92,-5.0,-5.0,0.0,20.0
"2025-01-14 00:00:00",DL,15,155,-17.0,-5.99,-4.01,1.99,15.96,168.0
"2025-01-14 00:00:00",DL,16,97,-15.0,-5.99,-2.97,4.01,15.03,88.0
"2025-01-14 00:00:00",WN,17,198,-15.0,-7.03,-4.01,-0.99,13.07,132.0
"2025-01-14 00:00:00",DL,21,63,-17.0,-7.03,-4.01,0.0,10.91,124.0
"2025-01-14 00:00:00",AA,21,77,-19.0,-5.99,-4.01,0.0,15.03,72.0
"2025-01-14 00:00:00",AA,19,103,-22.0,-7.03,-2.97,0.0,10.07,211.0
"2025-01-14 00:00:00",AA,20,76,-26.0,-7.92,-5.0,-2.97,1.99,62.0
"2025-01-15 00:00:00",DL,15,157,-20.0,-7.03,-4.01,0.0,10.91,164.0
"2025-01-15 00:00:00",AA,9,133,-13.0,-7.03,-4.01,-0.99,7.03,2063.0
"2025-01-15 00:00:00",DL,16,101,-15.0,-7.03,-5.0,-1.99,5.0,148.0
"2025-01-15 00:00:00",UA,16,119,-14.0,-7.92,-4.01,0.99,7.92,248.0
"2025-01-15 00:00:00",WN,9,235,-11.0,-5.99,-2.97,-0.99,7.03,107.0
"2025-01-15 00:00:00",DL,13,130,-18.0,-7.92,-5.0,-1.99,4.01,107.0
"2025-01-15 00:00:00",UA,13,128,-19.0,-8.94,-5.0,-1.99,5.99,344.0
"2025-01-15 00:00:00",DL,11,171,-17.0,-7.03,-4.01,0.0,16.95,227.0
"2025-01-15 00:00:00",AA,5,80,-13.0,-8.94,-5.99,-2.97,5.99,71.0
"2025-01-15 00:00:00",DL,6,173,-18.0,-8.94,-5.99,-1.99,5.99,181.0
"2025-01-15 00:00:00",AA,6,169,-15.0,-7.92,-5.99,-1.99,1.99,184.0
"2025-01-15 00:00:00",UA,2,1,23.0,23.0,23.0,23.0,23.0,23.0
"2025-01-15 00:00:00",DL,23,20,-11.0,-5.99,-2.97,0.0,10.91,14.0
"2025-01-15 00:00:00",WN,21,15,-12.0,-7.92,-2.97,-1.99,0.99,18.0
"2025-01-15 00:00:00",DL,21,63,-23.0,-7.92,-5.99,-1.99,0.99,66.0
"2025-01-15 00:00:00",AA,20,79,-28.0,-7.92,-4.01,-0.99,13.87,106.0
"2025-01-15 00:00:00",AA,21,79,-17.0,-5.99,-2.97,0.0,10.07,57.0
"2025-01-15 00:00:00",WN,17,195,-15.0,-5.99,-2.97,0.99,10.91,101.0
"2025-01-15 00:00:00",AA,19,106,-14.0,-7.03,-2.97,0.0,7.03,122.0
