"2025-03-09 00:00:00",WN,15,224,-10.0,-1.99,5.0,15.03,40.86,133.0
"2025-03-09 00:00:00",UA,5,38,-11.0,-7.03,-5.0,-0.99,5.0,55.0
"2025-03-09 00:00:00",DL,5,68,-15.0,-7.03,-4.01,-0.99,4.01,50.0
"2025-03-09 00:00:00",AA,8,197,-13.0,-5.0,-2.97,5.0,26.84,500.0
"2025-03-09 00:00:00",WN,8,245,-12.0,-5.0,-1.99,1.99,13.87,293.0
"2025-03-09 00:00:00",UA,9,127,-16.0,-5.99,-2.97,0.0,16.95,147.0
"2025-03-09 00:00:00",AA,7,217,-15.0,-7.03,-4.01,-0.99,8.94,265.0
"2025-03-09 00:00:00",UA,15,89,-11.0,-5.0,-0.99,10.91,32.14,305.0
"2025-03-09 00:00:00",UA,1,1,-7.0,-7.0,-7.0,-7.0,-7.0,-7.0
"2025-03-09 00:00:00",UA,22,35,-14.0,-7.03,-4.01,2.97,15.96,53.0
"2025-03-09 00:00:00",AA,23,39,-15.0,-7.92,-4.01,-0.99,10.07,97.0
"2025-03-09 00:00:00",AA,17,152,-10.0,-4.01,0.0,21.12,56.27,317.0
"2025-03-09 00:00:00",UA,19,131,-13.0,-5.99,-1.99,10.07,36.24,135.0
"2025-03-09 00:00:00",AA,18,169,-19.0,-2.97,1.99,15.03,40.05,204.0
"2025-03-09 00:00:00",WN,20,251,-11.0,-2.97,4.01,19.89,48.91,199.0
"2025-03-09 00:00:00",AA,11,164,-11.0,-5.0,-0.99,13.07,25.79,347.0
"2025-03-09 00:00:00",UA,14,125,-15.0,-5.0,-2.97,5.0,32.14,475.0
"2025-03-09 00:00:00",UA,11,120,-11.0,-5.99,-2.97,7.03,27.94,236.0
"2025-03-09 00:00:00",WN,13,238,-13.0,-1.99,1.99,15.03,37.72,226.0
"2025-03-09 00:00:00",AA,13,149,-10.0,-5.0,-0.99,19.11,56.27,1110.0
"2025-03-09 00:00:00",DL,14,154,-15.0,-5.0,-0.99,10.91,32.79,265.0
"2025-03-10 00:00:00",AA,7,223,-12.0,-7.03,-4.01,-0.99,10.07,605.0
"2025-03-10 00:00:00",UA,11,125,-12.0,-5.99,-2.97,0.99,12.06,168.0
"2025-03-10 00:00:00",AA,13,148,-13.0,-4.01,0.0,10.07,54.06,288.0
"2025-03-10 00:00:00",WN,13,245,-10.0,-2.97,0.0,12.06,34.82,195.0
"2025-03-10 00:00:00",UA,14,128,-15.0,-7.03,-4.01,0.0,12.06,1160.0
"2025-03-10 00:00:00",UA,1,1,18.0,18.0,18.0,18.0,18.0,18.0
"2025-03-10 00:00:00",WN,20,274,-15.0,-5.99,-2.97,7.92,26.84,107.0
"2025-03-10 00:00:00",DL,5,67,-16.0,-7.92,-5.0,-1.99,0.99,283.0
"2025-03-10 00:00:00",WN,8,268,-11.0,-5.0,-2.97,0.0,8.94,77.0
"2025-03-10 00:00:00",WN,15,212,-12.0,-4.01,0.0,10.91,26.84,145.0
"2025-03-10 00:00:00",AA,8,198,-14.0,-5.99,-4.01,0.99,34.13,703.0
"2025-03-10 00:00:00",UA,5,42,-14.0,-10.07,-7.03,-5.0,-0.99,103.0
"2025-03-10 00:00:00",DL,1,2,0.0,0.0,0.0,0.0,0.0,58.0
"2025-03-10 00:00:00",AA,23,27,-22.0,-10.07,-5.99,-1.99,25.79,70.0
"2025-03-10 00:00:00",UA,15,94,-15.0,-7.03,-5.0,5.99,15.96,81.0
"2025-03-10 00:00:00",UA,22,34,-13.0,-7.92,-5.99,-2.97,0.99,31.0
"2025-03-10 00:00:00",DL,14,154,-18.0,-5.99,-0.99,7.92,32.79,198.0
"2025-03-10 00:00:00",UA,9,133,-13.0,-7.03,-5.0,-0.99,4.01,149.0
"2025-03-10 00:00:00",AA,18,168,-16.0,-5.0,0.0,27.94,71.53,660.0
"2025-03-10 00:00:00",AA,17,154,-12.0,-4.01,0.0,21.98,92.77,1715.0
"2025-03-10 00:00:00",UA,19,128,-15.0,-8.94,-5.0,0.0,10.91,123.0
"2025-03-10 00:00:00",AA,11,165,-12.0,-5.0,-0.99,8.94,47.95,577.0
"2025-03-11 00:00:00",DL,5,67,-19.0,-10.07,-7.03,-2.97,0.0,405.0
"2025-03-11 00:00:00",UA,1,1,-11.0,-11.0,-11.0,-11.0,-11.0,-11.0
"2025-03-11 00:00:00",WN,15,215,-14.0,-5.0,-2.97,0.99,10.07,259.0
"2025-03-11 00:00:00",UA,15,87,-15.0,-8.94,-5.99,-2.97,5.0,82.0
"2025-03-11 00:00:00",AA,18,168,-15.0,-7.92,-5.0,0.0,19.11,268.0
"2025-03-11 00:00:00",WN,20,180,-14.0,-7.03,-5.0,0.0,17.99,145.0
"2025-03-11 00:00:00",AA,23,27,-17.0,-10.07,-7.92,-5.0,4.01,143.0
"2025-03-11 00:00:00",WN,8,269,-11.0,-5.99,-4.01,-0.99,4.01,178.0
"2025-03-11 00:00:00",WN,13,235,-13.0,-5.99,-2.97,0.0,5.99,135.0
"2025-03-11 00:00:00",AA,17,154,-20.0,-7.92,-4.01,0.99,15.96,67.0
"2025-03-11 00:00:00",UA,19,115,-18.0,-8.94,-7.03,-2.97,2.97,75.0
"2025-03-11 00:00:00",UA,14,121,-17.0,-7.92,-5.99,-0.99,10.07,66.0
"2025-03-11 00:00:00",UA,5,36,-14.0,-8.94,-7.92,-5.0,5.0,455.0
"2025-03-11 00:00:00",AA,7,221,-15.0,-7.92,-5.0,-2.97,7.03,188.0
"2025-03-11 00:00:00",DL,1,2,-8.0,-7.92,-7.92,-7.92,-7.92,-3.0
"2025-03-11 00:00:00",UA,22,31,-13.0,-7.92,-4.01,0.0,5.99,136.0
"2025-03-11 00:00:00",UA,9,129,-18.0,-8.94,-5.99,-2.97,-0.99,138.0
"2025-03-11 00:00:00",AA,13,147,-12.0,-7.03,-4.01,0.0,12.06,297.0
"2025-03-11 00:00:00",DL,14,145,-17.0,-7.03,-4.01,1.99,19.89,210.0
"2025-03-11 00:00:00",AA,11,168,-12.0,-7.03,-4.01,0.0,13.87,156.0
"2025-03-11 00:00:00",AA,8,198,-14.0,-7.03,-4.01,-0.99,10.91,243.0
"2025-03-11 00:00:00",UA,11,121,-17.0,-7.92,-5.0,-0.99,10.91,135.0
"2025-03-12 00:00:00",DL,1,2,-11.0,-10.91,-10.91,-10.91,-10.91,-10.0
"2025-03-12 00:00:00",UA,19,127,-19.0,-7.03,-2.97,4.01,40.86,129.0
"2025-03-12 00:00:00",AA,18,169,-13.0,-5.0,-0.99,13.07,43.38,840.0
"2025-03-12 00:00:00",UA,1,1,-6.0,-6.0,-6.0,-6.0,-6.0,-6.0
"2025-03-12 00:00:00",AA,13,148,-18.0,-5.99,-2.97,0.0,15.96,394.0
"2025-03-12 00:00:00",WN,15,216,-14.0,-4.01,-0.99,7.92,26.84,135.0
"2025-03-12 00:00:00",UA,15,92,-24.0,-7.92,-4.01,0.0,19.11,268.0
"2025-03-12 00:00:00",AA,17,153,-13.0,-5.99,-2.97,0.0,16.95,296.0
"2025-03-12 00:00:00",WN,13,235,-12.0,-5.0,-2.97,4.01,21.12,171.0
"2025-03-12 00:00:00",DL,14,146,-16.0,-5.99,-2.97,0.99,10.07,107.0
"2025-03-12 00:00:00",UA,14,126,-13.0,-7.03,-2.97,4.01,63.44,230.0
"2025-03-12 00:00:00",AA,23,27,-18.0,-5.99,-2.97,0.99,15.03,521.0
"2025-03-12 00:00:00",UA,22,34,-18.0,-7.03,-2.97,5.0,17.99,100.0
"2025-03-12 00:00:00",AA,11,169,-15.0,-5.99,-2.97,1.99,15.03,484.0
"2025-03-12 00:00:00",DL,5,67,-16.0,-10.07,-5.99,-2.97,-0.99,531.0
"2025-03-12 00:00:00",UA,11,126,-14.0,-7.03,-4.01,0.99,37.72,117.0
"2025-03-12 00:00:00",AA,7,221,-18.0,-7.92,-5.0,-1.99,4.01,829.0
"2025-03-12 00:00:00",WN,8,268,-10.0,-5.0,-2.97,-0.99,4.01,78.0
"2025-03-12 00:00:00",UA,9,130,-17.0,-7.03,-4.01,-1.99,7.92,122.0
"2025-03-12 00:00:00",AA,8,199,-15.0,-7.03,-4.01,-0.99,13.07,383.0
"2025-03-12 00:00:00",UA,5,36,-13.0,-10.07,-7.92,-5.0,-1.99,18.0
"2025-03-12 00:00:00",WN,20,177,-14.0,-7.03,-2.97,5.0,26.84,107.0
"2025-03-13 00:00:00",UA,5,42,-14.0,-7.92,-5.99,-4.01,-1.99,109.0
"2025-03-13 00:00:00",AA,7,222,-16.0,-7.03,-5.0,-1.99,1.99,143.0
"2025-03-13 00:00:00",AA,17,155,-13.0,-5.99,-1.99,15.96,40.86,267.0
"2025-03-13 00:00:00",DL,1,2,-6.0,-5.99,-5.99,-5.99,-5.99,0.0
"2025-03-13 00:00:00",AA,23,29,-7.0,-5.0,-2.97,16.95,34.13,68.0
"2025-03-13 00:00:00",UA,1,1,-10.0,-10.0,-10.0,-10.0,-10.0,-10.0
"2025-03-13 00:00:00",WN,20,275,-10.0,-2.97,2.97,27.94,68.72,265.0
"2025-03-13 00:00:00",DL,5,68,-17.0,-10.07,-5.99,-2.97,0.0,78.0
"2025-03-13 00:00:00",UA,22,35,-12.0,-5.99,-2.97,1.99,12.06,22.0
"2025-03-13 00:00:00",AA,18,169,-13.0,-4.01,0.0,17.99,37.72,222.0
"2025-03-13 00:00:00",UA,19,135,-21.0,-5.99,-0.99,15.96,43.38,272.0
"2025-03-13 00:00:00",AA,11,166,-14.0,-5.0,-2.97,7.03,32.14,313.0
"2025-03-13 00:00:00",UA,15,93,-10.0,-5.99,-2.97,0.0,25.79,308.0
"2025-03-13 00:00:00",UA,14,127,-13.0,-5.99,-1.99,1.99,13.87,339.0
"2025-03-13 00:00:00",AA,13,146,-11.0,-5.0,-1.99,8.94,36.24,223.0
"2025-03-13 00:00:00",WN,15,213,-10.0,-1.99,1.99,22.88,59.75,193.0
"2025-03-13 00:00:00",WN,13,242,-10.0,-2.97,0.0,16.95,71.53,173.0
"2025-03-13 00:00:00",DL,14,153,-15.0,-5.99,-2.97,7.03,34.13,319.0
"2025-03-13 00:00:00",AA,8,199,-12.0,-5.99,-2.97,0.99,26.84,797.0
"2025-03-13 00:00:00",WN,8,257,-12.0,-5.0,-2.97,0.99,10.91,77.0
"2025-03-13 00:00:00",UA,9,134,-17.0,-7.03,-5.0,-1.99,17.99,110.0
"2025-03-13 00:00:00",UA,11,125,-20.0,-5.99,-4.01,1.99,23.81,306.0
