"2025-04-08 00:00:00",WN,6,288,-12.0,-5.99,-4.01,-1.99,0.0,85.0
"2025-04-08 00:00:00",WN,5,88,-11.0,-5.99,-4.01,-0.99,1.99,63.0
"2025-04-08 00:00:00",UA,7,189,-14.0,-8.94,-5.99,-4.01,-0.99,244.0
"2025-04-08 00:00:00",WN,7,224,-12.0,-5.99,-4.01,-0.99,2.97,109.0
"2025-04-08 00:00:00",WN,22,7,-8.0,-7.92,-0.99,1.99,2.97,4.0
"2025-04-08 00:00:00",UA,6,127,-19.0,-10.07,-7.03,-5.0,-1.99,33.0
"2025-04-08 00:00:00",DL,0,7,-15.0,-13.07,-10.07,-5.0,26.84,69.0
"2025-04-08 00:00:00",WN,23,6,-10.0,-8.94,-8.94,-5.99,-0.99,0.0
"2025-04-08 00:00:00",DL,22,94,-19.0,-7.03,-2.97,5.99,44.26,895.0
"2025-04-08 00:00:00",DL,17,175,-26.0,-7.92,-2.97,7.03,60.95,267.0
"2025-04-08 00:00:00",UA,20,76,-11.0,-5.99,-0.99,8.94,19.89,73.0
"2025-04-08 00:00:00",DL,20,95,-19.0,-5.99,-1.99,13.07,55.15,259.0
"2025-04-08 00:00:00",UA,17,130,-13.0,-7.92,-4.01,1.99,36.24,151.0
"2025-04-08 00:00:00",WN,14,220,-12.0,-5.0,-1.99,5.99,23.81,159.0
"2025-04-08 00:00:00",AA,16,142,-13.0,-5.0,-0.99,15.96,56.27,322.0
"2025-04-08 00:00:00",AA,15,130,-13.0,-5.99,-1.99,15.03,67.36,168.0
"2025-04-08 00:00:00",WN,10,257,-12.0,-5.0,-1.99,1.99,7.03,149.0
"2025-04-08 00:00:00",WN,12,217,-12.0,-5.99,-2.97,1.99,15.03,454.0
"2025-04-08 00:00:00",AA,14,141,-15.0,-5.99,-1.99,5.0,41.68,441.0
"2025-04-09 00:00:00",DL,0,4,-12.0,-12.0,-7.03,-7.03,-7.03,17.0
"2025-04-09 00:00:00",DL,17,179,-30.0,-7.92,-2.97,1.99,21.98,238.0
"2025-04-09 00:00:00",WN,5,91,-15.0,-5.0,-4.01,-1.99,0.99,29.0
"2025-04-09 00:00:00",WN,14,220,-11.0,-5.0,-0.99,5.0,16.95,62.0
"2025-04-09 00:00:00",UA,17,136,-16.0,-5.0,-1.99,1.99,16.95,320.0
"2025-04-09 00:00:00",AA,16,150,-16.0,-5.0,-1.99,7.03,43.38,209.0
"2025-04-09 00:00:00",AA,14,148,-10.0,-5.0,-0.99,7.03,21.98,990.0
"2025-04-09 00:00:00",DL,20,98,-24.0,-7.03,-4.01,-0.99,7.03,101.0
"2025-04-09 00:00:00",WN,23,6,-9.0,-7.03,-4.01,-4.01,-2.97,0.0
"2025-04-09 00:00:00",DL,22,93,-19.0,-7.03,-4.01,0.0,15.03,176.0
"2025-04-09 00:00:00",WN,22,7,-12.0,-7.03,-2.97,-2.97,-2.97,11.0
"2025-04-09 00:00:00",WN,7,231,-13.0,-5.99,-4.01,-0.99,2.97,369.0
"2025-04-09 00:00:00",WN,10,256,-11.0,-4.01,-1.99,2.97,12.06,64.0
"2025-04-09 00:00:00",AA,15,138,-12.0,-5.99,-2.97,7.03,36.97,301.0
"2025-04-09 00:00:00",WN,12,217,-10.0,-5.0,-1.99,4.01,15.03,77.0
"2025-04-09 00:00:00",UA,7,193,-18.0,-8.94,-5.99,-4.01,0.0,90.0
"2025-04-09 00:00:00",UA,20,82,-15.0,-7.03,-2.97,4.01,32.79,117.0
"2025-04-09 00:00:00",WN,6,292,-12.0,-5.0,-4.01,-1.99,0.0,58.0
"2025-04-09 00:00:00",UA,6,128,-17.0,-10.07,-7.92,-5.0,0.99,101.0
"2025-04-10 00:00:00",AA,14,151,-15.0,-5.0,-0.99,10.07,36.97,155.0
"2025-04-10 00:00:00",WN,5,212,-13.0,-5.99,-4.01,-1.99,0.99,59.0
"2025-04-10 00:00:00",AA,15,140,-14.0,-5.0,0.0,19.89,52.99,327.0
"2025-04-10 00:00:00",DL,22,79,-12.0,-2.97,1.99,135.65,202.38,562.0
"2025-04-10 00:00:00",WN,6,279,-10.0,-5.0,-2.97,-0.99,4.01,173.0
"2025-04-10 00:00:00",UA,20,83,-20.0,-5.99,-1.99,4.01,21.98,145.0
"2025-04-10 00:00:00",AA,16,149,-13.0,-4.01,0.0,12.06,36.24,192.0
"2025-04-10 00:00:00",DL,20,117,-17.0,-1.99,8.94,40.86,122.75,643.0
"2025-04-10 00:00:00",DL,17,180,-26.0,-5.99,-0.99,10.91,47.0,292.0
"2025-04-10 00:00:00",UA,17,138,-15.0,-5.0,-2.97,0.99,10.07,318.0
"2025-04-10 00:00:00",WN,23,6,-3.0,-0.99,0.0,5.99,5.99,59.0
"2025-04-10 00:00:00",WN,12,238,-12.0,-4.01,0.0,8.94,23.81,145.0
"2025-04-10 00:00:00",WN,14,229,-10.0,-1.99,4.01,16.95,34.82,145.0
"2025-04-10 00:00:00",UA,7,201,-16.0,-7.92,-5.99,-2.97,4.01,223.0
"2025-04-10 00:00:00",WN,10,239,-11.0,-4.01,-0.99,5.0,23.81,190.0
"2025-04-10 00:00:00",WN,7,276,-11.0,-5.0,-2.97,-0.99,7.92,181.0
"2025-04-10 00:00:00",UA,6,134,-22.0,-7.92,-5.99,-4.01,-1.99,113.0
"2025-04-10 00:00:00",WN,22,16,-8.0,-5.99,0.99,10.91,30.88,77.0
"2025-04-10 00:00:00",DL,0,4,-11.0,-10.91,-5.0,1.99,1.99,13.0
"2025-04-11 00:00:00",WN,6,282,-11.0,-5.0,-2.97,-0.99,4.01,241.0
"2025-04-11 00:00:00",AA,15,142,-14.0,-4.01,1.99,34.13,80.65,475.0
"2025-04-11 00:00:00",WN,22,16,-14.0,-5.0,-2.97,5.0,30.88,64.0
"2025-04-11 00:00:00",WN,5,212,-11.0,-5.0,-2.97,-0.99,0.0,46.0
"2025-04-11 00:00:00",UA,6,134,-15.0,-7.92,-5.99,-1.99,7.92,202.0
"2025-04-11 00:00:00",DL,22,95,-17.0,-5.0,0.0,19.11,40.86,129.0
"2025-04-11 00:00:00",DL,17,184,-15.0,-5.0,0.0,16.95,56.27,291.0
"2025-04-11 00:00:00",UA,20,84,-14.0,-5.99,-2.97,7.03,41.68,143.0
"2025-04-11 00:00:00",UA,17,135,-11.0,-5.99,-2.97,5.0,21.98,226.0
"2025-04-11 00:00:00",DL,20,119,-29.0,-4.01,1.99,24.78,79.05,206.0
"2025-04-11 00:00:00",UA,7,201,-15.0,-7.03,-5.0,-2.97,0.0,633.0
"2025-04-11 00:00:00",WN,7,278,-11.0,-5.0,-2.97,0.0,7.03,181.0
"2025-04-11 00:00:00",WN,10,240,-11.0,-2.97,0.0,5.99,19.11,206.0
"2025-04-11 00:00:00",WN,23,6,-1.0,2.97,10.07,10.07,34.13,72.0
"2025-04-11 00:00:00",DL,0,7,-9.0,-7.92,7.03,24.78,66.03,96.0
"2025-04-11 00:00:00",WN,12,238,-12.0,-2.97,0.99,10.91,34.82,135.0
"2025-04-11 00:00:00",WN,14,229,-10.0,-0.99,5.0,17.99,41.68,199.0
"2025-04-11 00:00:00",AA,14,152,-16.0,-4.01,2.97,23.81,52.99,239.0
"2025-04-11 00:00:00",AA,16,151,-15.0,-2.97,10.91,34.82,100.49,1679.0
"2025-04-12 00:00:00",DL,0,6,-13.0,-12.06,-7.03,-2.97,0.0,4.0
"2025-04-12 00:00:00",AA,14,129,-15.0,-5.0,-1.99,15.03,56.27,204.0
"2025-04-12 00:00:00",AA,16,134,-15.0,-5.0,-1.99,7.03,29.08,204.0
"2025-04-12 00:00:00",WN,5,125,-11.0,-5.0,-2.97,-0.99,2.97,64.0
"2025-04-12 00:00:00",UA,6,132,-19.0,-7.92,-5.0,-1.99,0.99,263.0
"2025-04-12 00:00:00",UA,17,127,-15.0,-7.92,-4.01,-0.99,17.99,178.0
"2025-04-12 00:00:00",DL,20,88,-12.0,-7.92,-4.01,-0.99,7.92,164.0
"2025-04-12 00:00:00",WN,6,258,-11.0,-5.99,-2.97,-0.99,1.99,302.0
"2025-04-12 00:00:00",UA,20,69,-17.0,-5.0,-1.99,7.03,32.14,92.0
"2025-04-12 00:00:00",WN,22,8,-6.0,-4.01,0.0,2.97,5.0,20.0
"2025-04-12 00:00:00",AA,15,129,-13.0,-5.99,-2.97,8.94,32.79,210.0
"2025-04-12 00:00:00",WN,23,6,-6.0,-5.99,-5.0,-5.0,-5.0,0.0
"2025-04-12 00:00:00",WN,12,203,-14.0,-5.0,-0.99,2.97,15.96,83.0
"2025-04-12 00:00:00",WN,14,205,-13.0,-4.01,-0.99,5.99,21.12,240.0
"2025-04-12 00:00:00",WN,7,241,-12.0,-5.0,-1.99,0.0,5.0,356.0
"2025-04-12 00:00:00",DL,17,145,-17.0,-7.03,-4.01,0.99,23.81,192.0
"2025-04-12 00:00:00",WN,10,211,-11.0,-5.0,-1.99,1.99,10.91,364.0
"2025-04-12 00:00:00",UA,7,186,-15.0,-7.92,-5.99,-1.99,7.92,149.0
"2025-04-12 00:00:00",DL,22,75,-16.0,-7.92,-5.99,-1.99,19.11,564.0
