"2025-01-29 00:00:00",DL,8,173,-22.0,-7.92,-5.0,-1.99,2.97,70.0
"2025-01-29 00:00:00",DL,9,119,-14.0,-7.03,-5.0,0.0,10.91,635.0
"2025-01-29 00:00:00",DL,19,105,-20.0,-8.94,-5.0,0.0,15.96,809.0
"2025-01-29 00:00:00",WN,19,116,-14.0,-7.03,-5.0,-1.99,2.97,145.0
"2025-01-29 00:00:00",AA,12,131,-15.0,-7.03,-4.01,0.99,15.03,162.0
"2025-01-29 00:00:00",AA,10,131,-14.0,-5.99,-4.01,0.0,13.07,160.0
"2025-01-29 00:00:00",DL,12,163,-20.0,-7.92,-5.0,-0.99,12.06,116.0
"2025-01-29 00:00:00",UA,12,130,-20.0,-7.03,-4.01,0.99,25.79,76.0
"2025-01-29 00:00:00",UA,21,26,-18.0,-10.07,-7.92,-0.99,0.99,66.0
"2025-01-29 00:00:00",WN,11,265,-14.0,-5.99,-4.01,0.0,7.92,274.0
"2025-01-29 00:00:00",DL,10,146,-17.0,-7.03,-5.0,-1.99,5.0,330.0
"2025-01-29 00:00:00",AA,22,53,-11.0,-7.03,-5.0,-1.99,21.12,142.0
"2025-01-29 00:00:00",UA,10,113,-16.0,-8.94,-5.99,-1.99,8.94,178.0
"2025-01-29 00:00:00",UA,23,27,-15.0,-10.91,-8.94,-4.01,1.99,30.0
"2025-01-29 00:00:00",UA,18,126,-23.0,-7.03,-4.01,-0.99,2.97,55.0
"2025-01-29 00:00:00",UA,8,176,-18.0,-8.94,-5.99,-2.97,1.99,179.0
"2025-01-29 00:00:00",WN,18,262,-15.0,-7.03,-4.01,-0.99,7.92,105.0
"2025-01-29 00:00:00",WN,16,209,-13.0,-7.03,-4.01,0.0,8.94,85.0
"2025-01-29 00:00:00",DL,18,136,-22.0,-7.92,-4.01,0.0,8.94,211.0
"2025-01-29 00:00:00",AA,0,5,-10.0,-4.01,-2.97,-1.99,-1.99,0.0
"2025-01-29 00:00:00",UA,0,3,-10.0,-10.0,-5.0,-5.0,-5.0,4.0
"2025-01-29 00:00:00",DL,7,215,-17.0,-8.94,-5.99,-1.99,2.97,114.0
"2025-01-30 00:00:00",DL,9,125,-15.0,-7.03,-5.0,-0.99,7.92,236.0
"2025-01-30 00:00:00",UA,0,3,-6.0,-5.99,-5.0,-5.0,-5.0,2.0
"2025-01-30 00:00:00",UA,18,140,-16.0,-5.0,-2.97,2.97,19.89,193.0
"2025-01-30 00:00:00",UA,8,177,-16.0,-7.92,-5.99,-2.97,1.99,137.0
"2025-01-30 00:00:00",DL,7,220,-15.0,-7.03,-4.01,-0.99,5.99,532.0
"2025-01-30 00:00:00",DL,8,172,-21.0,-7.03,-5.0,-0.99,4.01,675.0
"2025-01-30 00:00:00",AA,0,6,-10.0,-5.99,-5.0,-0.99,7.92,18.0
"2025-01-30 00:00:00",AA,10,128,-12.0,-5.0,-0.99,12.06,44.26,223.0
"2025-01-30 00:00:00",DL,10,154,-15.0,-7.03,-5.0,0.0,10.91,118.0
"2025-01-30 00:00:00",UA,10,119,-13.0,-7.03,-5.0,0.0,10.91,227.0
"2025-01-30 00:00:00",WN,11,259,-12.0,-4.01,-0.99,5.0,15.96,119.0
"2025-01-30 00:00:00",DL,12,170,-18.0,-7.03,-2.97,1.99,26.84,470.0
"2025-01-30 00:00:00",UA,12,136,-23.0,-7.03,-2.97,4.01,26.84,232.0
"2025-01-30 00:00:00",WN,16,205,-14.0,-5.0,-0.99,5.99,23.81,350.0
"2025-01-30 00:00:00",WN,18,262,-12.0,-4.01,0.0,7.92,19.89,116.0
"2025-01-30 00:00:00",UA,23,30,-13.0,-7.92,-5.99,-1.99,5.0,129.0
"2025-01-30 00:00:00",DL,18,156,-20.0,-7.92,-2.97,5.99,21.98,1078.0
"2025-01-30 00:00:00",DL,19,148,-18.0,-7.03,-2.97,5.0,19.11,154.0
"2025-01-30 00:00:00",UA,21,31,-12.0,-7.03,-2.97,8.94,21.98,128.0
"2025-01-30 00:00:00",AA,22,89,-18.0,-5.0,-1.99,8.94,27.94,431.0
"2025-01-30 00:00:00",AA,12,127,-15.0,-4.01,-0.99,13.07,40.05,216.0
"2025-01-30 00:00:00",WN,19,113,-11.0,-5.0,-2.97,4.01,12.06,186.0
"2025-01-31 00:00:00",DL,9,126,-16.0,-5.99,-2.97,0.99,15.03,152.0
"2025-01-31 00:00:00",WN,16,209,-12.0,-5.0,-0.99,7.03,27.94,263.0
"2025-01-31 00:00:00",UA,23,30,-12.0,-7.92,-4.01,-0.99,13.87,71.0
"2025-01-31 00:00:00",AA,10,136,-12.0,-5.99,-2.97,1.99,8.94,139.0
"2025-01-31 00:00:00",UA,0,3,-10.0,-10.0,-8.94,-8.94,-8.94,-7.0
"2025-01-31 00:00:00",DL,12,173,-20.0,-5.99,-2.97,5.99,25.79,478.0
"2025-01-31 00:00:00",DL,10,156,-19.0,-7.03,-4.01,0.0,10.07,115.0
"2025-01-31 00:00:00",UA,12,136,-15.0,-7.03,-4.01,4.01,32.14,194.0
"2025-01-31 00:00:00",AA,12,136,-11.0,-5.0,-1.99,8.94,34.13,192.0
"2025-01-31 00:00:00",UA,10,116,-17.0,-5.99,-2.97,5.99,29.08,151.0
"2025-01-31 00:00:00",WN,11,264,-11.0,-5.0,-1.99,2.97,10.91,97.0
"2025-01-31 00:00:00",AA,0,8,-5.0,-4.01,-2.97,0.99,4.01,5.0
"2025-01-31 00:00:00",UA,8,180,-14.0,-7.03,-5.0,-0.99,4.01,425.0
"2025-01-31 00:00:00",DL,8,174,-17.0,-5.99,-4.01,-0.99,10.07,536.0
"2025-01-31 00:00:00",WN,18,264,-14.0,-5.0,-0.99,8.94,30.27,243.0
"2025-01-31 00:00:00",UA,21,30,-15.0,-7.92,-5.99,-0.99,24.78,206.0
"2025-01-31 00:00:00",AA,22,57,-15.0,-4.01,-0.99,5.0,39.25,411.0
"2025-01-31 00:00:00",DL,18,155,-20.0,-5.99,-2.97,12.06,34.82,234.0
"2025-01-31 00:00:00",WN,19,120,-11.0,-5.0,-0.99,8.94,32.14,132.0
"2025-01-31 00:00:00",DL,19,146,-18.0,-7.03,-2.97,13.87,32.79,365.0
"2025-01-31 00:00:00",UA,18,142,-15.0,-5.99,-0.99,13.87,32.14,118.0
"2025-01-31 00:00:00",DL,7,227,-15.0,-5.99,-2.97,0.0,15.96,675.0
"2025-02-01 00:00:00",UA,8,163,-15.0,-7.03,-5.0,-0.99,10.07,447.0
"2025-02-01 00:00:00",UA,21,22,-11.0,-7.03,-5.99,-1.99,1.99,12.0
"2025-02-01 00:00:00",DL,8,151,-15.0,-7.03,-4.01,-0.99,10.91,164.0
"2025-02-01 00:00:00",DL,19,85,-25.0,-7.92,-5.0,-0.99,7.03,66.0
"2025-02-01 00:00:00",AA,22,59,-16.0,-7.92,-5.99,-1.99,13.07,36.0
"2025-02-01 00:00:00",UA,23,26,-13.0,-10.07,-4.01,-1.99,19.89,38.0
"2025-02-01 00:00:00",UA,0,3,-3.0,-2.97,-1.99,-1.99,-1.99,58.0
"2025-02-01 00:00:00",WN,19,79,-12.0,-5.99,-4.01,0.99,7.92,37.0
"2025-02-01 00:00:00",UA,18,108,-15.0,-7.92,-4.01,2.97,27.94,81.0
"2025-02-01 00:00:00",WN,18,151,-13.0,-5.99,-5.0,-0.99,10.07,58.0
"2025-02-01 00:00:00",UA,12,111,-13.0,-7.92,-2.97,0.0,29.08,169.0
"2025-02-01 00:00:00",DL,18,105,-24.0,-7.03,-5.0,2.97,26.84,179.0
"2025-02-01 00:00:00",DL,12,146,-18.0,-7.03,-4.01,0.0,17.99,464.0
"2025-02-01 00:00:00",AA,12,115,-16.0,-5.99,-2.97,1.99,15.96,216.0
"2025-02-01 00:00:00",WN,16,208,-15.0,-5.99,-2.97,1.99,10.07,79.0
"2025-02-01 00:00:00",DL,7,198,-18.0,-7.03,-5.0,0.0,12.06,356.0
"2025-02-01 00:00:00",AA,0,5,-7.0,-5.99,-5.99,-1.99,-1.99,11.0
"2025-02-01 00:00:00",AA,10,120,-15.0,-5.99,-2.97,0.0,12.06,338.0
"2025-02-01 00:00:00",DL,9,121,-16.0,-5.99,-4.01,-0.99,13.07,194.0
"2025-02-01 00:00:00",DL,10,124,-18.0,-7.03,-4.01,0.0,19.89,567.0
"2025-02-01 00:00:00",WN,11,227,-13.0,-5.99,-2.97,1.99,12.06,114.0
"2025-02-01 00:00:00",UA,10,111,-18.0,-7.03,-4.01,4.01,22.88,148.0
"2025-02-02 00:00:00",UA,12,132,-12.0,-7.03,-2.97,2.97,16.95,539.0
"2025-02-02 00:00:00",UA,10,118,-11.0,-5.99,-2.97,0.0,16.95,78.0
"2025-02-02 00:00:00",WN,19,264,-15.0,-5.0,0.0,10.91,29.08,129.0
"2025-02-02 00:00:00",UA,23,34,-16.0,-5.99,-4.01,8.94,21.98,41.0
"2025-02-02 00:00:00",DL,7,227,-17.0,-7.92,-5.0,-0.99,10.07,998.0
"2025-02-02 00:00:00",UA,0,3,-4.0,-4.0,-0.99,-0.99,-0.99,1.0
"2025-02-02 00:00:00",DL,10,153,-20.0,-7.92,-5.0,-0.99,13.07,706.0
"2025-02-02 00:00:00",AA,10,137,-12.0,-5.99,-4.01,0.0,16.95,196.0
"2025-02-02 00:00:00",DL,8,177,-15.0,-7.03,-5.0,0.0,16.95,268.0
"2025-02-02 00:00:00",UA,8,176,-15.0,-7.03,-4.01,0.0,13.07,354.0
"2025-02-02 00:00:00",DL,9,126,-16.0,-7.03,-5.0,-0.99,5.0,373.0
"2025-02-02 00:00:00",DL,19,146,-17.0,-7.03,-1.99,13.07,51.94,959.0
"2025-02-02 00:00:00",WN,11,219,-10.0,-5.0,-1.99,1.99,15.03,163.0
"2025-02-02 00:00:00",AA,12,130,-10.0,-5.0,-1.99,2.97,27.94,206.0
"2025-02-02 00:00:00",DL,12,172,-15.0,-7.92,-4.01,0.0,7.03,472.0
"2025-02-02 00:00:00",AA,0,6,-11.0,-7.03,-4.01,-0.99,2.97,63.0
"2025-02-02 00:00:00",WN,16,221,-11.0,-2.97,2.97,15.03,45.15,127.0
"2025-02-02 00:00:00",WN,18,218,-12.0,-2.97,0.0,16.95,52.99,130.0
"2025-02-02 00:00:00",UA,18,142,-14.0,-5.99,-1.99,17.99,80.65,234.0
"2025-02-02 00:00:00",UA,21,32,-11.0,-5.99,-2.97,7.03,56.27,64.0
"2025-02-02 00:00:00",AA,22,89,-14.0,-5.99,-4.01,7.03,34.13,363.0
"2025-02-02 00:00:00",DL,18,156,-21.0,-5.99,-0.99,10.07,32.79,321.0
