"2025-03-07 00:00:00",WN,12,231,-14.0,-4.01,0.0,19.89,60.95,373.0
"2025-03-07 00:00:00",UA,20,98,-17.0,-4.01,2.97,19.11,47.95,132.0
"2025-03-07 00:00:00",DL,17,176,-16.0,-7.03,-2.97,5.0,22.88,229.0
"2025-03-07 00:00:00",WN,14,253,-11.0,-0.99,5.0,25.79,60.95,222.0
"2025-03-07 00:00:00",UA,17,141,-13.0,-5.0,0.0,16.95,63.44,374.0
"2025-03-07 00:00:00",WN,22,140,-10.0,-4.01,5.0,25.79,63.44,130.0
"2025-03-07 00:00:00",WN,23,17,-7.0,-0.99,0.99,15.03,30.88,61.0
"2025-03-07 00:00:00",DL,20,101,-15.0,-5.0,-0.99,16.95,47.0,89.0
"2025-03-07 00:00:00",DL,0,4,-14.0,-13.87,-13.07,-9.0,-9.0,-9.0
"2025-03-07 00:00:00",WN,5,179,-9.0,-5.0,-4.01,-0.99,1.99,42.0
"2025-03-07 00:00:00",DL,22,93,-15.0,-7.03,-4.01,0.99,15.96,77.0
"2025-03-07 00:00:00",UA,6,143,-15.0,-7.03,-5.0,-1.99,0.0,74.0
"2025-03-07 00:00:00",WN,6,305,-12.0,-5.0,-2.97,0.0,7.03,160.0
"2025-03-07 00:00:00",AA,14,155,-11.0,-4.01,-0.99,7.92,34.82,174.0
"2025-03-07 00:00:00",UA,7,203,-15.0,-7.92,-5.0,-1.99,0.99,63.0
"2025-03-07 00:00:00",WN,7,235,-14.0,-5.0,-2.97,0.0,5.99,95.0
"2025-03-07 00:00:00",WN,10,235,-10.0,-5.0,-0.99,7.92,36.24,384.0
"2025-03-07 00:00:00",AA,15,120,-12.0,-5.99,-0.99,16.95,54.06,1055.0
"2025-03-07 00:00:00",AA,16,161,-16.0,-4.01,1.99,21.12,51.94,409.0
"2025-03-08 00:00:00",DL,20,75,-19.0,-8.94,-5.0,0.0,15.03,62.0
"2025-03-08 00:00:00",WN,23,20,-12.0,-5.0,-2.97,-0.99,7.92,25.0
"2025-03-08 00:00:00",AA,15,114,-21.0,-4.01,7.92,47.0,71.53,904.0
"2025-03-08 00:00:00",AA,16,150,-17.0,-5.99,-0.99,25.79,63.44,304.0
"2025-03-08 00:00:00",UA,20,84,-13.0,-5.0,-0.99,23.81,49.9,130.0
"2025-03-08 00:00:00",DL,17,148,-18.0,-8.94,-5.99,-0.99,10.91,346.0
"2025-03-08 00:00:00",UA,17,121,-11.0,-5.99,-2.97,1.99,10.91,194.0
"2025-03-08 00:00:00",WN,22,107,-15.0,-5.99,-2.97,0.99,16.95,105.0
"2025-03-08 00:00:00",DL,22,70,-17.0,-7.03,-4.01,-0.99,12.06,68.0
"2025-03-08 00:00:00",WN,7,219,-13.0,-5.99,-2.97,0.0,10.07,79.0
"2025-03-08 00:00:00",AA,14,140,-14.0,-5.0,0.0,22.88,68.72,357.0
"2025-03-08 00:00:00",WN,10,188,-11.0,-4.01,-1.99,4.01,16.95,256.0
"2025-03-08 00:00:00",WN,12,186,-14.0,-4.01,-0.99,5.0,22.88,126.0
"2025-03-08 00:00:00",WN,14,196,-10.0,-4.01,-0.99,7.92,23.81,154.0
"2025-03-08 00:00:00",UA,6,144,-16.0,-7.92,-5.0,-2.97,5.99,70.0
"2025-03-08 00:00:00",WN,6,277,-12.0,-5.0,-2.97,0.0,7.03,204.0
"2025-03-08 00:00:00",UA,7,181,-12.0,-7.92,-5.99,-2.97,5.0,104.0
"2025-03-08 00:00:00",WN,5,177,-11.0,-5.99,-4.01,-1.99,0.0,189.0
"2025-03-08 00:00:00",DL,0,4,-15.0,-15.0,-10.07,-8.94,-8.94,-6.0
