"2025-01-01 00:00:00",WN,5,17,-10.0,-2.97,-1.99,0.99,5.99,34.0
"2025-01-01 00:00:00",UA,6,114,-15.0,-5.99,-2.97,1.99,15.03,336.0
"2025-01-01 00:00:00",UA,7,161,-13.0,-5.99,-2.97,-0.99,15.03,145.0
"2025-01-01 00:00:00",WN,10,222,-9.0,-4.01,-1.99,2.97,16.95,99.0
"2025-01-01 00:00:00",DL,20,51,-10.0,-7.03,-1.99,7.92,32.79,163.0
"2025-01-01 00:00:00",UA,20,115,-16.0,-4.01,0.0,7.92,30.88,102.0
"2025-01-01 00:00:00",WN,12,218,-11.0,-4.01,0.0,7.03,21.98,100.0
"2025-01-01 00:00:00",DL,22,68,-14.0,-5.99,-2.97,0.99,16.95,872.0
"2025-01-01 00:00:00",WN,7,209,-12.0,-5.0,-2.97,0.0,5.99,171.0
"2025-01-01 00:00:00",AA,14,132,-17.0,-5.99,-2.97,2.97,21.98,244.0
"2025-01-01 00:00:00",WN,14,238,-11.0,-2.97,0.99,10.07,26.84,160.0
"2025-01-01 00:00:00",WN,6,190,-13.0,-5.0,-2.97,0.0,4.01,141.0
"2025-01-01 00:00:00",DL,3,1,-2.0,-2.0,-2.0,-2.0,-2.0,-2.0
"2025-01-01 00:00:00",AA,15,123,-10.0,-5.0,-1.99,5.0,21.98,1485.0
"2025-01-01 00:00:00",AA,16,144,-16.0,-5.0,-2.97,1.99,23.81,142.0
"2025-01-01 00:00:00",DL,0,1,-6.0,-6.0,-6.0,-6.0,-6.0,-6.0
"2025-01-01 00:00:00",DL,17,132,-18.0,-7.92,-4.01,1.99,15.96,203.0
"2025-01-01 00:00:00",UA,17,132,-13.0,-4.01,0.0,19.89,41.68,208.0
"2025-01-02 00:00:00",DL,17,152,-18.0,-5.99,-2.97,10.07,29.08,176.0
"2025-01-02 00:00:00",UA,17,135,-11.0,-5.0,-1.99,2.97,30.88,276.0
"2025-01-02 00:00:00",UA,20,117,-13.0,-2.97,1.99,19.89,41.68,619.0
"2025-01-02 00:00:00",WN,12,254,-10.0,-2.97,0.99,10.07,29.08,263.0
"2025-01-02 00:00:00",DL,22,107,-14.0,-5.99,-1.99,7.03,32.79,903.0
"2025-01-02 00:00:00",WN,7,214,-11.0,-5.0,-2.97,-0.99,2.97,66.0
"2025-01-02 00:00:00",WN,22,131,-15.0,-5.0,0.0,13.07,29.08,145.0
"2025-01-02 00:00:00",WN,6,300,-14.0,-5.0,-2.97,-0.99,5.0,327.0
"2025-01-02 00:00:00",WN,5,221,-13.0,-5.0,-2.97,-0.99,1.99,19.0
"2025-01-02 00:00:00",DL,20,76,-11.0,-5.0,-0.99,13.87,23.81,66.0
"2025-01-02 00:00:00",UA,6,136,-14.0,-5.99,-2.97,0.99,23.81,147.0
"2025-01-02 00:00:00",UA,7,180,-10.0,-5.99,-4.01,0.0,10.91,120.0
"2025-01-02 00:00:00",AA,14,133,-23.0,-4.01,-0.99,12.06,26.84,403.0
"2025-01-02 00:00:00",AA,15,125,-12.0,-5.0,-1.99,10.91,43.38,977.0
"2025-01-02 00:00:00",DL,3,1,-3.0,-3.0,-3.0,-3.0,-3.0,-3.0
"2025-01-02 00:00:00",WN,14,224,-9.0,-2.97,0.99,13.07,27.94,283.0
"2025-01-02 00:00:00",AA,16,155,-14.0,-5.0,-1.99,7.92,45.15,306.0
"2025-01-02 00:00:00",WN,10,229,-11.0,-4.01,-0.99,5.0,21.98,279.0
"2025-01-02 00:00:00",DL,0,1,-9.0,-9.0,-9.0,-9.0,-9.0,-9.0
