"2025-04-14 00:00:00",WN,19,252,-13.0,-4.01,-0.99,10.07,32.14,317.0
"2025-04-14 00:00:00",DL,9,140,-13.0,-7.03,-5.0,-0.99,5.99,286.0
"2025-04-14 00:00:00",DL,18,178,-25.0,-5.99,-1.99,15.96,37.72,337.0
"2025-04-14 00:00:00",WN,18,275,-14.0,-4.01,0.0,8.94,32.14,195.0
"2025-04-14 00:00:00",UA,18,138,-19.0,-7.03,-4.01,0.0,13.07,96.0
"2025-04-14 00:00:00",AA,10,155,-12.0,-5.99,-2.97,4.01,23.81,369.0
"2025-04-14 00:00:00",DL,10,159,-15.0,-7.03,-5.0,0.0,15.03,453.0
"2025-04-14 00:00:00",WN,16,228,-9.0,-2.97,1.99,15.03,36.24,272.0
"2025-04-14 00:00:00",UA,10,134,-14.0,-7.03,-5.0,-1.99,7.03,112.0
"2025-04-14 00:00:00",UA,12,121,-12.0,-7.03,-5.0,-1.99,2.97,178.0
"2025-04-14 00:00:00",WN,11,244,-12.0,-4.01,-0.99,5.0,19.89,107.0
"2025-04-14 00:00:00",AA,12,147,-14.0,-5.0,-2.97,2.97,26.84,1586.0
"2025-04-14 00:00:00",DL,12,178,-15.0,-5.99,-1.99,5.99,27.94,320.0
"2025-04-14 00:00:00",DL,7,244,-17.0,-7.92,-5.99,-1.99,2.97,343.0
"2025-04-14 00:00:00",DL,8,193,-16.0,-7.03,-5.0,0.0,7.03,389.0
"2025-04-14 00:00:00",UA,0,8,-12.0,-10.07,-7.03,-1.99,-0.99,7.0
"2025-04-14 00:00:00",UA,8,164,-15.0,-7.92,-5.0,-1.99,2.97,434.0
"2025-04-14 00:00:00",UA,21,54,-20.0,-7.92,-5.99,-0.99,16.95,91.0
"2025-04-14 00:00:00",UA,23,34,-15.0,-10.91,-7.03,-2.97,8.94,66.0
"2025-04-14 00:00:00",DL,19,178,-23.0,-7.92,-4.01,0.99,23.81,268.0
"2025-04-14 00:00:00",AA,22,116,-17.0,-5.99,-4.01,8.94,34.82,387.0
"2025-04-14 00:00:00",AA,0,9,-14.0,-8.94,-7.03,-5.0,-1.99,32.0
"2025-04-15 00:00:00",DL,9,138,-18.0,-7.92,-5.0,-1.99,5.0,58.0
"2025-04-15 00:00:00",UA,23,32,-18.0,-8.94,-7.03,-2.97,-1.99,27.0
"2025-04-15 00:00:00",DL,18,164,-21.0,-8.94,-5.99,-0.99,12.06,175.0
"2025-04-15 00:00:00",DL,8,192,-16.0,-7.92,-5.0,-2.97,2.97,198.0
"2025-04-15 00:00:00",WN,16,226,-15.0,-5.0,-2.97,5.0,27.94,354.0
"2025-04-15 00:00:00",AA,10,151,-12.0,-5.99,-2.97,1.99,24.78,119.0
"2025-04-15 00:00:00",UA,21,38,-13.0,-7.92,-5.99,0.0,10.07,67.0
"2025-04-15 00:00:00",DL,7,240,-16.0,-8.94,-5.99,-1.99,2.97,132.0
"2025-04-15 00:00:00",UA,8,159,-16.0,-7.92,-5.99,-4.01,1.99,249.0
"2025-04-15 00:00:00",AA,22,102,-20.0,-7.92,-5.0,-0.99,30.88,159.0
"2025-04-15 00:00:00",WN,18,252,-13.0,-5.0,-1.99,1.99,12.06,100.0
"2025-04-15 00:00:00",WN,19,245,-13.0,-5.99,-2.97,2.97,21.12,171.0
"2025-04-15 00:00:00",DL,19,133,-24.0,-7.92,-4.01,7.92,34.13,121.0
"2025-04-15 00:00:00",UA,0,8,-11.0,-10.91,-7.03,-5.99,-2.97,-2.0
"2025-04-15 00:00:00",DL,10,157,-15.0,-7.92,-5.99,-2.97,0.99,56.0
"2025-04-15 00:00:00",UA,12,118,-18.0,-7.92,-4.01,0.0,15.03,105.0
"2025-04-15 00:00:00",DL,12,178,-17.0,-7.03,-5.0,-0.99,10.07,549.0
"2025-04-15 00:00:00",AA,0,9,-18.0,-10.07,-8.94,-5.99,-5.0,4.0
"2025-04-15 00:00:00",UA,10,128,-15.0,-7.92,-5.0,-1.99,21.98,273.0
"2025-04-15 00:00:00",UA,18,118,-15.0,-7.03,-4.01,2.97,30.27,280.0
"2025-04-15 00:00:00",WN,11,226,-11.0,-5.0,-1.99,1.99,12.06,118.0
"2025-04-15 00:00:00",AA,12,144,-14.0,-7.03,-4.01,0.99,25.79,1321.0
"2025-04-16 00:00:00",WN,11,226,-13.0,-5.0,-1.99,2.97,10.91,114.0
"2025-04-16 00:00:00",UA,8,158,-17.0,-7.92,-5.0,-1.99,1.99,180.0
"2025-04-16 00:00:00",DL,18,167,-21.0,-5.99,-1.99,5.99,44.26,320.0
"2025-04-16 00:00:00",DL,9,139,-15.0,-7.03,-5.0,-1.99,2.97,50.0
"2025-04-16 00:00:00",UA,23,37,-18.0,-7.03,-1.99,15.03,24.78,121.0
"2025-04-16 00:00:00",AA,0,7,-16.0,-8.94,-7.92,-7.03,-4.01,-4.0
"2025-04-16 00:00:00",WN,19,245,-12.0,-4.01,-0.99,12.06,56.27,182.0
"2025-04-16 00:00:00",UA,0,7,-13.0,-7.03,-5.0,-5.0,-2.97,37.0
"2025-04-16 00:00:00",AA,10,158,-18.0,-5.99,-2.97,1.99,26.84,573.0
"2025-04-16 00:00:00",DL,7,237,-16.0,-7.92,-5.0,-1.99,1.99,217.0
"2025-04-16 00:00:00",DL,8,193,-14.0,-7.03,-5.0,-1.99,1.99,77.0
"2025-04-16 00:00:00",DL,10,157,-15.0,-7.92,-5.99,-1.99,2.97,357.0
"2025-04-16 00:00:00",DL,19,134,-20.0,-7.03,-5.0,5.99,52.99,817.0
"2025-04-16 00:00:00",AA,22,110,-12.0,-5.99,-1.99,5.0,26.84,431.0
"2025-04-16 00:00:00",UA,10,130,-14.0,-7.92,-5.99,-1.99,4.01,127.0
"2025-04-16 00:00:00",UA,21,55,-14.0,-5.99,-2.97,0.0,19.11,78.0
"2025-04-16 00:00:00",WN,18,253,-11.0,-4.01,0.0,10.07,32.14,145.0
"2025-04-16 00:00:00",UA,12,120,-14.0,-7.03,-5.0,-2.97,5.99,219.0
"2025-04-16 00:00:00",DL,12,180,-15.0,-7.03,-5.0,-0.99,10.91,713.0
"2025-04-16 00:00:00",UA,18,136,-14.0,-5.99,-2.97,2.97,21.98,242.0
"2025-04-16 00:00:00",WN,16,225,-11.0,-4.01,0.0,8.94,23.81,163.0
"2025-04-16 00:00:00",AA,12,145,-13.0,-5.99,-2.97,5.0,29.08,414.0
"2025-04-17 00:00:00",DL,9,137,-14.0,-7.03,-5.0,-0.99,7.92,263.0
"2025-04-17 00:00:00",AA,10,159,-12.0,-5.0,-1.99,2.97,22.88,307.0
"2025-04-17 00:00:00",UA,23,37,-11.0,-5.99,-2.97,5.99,12.06,99.0
"2025-04-17 00:00:00",DL,10,160,-18.0,-5.99,-4.01,-0.99,15.03,297.0
"2025-04-17 00:00:00",UA,10,130,-13.0,-7.03,-4.01,-0.99,13.87,151.0
"2025-04-17 00:00:00",UA,18,141,-11.0,-1.99,2.97,25.79,67.36,237.0
"2025-04-17 00:00:00",WN,16,229,-6.0,-0.99,8.94,19.89,41.68,222.0
"2025-04-17 00:00:00",UA,8,162,-15.0,-7.92,-5.0,-1.99,5.0,165.0
"2025-04-17 00:00:00",AA,0,8,-8.0,-7.03,-5.0,-0.99,2.97,60.0
"2025-04-17 00:00:00",WN,18,275,-14.0,0.0,12.06,27.94,54.06,131.0
"2025-04-17 00:00:00",UA,0,7,-10.0,-7.03,-1.99,0.99,17.99,125.0
"2025-04-17 00:00:00",DL,18,174,-14.0,-5.0,-0.99,19.11,46.07,250.0
"2025-04-17 00:00:00",DL,7,242,-16.0,-7.03,-5.0,-1.99,5.0,260.0
"2025-04-17 00:00:00",DL,8,195,-15.0,-7.03,-4.01,0.0,10.07,326.0
"2025-04-17 00:00:00",DL,12,183,-14.0,-5.99,-2.97,4.01,25.79,385.0
"2025-04-17 00:00:00",UA,12,120,-12.0,-5.99,-1.99,4.01,43.38,229.0
"2025-04-17 00:00:00",WN,11,241,-15.0,-2.97,0.0,5.99,25.79,191.0
"2025-04-17 00:00:00",AA,12,150,-11.0,-5.0,-1.99,7.03,27.94,406.0
"2025-04-17 00:00:00",AA,22,115,-12.0,-4.01,-0.99,15.03,44.26,216.0
"2025-04-17 00:00:00",DL,19,180,-23.0,-5.0,0.0,16.95,40.86,763.0
"2025-04-17 00:00:00",WN,19,253,-11.0,0.0,13.07,32.14,50.91,235.0
"2025-04-17 00:00:00",UA,21,60,-14.0,-5.0,-0.99,5.0,46.07,221.0
"2025-04-18 00:00:00",WN,11,243,-10.0,-2.97,1.99,15.03,52.99,214.0
"2025-04-18 00:00:00",WN,16,229,-15.0,-2.97,5.0,27.94,111.06,270.0
"2025-04-18 00:00:00",DL,12,182,-17.0,-7.03,-4.01,0.0,19.89,249.0
"2025-04-18 00:00:00",AA,12,149,-11.0,-5.0,-0.99,7.92,37.72,1084.0
"2025-04-18 00:00:00",UA,12,121,-11.0,-5.0,-2.97,7.03,102.52,350.0
"2025-04-18 00:00:00",AA,0,9,-7.0,-7.0,-2.97,-1.99,-1.99,5.0
"2025-04-18 00:00:00",AA,10,160,-13.0,-5.0,-1.99,5.99,23.81,153.0
"2025-04-18 00:00:00",UA,0,8,-10.0,-8.94,-5.0,12.06,26.84,118.0
"2025-04-18 00:00:00",DL,10,159,-17.0,-7.92,-5.0,0.0,10.07,122.0
"2025-04-18 00:00:00",UA,10,133,-11.0,-7.03,-4.01,5.0,30.88,238.0
"2025-04-18 00:00:00",DL,7,243,-16.0,-7.03,-4.01,-0.99,1.99,176.0
"2025-04-18 00:00:00",DL,9,134,-12.0,-5.99,-5.0,-0.99,12.06,766.0
"2025-04-18 00:00:00",DL,8,197,-16.0,-7.03,-4.01,-0.99,10.07,182.0
"2025-04-18 00:00:00",UA,8,163,-12.0,-7.03,-4.01,-0.99,29.08,880.0
"2025-04-18 00:00:00",DL,18,175,-21.0,-7.92,-5.0,2.97,27.94,172.0
"2025-04-18 00:00:00",WN,18,271,-15.0,-2.97,5.99,40.05,127.75,342.0
"2025-04-18 00:00:00",UA,18,139,-11.0,-4.01,0.0,44.26,144.04,323.0
"2025-04-18 00:00:00",DL,19,175,-20.0,-7.92,-4.01,5.99,29.08,257.0
"2025-04-18 00:00:00",WN,19,244,-17.0,-4.01,4.01,66.03,146.95,300.0
"2025-04-18 00:00:00",UA,21,62,-13.0,-5.99,0.0,45.15,66.03,215.0
"2025-04-18 00:00:00",AA,22,115,-14.0,-5.99,-2.97,5.0,29.08,390.0
"2025-04-18 00:00:00",UA,23,35,-10.0,-7.92,-2.97,7.03,60.95,79.0
