"2025-01-27 00:00:00",DL,5,68,-15.0,-8.94,-4.01,-0.99,5.0,154.0
"2025-01-27 00:00:00",AA,17,156,-19.0,-7.92,-4.01,0.99,19.11,226.0
"2025-01-27 00:00:00",AA,18,144,-19.0,-5.99,-2.97,4.01,30.88,769.0
"2025-01-27 00:00:00",AA,11,159,-14.0,-5.0,-1.99,5.99,32.79,1782.0
"2025-01-27 00:00:00",AA,7,207,-13.0,-5.99,-4.01,-0.99,5.0,990.0
"2025-01-27 00:00:00",UA,11,120,-15.0,-7.03,-4.01,-0.99,5.99,113.0
"2025-01-27 00:00:00",UA,19,104,-17.0,-8.94,-5.99,-0.99,7.92,105.0
"2025-01-27 00:00:00",AA,23,21,-15.0,-10.07,-7.03,-0.99,17.99,60.0
"2025-01-27 00:00:00",UA,9,156,-16.0,-7.03,-4.01,0.0,10.07,279.0
"2025-01-27 00:00:00",AA,8,191,-12.0,-7.03,-4.01,-0.99,16.95,464.0
"2025-01-27 00:00:00",WN,20,166,-15.0,-5.99,-4.01,1.99,15.03,89.0
"2025-01-27 00:00:00",WN,8,246,-13.0,-5.0,-2.97,0.0,7.03,123.0
"2025-01-27 00:00:00",UA,22,23,-14.0,-10.07,-7.92,-5.0,-1.99,12.0
"2025-01-27 00:00:00",DL,1,2,-15.0,-15.0,-15.0,-15.0,-15.0,2.0
"2025-01-27 00:00:00",AA,13,133,-12.0,-5.0,-1.99,7.92,30.27,272.0
"2025-01-27 00:00:00",UA,5,25,-11.0,-7.92,-5.99,-5.0,-2.97,2.0
"2025-01-27 00:00:00",UA,14,115,-16.0,-7.92,-5.99,-0.99,10.91,167.0
"2025-01-27 00:00:00",WN,15,230,-15.0,-7.03,-2.97,0.0,8.94,104.0
"2025-01-27 00:00:00",UA,15,93,-20.0,-7.92,-5.99,-2.97,5.99,318.0
"2025-01-27 00:00:00",WN,13,242,-15.0,-5.0,-2.97,0.99,12.06,121.0
"2025-01-27 00:00:00",DL,14,133,-16.0,-5.99,-4.01,0.99,10.07,108.0
"2025-01-27 00:00:00",UA,1,1,-15.0,-15.0,-15.0,-15.0,-15.0,-15.0
"2025-01-28 00:00:00",AA,17,148,-16.0,-8.94,-5.99,0.0,12.06,180.0
"2025-01-28 00:00:00",AA,7,161,-16.0,-8.94,-7.03,-4.01,-0.99,87.0
"2025-01-28 00:00:00",DL,14,118,-17.0,-7.92,-5.0,-0.99,10.91,62.0
"2025-01-28 00:00:00",AA,8,186,-18.0,-7.92,-5.0,-1.99,2.97,94.0
"2025-01-28 00:00:00",WN,8,246,-12.0,-5.99,-5.0,-2.97,5.0,101.0
"2025-01-28 00:00:00",DL,5,68,-18.0,-10.91,-7.92,-5.0,0.0,49.0
"2025-01-28 00:00:00",DL,1,2,-9.0,-8.94,-8.94,-8.94,-8.94,-6.0
"2025-01-28 00:00:00",UA,5,23,-13.0,-10.07,-7.03,-5.0,8.94,120.0
"2025-01-28 00:00:00",UA,9,139,-15.0,-7.92,-5.99,-1.99,7.03,102.0
"2025-01-28 00:00:00",AA,11,146,-16.0,-7.92,-4.01,-1.99,2.97,109.0
"2025-01-28 00:00:00",UA,11,116,-15.0,-7.92,-5.0,-1.99,2.97,107.0
"2025-01-28 00:00:00",AA,13,124,-15.0,-7.92,-5.0,-2.97,8.94,110.0
"2025-01-28 00:00:00",UA,15,81,-16.0,-10.07,-5.99,-1.99,8.94,53.0
"2025-01-28 00:00:00",WN,13,240,-14.0,-7.03,-5.0,-1.99,4.01,117.0
"2025-01-28 00:00:00",UA,14,112,-20.0,-10.07,-7.03,-4.01,4.01,123.0
"2025-01-28 00:00:00",AA,18,137,-24.0,-8.94,-5.0,-1.99,10.91,940.0
"2025-01-28 00:00:00",WN,15,231,-14.0,-7.03,-5.0,-2.97,1.99,91.0
"2025-01-28 00:00:00",UA,19,94,-24.0,-8.94,-5.99,-1.99,10.07,125.0
"2025-01-28 00:00:00",UA,22,21,-21.0,-13.07,-7.03,-1.99,46.07,102.0
"2025-01-28 00:00:00",AA,23,19,-10.0,-8.94,-4.01,0.0,23.81,46.0
"2025-01-28 00:00:00",UA,1,1,-14.0,-14.0,-14.0,-14.0,-14.0,-14.0
"2025-01-28 00:00:00",WN,20,167,-15.0,-7.92,-5.99,-4.01,0.0,56.0
