"2025-02-16 00:00:00",WN,18,199,-13.0,-0.99,16.95,56.27,156.04,515.0
"2025-02-16 00:00:00",DL,19,94,-14.0,10.91,57.4,117.93,194.44,845.0
"2025-02-16 00:00:00",WN,19,238,-12.0,-0.99,15.03,55.15,149.92,304.0
"2025-02-16 00:00:00",UA,0,4,-8.0,-7.92,-2.97,-1.99,-1.99,-1.0
"2025-02-16 00:00:00",DL,18,114,-12.0,0.99,36.97,85.64,172.45,299.0
"2025-02-16 00:00:00",DL,7,204,-18.0,-5.99,0.0,15.96,111.06,388.0
"2025-02-16 00:00:00",DL,9,125,-13.0,-4.01,5.0,58.56,127.75,353.0
"2025-02-16 00:00:00",DL,10,119,-17.0,-1.99,13.87,62.18,162.41,356.0
"2025-02-16 00:00:00",UA,18,146,-13.0,-0.99,13.07,70.11,175.94,1000.0
"2025-02-16 00:00:00",WN,16,220,-12.0,-1.99,13.87,58.56,172.45,516.0
"2025-02-16 00:00:00",UA,12,112,-10.0,-2.97,5.0,60.95,132.97,539.0
"2025-02-16 00:00:00",UA,10,123,-15.0,-1.99,2.97,36.97,125.22,402.0
"2025-02-16 00:00:00",WN,11,220,-11.0,-2.97,1.99,30.27,111.06,545.0
"2025-02-16 00:00:00",DL,12,158,-16.0,0.0,26.84,77.49,165.69,1088.0
"2025-02-16 00:00:00",AA,12,124,-10.0,-2.97,7.92,40.05,96.55,460.0
"2025-02-16 00:00:00",AA,10,136,-12.0,-4.01,4.01,37.72,82.28,244.0
"2025-02-16 00:00:00",UA,8,177,-13.0,-5.99,-1.99,10.07,85.64,387.0
"2025-02-16 00:00:00",AA,0,9,-11.0,-7.92,-5.0,15.03,26.84,74.0
"2025-02-16 00:00:00",DL,8,160,-16.0,-2.97,8.94,63.44,135.65,469.0
"2025-02-16 00:00:00",UA,21,44,-10.0,0.0,19.89,83.94,122.75,243.0
"2025-02-16 00:00:00",AA,22,95,-13.0,-1.99,5.0,30.27,87.37,1233.0
"2025-02-16 00:00:00",UA,23,36,-11.0,-5.99,-1.99,15.96,37.72,121.0
"2025-02-17 00:00:00",AA,22,97,-12.0,-1.99,12.06,36.24,71.53,429.0
"2025-02-17 00:00:00",UA,0,3,11.0,11.0,15.96,15.96,15.96,39.0
"2025-02-17 00:00:00",DL,10,156,-14.0,-4.01,0.99,19.11,40.05,329.0
"2025-02-17 00:00:00",UA,23,34,-10.0,-5.99,-4.01,0.0,15.96,112.0
"2025-02-17 00:00:00",UA,18,156,-12.0,0.0,13.87,51.94,100.49,232.0
"2025-02-17 00:00:00",UA,10,128,-10.0,-5.0,-1.99,10.91,50.91,331.0
"2025-02-17 00:00:00",UA,21,43,-9.0,-0.99,13.87,40.86,79.05,128.0
"2025-02-17 00:00:00",WN,19,240,-9.0,1.99,19.89,54.06,104.6,320.0
"2025-02-17 00:00:00",DL,19,167,-15.0,0.0,36.97,75.95,127.75,324.0
"2025-02-17 00:00:00",AA,0,12,-9.0,-5.0,0.0,21.98,22.88,70.0
"2025-02-17 00:00:00",DL,7,223,-14.0,-4.01,0.0,13.87,52.99,563.0
"2025-02-17 00:00:00",WN,16,223,-12.0,1.99,17.99,41.68,108.86,319.0
"2025-02-17 00:00:00",DL,8,173,-17.0,-2.97,0.99,12.06,43.38,440.0
"2025-02-17 00:00:00",UA,8,192,-13.0,-5.99,-2.97,5.0,29.08,429.0
"2025-02-17 00:00:00",DL,9,125,-13.0,-2.97,0.0,12.06,43.38,287.0
"2025-02-17 00:00:00",AA,10,144,-9.0,-5.0,-1.99,5.99,40.86,310.0
"2025-02-17 00:00:00",DL,18,157,-13.0,0.0,19.89,60.95,115.6,910.0
"2025-02-17 00:00:00",WN,18,205,-11.0,5.99,24.78,56.27,89.13,309.0
"2025-02-17 00:00:00",WN,11,223,-12.0,-2.97,0.99,19.11,40.86,343.0
"2025-02-17 00:00:00",DL,12,177,-13.0,-1.99,8.94,40.05,82.28,215.0
"2025-02-17 00:00:00",AA,12,136,-11.0,-4.01,0.99,21.98,50.91,1260.0
"2025-02-17 00:00:00",UA,12,123,-10.0,-5.0,1.99,24.78,56.27,268.0
