"2025-04-18 00:00:00",WN,5,212,-10.0,-5.0,-2.97,-0.99,0.0,279.0
"2025-04-18 00:00:00",WN,12,235,-11.0,-1.99,1.99,21.12,77.49,241.0
"2025-04-18 00:00:00",WN,6,281,-12.0,-5.0,-2.97,-0.99,1.99,208.0
"2025-04-18 00:00:00",AA,14,151,-13.0,-5.99,-2.97,5.99,25.79,226.0
"2025-04-18 00:00:00",WN,7,277,-10.0,-4.01,-1.99,0.99,13.07,164.0
"2025-04-18 00:00:00",DL,0,8,-10.0,-8.94,-5.99,-4.01,-2.97,40.0
"2025-04-18 00:00:00",UA,6,133,-13.0,-7.92,-5.99,-2.97,2.97,247.0
"2025-04-18 00:00:00",UA,7,201,-15.0,-7.03,-5.0,-1.99,8.94,260.0
"2025-04-18 00:00:00",WN,10,238,-10.0,-2.97,0.99,19.11,96.55,190.0
"2025-04-18 00:00:00",WN,22,16,-10.0,-2.97,0.0,12.06,40.05,57.0
"2025-04-18 00:00:00",WN,23,6,-4.0,-1.99,-0.99,0.0,13.07,102.0
"2025-04-18 00:00:00",DL,22,117,-19.0,-7.92,-5.0,-0.99,8.94,138.0
"2025-04-18 00:00:00",WN,14,227,-12.0,-1.99,4.01,22.88,70.11,246.0
"2025-04-18 00:00:00",DL,20,124,-18.0,-5.99,-2.97,12.06,25.79,137.0
"2025-04-18 00:00:00",UA,20,81,-11.0,-5.0,0.99,50.91,127.75,318.0
"2025-04-18 00:00:00",AA,15,143,-17.0,-5.99,-1.99,15.96,58.56,2310.0
"2025-04-18 00:00:00",DL,17,185,-19.0,-7.92,-4.01,1.99,16.95,247.0
"2025-04-18 00:00:00",UA,17,132,-16.0,-4.01,13.07,102.52,172.45,828.0
"2025-04-18 00:00:00",AA,16,150,-17.0,-5.99,-2.97,15.03,39.25,245.0
"2025-04-19 00:00:00",WN,12,200,-12.0,-5.0,-1.99,7.03,22.88,320.0
"2025-04-19 00:00:00",WN,5,125,-12.0,-5.99,-4.01,-0.99,4.01,249.0
"2025-04-19 00:00:00",UA,7,183,-15.0,-7.92,-5.0,-2.97,1.99,85.0
"2025-04-19 00:00:00",WN,22,8,-10.0,-7.03,-5.99,-5.0,-4.01,2.0
"2025-04-19 00:00:00",WN,7,241,-13.0,-5.0,-2.97,0.99,15.96,283.0
"2025-04-19 00:00:00",DL,20,93,-15.0,-7.03,-1.99,7.03,19.11,115.0
"2025-04-19 00:00:00",WN,10,210,-12.0,-5.0,-1.99,4.01,24.78,270.0
"2025-04-19 00:00:00",UA,6,134,-14.0,-7.92,-5.99,-1.99,0.99,155.0
"2025-04-19 00:00:00",WN,6,257,-14.0,-5.0,-4.01,-0.99,2.97,470.0
"2025-04-19 00:00:00",WN,23,6,-16.0,-8.94,-4.01,-4.01,-2.97,0.0
"2025-04-19 00:00:00",DL,17,149,-30.0,-8.94,-4.01,2.97,32.79,302.0
"2025-04-19 00:00:00",DL,0,8,-12.0,-7.92,-5.0,-1.99,5.0,21.0
"2025-04-19 00:00:00",UA,17,127,-17.0,-7.03,-4.01,0.0,15.96,198.0
"2025-04-19 00:00:00",UA,20,69,-18.0,-7.92,-2.97,5.99,19.89,135.0
"2025-04-19 00:00:00",WN,14,203,-14.0,-5.0,-0.99,7.92,27.94,126.0
"2025-04-19 00:00:00",AA,16,133,-20.0,-5.0,0.0,16.95,48.91,270.0
"2025-04-19 00:00:00",AA,15,130,-15.0,-4.01,2.97,19.11,64.72,305.0
"2025-04-19 00:00:00",DL,22,80,-21.0,-7.03,-2.97,0.0,8.94,98.0
"2025-04-19 00:00:00",AA,14,127,-13.0,-5.0,0.0,13.07,36.97,212.0
