"2025-02-03 00:00:00",WN,14,216,-14.0,-5.99,-2.97,0.0,10.07,169.0
"2025-02-03 00:00:00",DL,0,1,-7.0,-7.0,-7.0,-7.0,-7.0,-7.0
"2025-02-03 00:00:00",DL,20,92,-20.0,-5.99,-1.99,13.07,29.08,140.0
"2025-02-03 00:00:00",AA,14,149,-14.0,-5.99,-2.97,0.99,15.96,1112.0
"2025-02-03 00:00:00",AA,15,119,-15.0,-5.99,-2.97,0.99,24.78,251.0
"2025-02-03 00:00:00",UA,20,81,-14.0,-5.99,-0.99,5.0,40.86,198.0
"2025-02-03 00:00:00",DL,22,92,-18.0,-7.92,-5.0,5.0,19.11,132.0
"2025-02-03 00:00:00",WN,7,189,-10.0,-5.99,-4.01,-0.99,4.01,151.0
"2025-02-03 00:00:00",UA,6,112,-12.0,-7.92,-5.0,-0.99,10.91,714.0
"2025-02-03 00:00:00",UA,7,174,-13.0,-7.92,-5.99,-2.97,10.07,134.0
"2025-02-03 00:00:00",WN,6,222,-12.0,-5.99,-4.01,-1.99,0.0,160.0
"2025-02-03 00:00:00",WN,10,199,-10.0,-5.0,-1.99,5.99,27.94,177.0
"2025-02-03 00:00:00",AA,16,142,-20.0,-5.99,-1.99,4.01,22.88,463.0
"2025-02-03 00:00:00",UA,17,140,-17.0,-7.92,-4.01,2.97,25.79,215.0
"2025-02-03 00:00:00",DL,17,167,-20.0,-7.92,-4.01,7.03,51.94,330.0
"2025-02-03 00:00:00",WN,5,27,-9.0,-5.0,-4.01,-2.97,0.99,96.0
"2025-02-03 00:00:00",WN,12,178,-11.0,-5.0,-0.99,4.01,30.27,114.0
"2025-02-04 00:00:00",UA,17,137,-20.0,-8.94,-5.0,-0.99,7.03,150.0
"2025-02-04 00:00:00",WN,6,222,-14.0,-5.99,-5.0,-2.97,-0.99,69.0
"2025-02-04 00:00:00",UA,20,74,-16.0,-7.92,-5.0,0.99,10.07,154.0
"2025-02-04 00:00:00",AA,16,126,-15.0,-7.92,-5.0,-1.99,2.97,131.0
"2025-02-04 00:00:00",DL,0,1,-10.0,-10.0,-10.0,-10.0,-10.0,-10.0
"2025-02-04 00:00:00",UA,7,149,-18.0,-8.94,-5.99,-2.97,7.03,90.0
"2025-02-04 00:00:00",WN,14,220,-14.0,-7.03,-4.01,0.99,8.94,74.0
"2025-02-04 00:00:00",AA,15,116,-16.0,-7.92,-5.0,-1.99,10.91,178.0
"2025-02-04 00:00:00",AA,14,131,-17.0,-7.03,-4.01,-0.99,17.99,320.0
"2025-02-04 00:00:00",DL,17,167,-19.0,-8.94,-5.99,-0.99,8.94,264.0
"2025-02-04 00:00:00",DL,20,64,-14.0,-8.94,-5.99,-1.99,1.99,44.0
"2025-02-04 00:00:00",DL,22,85,-22.0,-10.07,-7.03,-4.01,0.0,35.0
"2025-02-04 00:00:00",WN,5,27,-9.0,-5.99,-4.01,-2.97,-0.99,4.0
"2025-02-04 00:00:00",UA,6,109,-15.0,-8.94,-7.03,-5.0,-1.99,341.0
"2025-02-04 00:00:00",WN,12,182,-13.0,-5.99,-4.01,-0.99,5.99,78.0
"2025-02-04 00:00:00",WN,7,188,-13.0,-7.03,-5.0,-1.99,4.01,49.0
"2025-02-04 00:00:00",WN,10,200,-13.0,-5.99,-4.01,-0.99,10.91,146.0
