"2025-03-15 00:00:00",UA,20,82,-17.0,0.0,27.94,111.06,159.19,494.0
"2025-03-15 00:00:00",WN,22,106,-9.0,7.92,25.79,47.95,82.28,237.0
"2025-03-15 00:00:00",DL,22,61,-10.0,-2.97,1.99,29.08,278.7,664.0
"2025-03-15 00:00:00",DL,20,87,-17.0,-1.99,13.87,34.13,92.77,993.0
"2025-03-15 00:00:00",WN,23,9,-10.0,-4.01,4.01,7.92,10.91,39.0
"2025-03-15 00:00:00",AA,15,134,-11.0,-1.99,7.03,36.97,120.31,357.0
"2025-03-15 00:00:00",DL,0,7,-15.0,-8.94,-1.99,-0.99,-0.99,19.0
"2025-03-15 00:00:00",WN,5,193,-11.0,-5.0,-1.99,1.99,10.91,136.0
"2025-03-15 00:00:00",UA,6,148,-12.0,-7.03,-4.01,5.0,45.15,255.0
"2025-03-15 00:00:00",WN,6,285,-14.0,-5.0,-2.97,0.0,7.92,146.0
"2025-03-15 00:00:00",UA,7,183,-12.0,-5.99,-1.99,19.89,82.28,251.0
"2025-03-15 00:00:00",WN,7,228,-13.0,-4.01,-1.99,1.99,15.96,172.0
"2025-03-15 00:00:00",WN,10,184,-10.0,-2.97,1.99,19.11,51.94,470.0
"2025-03-15 00:00:00",WN,12,176,-10.0,-1.99,5.99,27.94,47.95,480.0
"2025-03-15 00:00:00",AA,14,132,-11.0,-1.99,5.0,41.68,92.77,388.0
"2025-03-15 00:00:00",WN,14,191,-9.0,-0.99,8.94,44.26,111.06,381.0
"2025-03-15 00:00:00",AA,16,130,-15.0,-2.97,10.07,39.25,106.71,1128.0
"2025-03-15 00:00:00",DL,17,144,-14.0,-4.01,5.99,30.88,75.95,322.0
"2025-03-15 00:00:00",UA,17,118,-12.0,-2.97,5.99,52.99,132.97,292.0
"2025-03-16 00:00:00",AA,15,138,-9.0,-0.99,21.98,57.4,172.45,1078.0
"2025-03-16 00:00:00",WN,5,193,-11.0,-5.0,-2.97,-0.99,5.0,122.0
"2025-03-16 00:00:00",WN,7,232,-11.0,-4.01,-1.99,2.97,21.98,407.0
"2025-03-16 00:00:00",WN,10,230,-9.0,-2.97,0.99,17.99,58.56,467.0
"2025-03-16 00:00:00",WN,12,213,-10.0,-1.99,7.03,32.14,77.49,438.0
"2025-03-16 00:00:00",AA,14,137,-10.0,-0.99,19.89,87.37,156.04,1186.0
"2025-03-16 00:00:00",DL,22,99,-10.0,1.99,34.13,96.55,172.45,245.0
"2025-03-16 00:00:00",WN,23,9,-5.0,-0.99,4.01,16.95,21.98,43.0
"2025-03-16 00:00:00",WN,22,149,-7.0,21.98,48.91,106.71,156.04,250.0
"2025-03-16 00:00:00",UA,20,96,-9.0,10.91,46.07,79.05,146.95,260.0
"2025-03-16 00:00:00",AA,16,139,-22.0,0.0,19.11,79.05,232.79,1411.0
"2025-03-16 00:00:00",WN,6,296,-11.0,-5.0,-2.97,0.0,7.03,327.0
"2025-03-16 00:00:00",UA,7,201,-14.0,-5.99,-2.97,1.99,32.14,256.0
"2025-03-16 00:00:00",UA,17,128,-9.0,-0.99,15.96,80.65,179.49,436.0
"2025-03-16 00:00:00",DL,17,182,-12.0,5.99,34.82,87.37,179.49,1134.0
"2025-03-16 00:00:00",DL,20,113,-9.0,1.99,39.25,94.64,165.69,1170.0
"2025-03-16 00:00:00",WN,14,204,-11.0,0.0,10.07,36.97,98.5,334.0
"2025-03-16 00:00:00",UA,6,145,-18.0,-7.03,-4.01,0.0,26.84,138.0
"2025-03-16 00:00:00",DL,0,4,-5.0,-5.0,4.01,7.03,7.03,58.0
"2025-03-17 00:00:00",AA,15,145,-11.0,-2.97,0.99,25.79,57.4,349.0
"2025-03-17 00:00:00",WN,12,226,-10.0,-0.99,7.92,29.08,77.49,337.0
"2025-03-17 00:00:00",UA,17,140,-19.0,-2.97,4.01,21.12,51.94,333.0
"2025-03-17 00:00:00",UA,6,142,-11.0,-5.99,-2.97,1.99,24.78,178.0
"2025-03-17 00:00:00",DL,0,7,-10.0,-5.0,7.92,10.07,46.07,105.0
"2025-03-17 00:00:00",DL,22,101,-19.0,-2.97,5.0,22.88,41.68,169.0
"2025-03-17 00:00:00",WN,22,137,-12.0,0.0,8.94,25.79,41.68,142.0
"2025-03-17 00:00:00",WN,23,9,-5.0,2.97,7.03,16.95,21.12,48.0
"2025-03-17 00:00:00",WN,5,190,-10.0,-4.01,-1.99,1.99,25.79,213.0
"2025-03-17 00:00:00",WN,6,300,-9.0,-4.01,-1.99,2.97,24.78,379.0
"2025-03-17 00:00:00",AA,14,143,-14.0,-2.97,1.99,22.88,58.56,305.0
"2025-03-17 00:00:00",UA,7,204,-11.0,-5.99,-2.97,0.0,13.07,386.0
"2025-03-17 00:00:00",DL,17,185,-20.0,-4.01,5.99,23.81,54.06,264.0
"2025-03-17 00:00:00",WN,10,234,-8.0,-1.99,0.99,19.89,54.06,337.0
"2025-03-17 00:00:00",UA,20,95,-12.0,-4.01,1.99,16.95,59.75,124.0
"2025-03-17 00:00:00",DL,20,120,-14.0,-2.97,4.01,32.14,62.18,280.0
"2025-03-17 00:00:00",WN,14,246,-11.0,0.99,13.87,39.25,80.65,314.0
"2025-03-17 00:00:00",AA,16,141,-13.0,-2.97,2.97,29.08,67.36,295.0
"2025-03-17 00:00:00",WN,7,231,-9.0,-2.97,0.0,12.06,74.45,261.0
