"2025-04-20 00:00:00",WN,10,260,-14.0,-5.0,-2.97,0.0,16.95,405.0
"2025-04-20 00:00:00",WN,22,142,-13.0,-4.01,0.99,13.07,41.68,137.0
"2025-04-20 00:00:00",AA,14,149,-18.0,-5.99,-2.97,7.03,41.68,1349.0
"2025-04-20 00:00:00",UA,7,192,-15.0,-7.92,-5.0,-1.99,5.99,389.0
"2025-04-20 00:00:00",WN,14,217,-14.0,-5.0,-0.99,5.0,19.11,186.0
"2025-04-20 00:00:00",WN,7,232,-14.0,-5.99,-5.0,-1.99,4.01,214.0
"2025-04-20 00:00:00",WN,6,327,-15.0,-5.99,-5.0,-1.99,1.99,124.0
"2025-04-20 00:00:00",WN,23,7,-9.0,-5.0,-2.97,0.0,0.99,26.0
"2025-04-20 00:00:00",WN,5,116,-15.0,-7.03,-4.01,-1.99,0.99,80.0
"2025-04-20 00:00:00",UA,6,130,-16.0,-8.94,-5.0,-1.99,0.99,85.0
"2025-04-20 00:00:00",WN,12,241,-14.0,-5.0,-1.99,4.01,17.99,303.0
"2025-04-20 00:00:00",DL,22,117,-11.0,-5.99,-1.99,5.99,23.81,133.0
"2025-04-20 00:00:00",DL,17,183,-15.0,-7.03,-4.01,5.0,32.79,373.0
"2025-04-20 00:00:00",DL,0,4,-7.0,-7.0,-4.01,0.0,0.0,16.0
"2025-04-20 00:00:00",UA,20,85,-10.0,-1.99,23.81,115.6,159.19,795.0
"2025-04-20 00:00:00",UA,17,132,-13.0,-5.99,-1.99,13.07,49.9,389.0
"2025-04-20 00:00:00",DL,20,120,-22.0,-5.99,-1.99,10.07,40.86,106.0
"2025-04-20 00:00:00",AA,15,141,-13.0,-4.01,-0.99,21.98,52.99,298.0
"2025-04-20 00:00:00",AA,16,149,-10.0,-5.0,0.99,25.79,75.95,1278.0
"2025-04-21 00:00:00",UA,20,81,-9.0,-2.97,5.99,36.24,80.65,191.0
"2025-04-21 00:00:00",UA,7,198,-15.0,-7.03,-4.01,1.99,106.71,275.0
"2025-04-21 00:00:00",WN,5,208,-14.0,-5.0,-2.97,0.0,4.01,78.0
"2025-04-21 00:00:00",WN,22,16,-5.0,-4.01,0.99,15.96,32.14,40.0
"2025-04-21 00:00:00",DL,20,121,-18.0,-7.03,-2.97,7.92,46.07,148.0
"2025-04-21 00:00:00",WN,7,275,-10.0,-4.01,-1.99,0.99,15.96,310.0
"2025-04-21 00:00:00",WN,10,238,-10.0,-2.97,0.0,10.91,67.36,317.0
"2025-04-21 00:00:00",WN,23,6,-3.0,-2.97,-0.99,-0.99,-0.99,0.0
"2025-04-21 00:00:00",DL,22,115,-13.0,-5.0,-0.99,10.07,23.81,89.0
"2025-04-21 00:00:00",UA,17,133,-12.0,-5.99,-1.99,13.87,62.18,293.0
"2025-04-21 00:00:00",WN,14,229,-13.0,-0.99,5.0,22.88,67.36,505.0
"2025-04-21 00:00:00",AA,15,144,-10.0,-4.01,0.0,25.79,68.72,263.0
"2025-04-21 00:00:00",AA,16,148,-12.0,-4.01,1.99,16.95,48.91,457.0
"2025-04-21 00:00:00",DL,17,186,-15.0,-7.03,-2.97,5.0,24.78,175.0
"2025-04-21 00:00:00",WN,6,274,-11.0,-5.0,-2.97,0.0,5.99,213.0
"2025-04-21 00:00:00",AA,14,152,-10.0,-4.01,-0.99,15.96,32.14,234.0
"2025-04-21 00:00:00",WN,12,231,-10.0,-0.99,2.97,15.96,52.99,421.0
"2025-04-21 00:00:00",UA,6,132,-12.0,-7.92,-4.01,0.0,15.96,293.0
"2025-04-21 00:00:00",DL,0,8,-10.0,-10.0,-5.0,-2.97,10.91,17.0
"2025-04-22 00:00:00",DL,22,105,-15.0,-7.03,-5.0,0.0,12.06,210.0
"2025-04-22 00:00:00",WN,5,91,-13.0,-5.0,-4.01,-1.99,0.0,9.0
"2025-04-22 00:00:00",DL,0,8,-12.0,-12.0,-8.94,-4.01,-2.97,26.0
"2025-04-22 00:00:00",UA,7,189,-16.0,-7.92,-5.99,-1.99,4.01,123.0
"2025-04-22 00:00:00",WN,7,231,-11.0,-5.0,-4.01,-0.99,0.99,31.0
"2025-04-22 00:00:00",WN,10,257,-10.0,-5.0,-1.99,2.97,10.91,162.0
"2025-04-22 00:00:00",WN,12,219,-14.0,-4.01,-1.99,2.97,15.03,267.0
"2025-04-22 00:00:00",WN,14,220,-10.0,-5.0,-1.99,2.97,15.03,155.0
"2025-04-22 00:00:00",AA,15,138,-12.0,-5.99,-2.97,2.97,10.07,127.0
"2025-04-22 00:00:00",AA,16,142,-14.0,-5.0,-1.99,12.06,36.97,1033.0
"2025-04-22 00:00:00",DL,17,177,-26.0,-8.94,-5.0,-0.99,10.07,187.0
"2025-04-22 00:00:00",UA,17,126,-20.0,-7.92,-4.01,-0.99,13.87,143.0
"2025-04-22 00:00:00",DL,20,98,-17.0,-7.92,-4.01,1.99,26.84,180.0
"2025-04-22 00:00:00",UA,20,76,-14.0,-7.92,-4.01,1.99,29.08,61.0
"2025-04-22 00:00:00",WN,22,7,-9.0,-5.0,-0.99,1.99,4.01,7.0
"2025-04-22 00:00:00",WN,23,6,-6.0,-4.01,-1.99,0.0,0.0,6.0
"2025-04-22 00:00:00",UA,6,126,-15.0,-7.92,-5.99,-2.97,7.03,273.0
"2025-04-22 00:00:00",AA,14,144,-11.0,-5.0,-2.97,5.0,19.89,348.0
"2025-04-22 00:00:00",WN,6,292,-12.0,-5.0,-4.01,-0.99,0.99,200.0
"2025-04-23 00:00:00",AA,14,147,-13.0,-4.01,0.99,37.72,94.64,273.0
"2025-04-23 00:00:00",DL,22,106,-15.0,-5.0,-2.97,1.99,25.79,279.0
"2025-04-23 00:00:00",AA,15,141,-13.0,-5.0,0.0,34.13,98.5,249.0
"2025-04-23 00:00:00",UA,7,192,-12.0,-7.03,-5.0,-1.99,19.11,337.0
"2025-04-23 00:00:00",WN,22,7,-13.0,-10.07,-0.99,5.99,12.06,24.0
"2025-04-23 00:00:00",WN,23,6,-8.0,-7.92,-5.0,-2.97,-0.99,9.0
"2025-04-23 00:00:00",DL,20,100,-16.0,-5.99,-1.99,13.07,45.15,131.0
"2025-04-23 00:00:00",AA,16,150,-15.0,-5.0,0.0,27.94,75.95,244.0
"2025-04-23 00:00:00",DL,17,178,-15.0,-7.03,-2.97,7.03,30.88,207.0
"2025-04-23 00:00:00",UA,20,82,-17.0,-5.99,0.0,17.99,43.38,191.0
"2025-04-23 00:00:00",UA,6,127,-14.0,-7.92,-7.03,-2.97,1.99,280.0
"2025-04-23 00:00:00",WN,14,219,-12.0,-1.99,5.0,25.79,63.44,175.0
"2025-04-23 00:00:00",DL,0,4,-9.0,-8.94,-0.99,2.97,2.97,19.0
"2025-04-23 00:00:00",WN,5,90,-12.0,-5.0,-2.97,0.0,10.07,238.0
"2025-04-23 00:00:00",UA,17,133,-12.0,-5.0,-1.99,4.01,55.15,266.0
"2025-04-23 00:00:00",WN,6,291,-14.0,-5.0,-2.97,0.0,21.12,126.0
"2025-04-23 00:00:00",WN,12,217,-11.0,-2.97,0.99,17.99,36.97,250.0
"2025-04-23 00:00:00",WN,7,231,-11.0,-5.0,-2.97,0.0,15.96,176.0
"2025-04-23 00:00:00",WN,10,257,-10.0,-4.01,0.0,13.87,40.05,139.0
