"2025-01-21 00:00:00",DL,18,121,-19.0,-0.99,19.89,106.71,252.18,1041.0
"2025-01-21 00:00:00",UA,23,23,-10.0,-8.94,-7.03,-1.99,4.01,27.0
"2025-01-21 00:00:00",DL,7,219,-13.0,-5.0,-0.99,7.03,32.79,363.0
"2025-01-21 00:00:00",AA,10,127,-12.0,-5.0,-1.99,10.07,32.14,216.0
"2025-01-21 00:00:00",UA,21,21,-11.0,-7.03,-4.01,-1.99,0.99,30.0
"2025-01-21 00:00:00",UA,18,84,-15.0,-5.0,-1.99,1.99,13.07,53.0
"2025-01-21 00:00:00",AA,22,43,-10.0,-4.01,1.99,32.14,39.25,73.0
"2025-01-21 00:00:00",WN,19,112,-11.0,-5.99,-1.99,10.07,30.88,140.0
"2025-01-21 00:00:00",WN,18,218,-12.0,-5.0,-0.99,7.03,25.79,317.0
"2025-01-21 00:00:00",DL,19,90,-16.0,-0.99,27.94,111.06,186.82,980.0
"2025-01-21 00:00:00",WN,16,187,-16.0,-5.0,0.99,13.87,36.24,299.0
"2025-01-21 00:00:00",WN,11,237,-12.0,-4.01,0.0,10.07,26.84,180.0
"2025-01-21 00:00:00",AA,0,5,-8.0,-4.01,-2.97,-2.97,-2.97,0.0
"2025-01-21 00:00:00",UA,10,101,-13.0,-5.99,-2.97,1.99,15.96,97.0
"2025-01-21 00:00:00",DL,9,119,-16.0,-5.0,0.0,13.07,45.15,296.0
"2025-01-21 00:00:00",DL,8,161,-15.0,-5.0,-1.99,7.92,24.78,344.0
"2025-01-21 00:00:00",DL,10,140,-19.0,-5.99,0.0,16.95,54.06,337.0
"2025-01-21 00:00:00",UA,12,92,-13.0,-5.99,-1.99,4.01,21.12,230.0
"2025-01-21 00:00:00",UA,8,155,-17.0,-5.0,-2.97,0.99,16.95,312.0
"2025-01-21 00:00:00",UA,0,1,80.0,80.0,80.0,80.0,80.0,80.0
"2025-01-21 00:00:00",DL,12,160,-13.0,-5.0,0.99,17.99,51.94,337.0
"2025-01-21 00:00:00",AA,12,126,-12.0,-5.0,-0.99,4.01,25.79,132.0
