"2025-04-13 00:00:00",AA,11,164,-13.0,-5.99,-2.97,7.92,40.86,409.0
"2025-04-13 00:00:00",UA,11,127,-19.0,-7.03,-4.01,0.0,8.94,85.0
"2025-04-13 00:00:00",UA,19,140,-15.0,-5.99,-0.99,4.01,12.06,95.0
"2025-04-13 00:00:00",AA,13,146,-15.0,-5.0,-0.99,5.99,36.97,399.0
"2025-04-13 00:00:00",AA,23,33,-11.0,-7.03,-1.99,15.03,46.07,561.0
"2025-04-13 00:00:00",WN,13,257,-9.0,-2.97,0.0,7.03,19.11,94.0
"2025-04-13 00:00:00",DL,14,142,-13.0,-5.99,-1.99,7.03,22.88,177.0
"2025-04-13 00:00:00",UA,14,126,-17.0,-5.99,-2.97,0.0,12.06,110.0
"2025-04-13 00:00:00",DL,5,68,-18.0,-10.07,-5.99,-0.99,2.97,45.0
"2025-04-13 00:00:00",WN,20,277,-12.0,-4.01,0.0,12.06,36.24,190.0
"2025-04-13 00:00:00",UA,9,140,-15.0,-7.92,-5.0,-1.99,7.92,96.0
"2025-04-13 00:00:00",AA,7,230,-15.0,-7.03,-5.0,-1.99,10.91,602.0
"2025-04-13 00:00:00",AA,8,203,-11.0,-5.99,-4.01,0.0,19.89,448.0
"2025-04-13 00:00:00",WN,8,265,-12.0,-5.0,-2.97,0.0,5.99,138.0
"2025-04-13 00:00:00",UA,5,41,-12.0,-7.03,-4.01,-0.99,2.97,19.0
"2025-04-13 00:00:00",DL,1,2,-14.0,-13.87,-13.87,-13.87,-13.87,-6.0
"2025-04-13 00:00:00",UA,22,35,-12.0,-5.99,-2.97,1.99,10.91,23.0
"2025-04-13 00:00:00",AA,17,163,-13.0,-5.0,-0.99,12.06,52.99,254.0
"2025-04-13 00:00:00",UA,1,1,16.0,16.0,16.0,16.0,16.0,16.0
"2025-04-13 00:00:00",AA,18,169,-11.0,-4.01,0.0,19.11,59.75,2180.0
"2025-04-13 00:00:00",WN,15,251,-15.0,-2.97,1.99,12.06,34.13,236.0
"2025-04-13 00:00:00",UA,15,102,-13.0,-5.99,-4.01,-0.99,10.91,193.0
