"2025-01-06 00:00:00",AA,16,142,-12.0,0.0,15.96,64.72,120.31,1051.0
"2025-01-06 00:00:00",DL,17,157,-18.0,-5.0,0.0,19.89,50.91,221.0
"2025-01-06 00:00:00",UA,17,126,-23.0,-0.99,12.06,51.94,122.75,935.0
"2025-01-06 00:00:00",UA,20,117,-14.0,4.01,23.81,51.94,108.86,740.0
"2025-01-06 00:00:00",DL,22,81,-17.0,-5.0,-0.99,8.94,34.13,69.0
"2025-01-06 00:00:00",DL,20,62,-8.0,-2.97,4.01,19.11,47.95,623.0
"2025-01-06 00:00:00",WN,5,22,-9.0,-4.01,-1.99,0.0,7.03,26.0
"2025-01-06 00:00:00",UA,6,116,-14.0,-5.0,-1.99,7.03,34.82,559.0
"2025-01-06 00:00:00",WN,6,198,-10.0,-4.01,-1.99,0.99,25.79,686.0
"2025-01-06 00:00:00",UA,7,168,-13.0,-5.0,0.0,15.03,52.99,614.0
"2025-01-06 00:00:00",WN,14,217,-9.0,0.0,12.06,45.15,117.93,421.0
"2025-01-06 00:00:00",DL,3,1,-3.0,-3.0,-3.0,-3.0,-3.0,-3.0
"2025-01-06 00:00:00",WN,7,204,-11.0,-5.0,-1.99,1.99,15.96,369.0
"2025-01-06 00:00:00",WN,10,188,-11.0,-0.99,4.01,19.11,46.07,329.0
"2025-01-06 00:00:00",WN,12,201,-11.0,-0.99,10.07,40.05,89.13,625.0
"2025-01-06 00:00:00",AA,14,131,-11.0,0.0,24.78,58.56,111.06,410.0
"2025-01-06 00:00:00",DL,0,2,2.0,2.0,2.0,2.0,2.0,19.0
"2025-01-06 00:00:00",AA,15,118,-16.0,-0.99,19.89,62.18,113.31,376.0
"2025-01-07 00:00:00",WN,12,178,-10.0,-0.99,7.03,29.08,57.4,255.0
"2025-01-07 00:00:00",WN,5,27,-12.0,-2.97,0.0,2.97,13.87,137.0
"2025-01-07 00:00:00",UA,20,73,-13.0,-5.0,0.99,13.07,37.72,167.0
"2025-01-07 00:00:00",DL,20,71,-15.0,-4.01,2.97,21.98,54.06,139.0
"2025-01-07 00:00:00",WN,10,179,-9.0,-1.99,1.99,13.07,55.15,123.0
"2025-01-07 00:00:00",DL,22,79,-16.0,-2.97,0.0,12.06,25.79,151.0
"2025-01-07 00:00:00",WN,6,185,-11.0,-5.0,-1.99,4.01,16.95,190.0
"2025-01-07 00:00:00",UA,6,107,-12.0,-5.99,-2.97,4.01,23.81,287.0
"2025-01-07 00:00:00",DL,0,1,-4.0,-4.0,-4.0,-4.0,-4.0,-4.0
"2025-01-07 00:00:00",UA,7,155,-13.0,-5.99,-4.01,0.99,30.27,293.0
"2025-01-07 00:00:00",UA,17,138,-15.0,-1.99,7.92,34.13,63.44,148.0
"2025-01-07 00:00:00",WN,7,171,-10.0,-5.0,-1.99,0.99,22.88,190.0
"2025-01-07 00:00:00",AA,14,130,-14.0,-5.0,-1.99,10.91,30.27,192.0
"2025-01-07 00:00:00",WN,14,207,-15.0,-0.99,12.06,37.72,60.95,159.0
"2025-01-07 00:00:00",AA,15,115,-16.0,-5.0,-2.97,1.99,10.91,174.0
"2025-01-07 00:00:00",AA,16,124,-18.0,-5.99,-1.99,5.0,19.11,182.0
"2025-01-07 00:00:00",DL,17,160,-17.0,-7.03,-2.97,2.97,22.88,263.0
"2025-01-08 00:00:00",UA,6,110,-17.0,-7.92,-5.99,-1.99,5.0,202.0
"2025-01-08 00:00:00",UA,20,80,-12.0,-5.99,-2.97,2.97,26.84,92.0
"2025-01-08 00:00:00",WN,7,175,-12.0,-5.99,-4.01,-0.99,5.0,124.0
"2025-01-08 00:00:00",WN,6,219,-14.0,-5.0,-2.97,0.0,5.0,175.0
"2025-01-08 00:00:00",DL,0,1,-13.0,-13.0,-13.0,-13.0,-13.0,-13.0
"2025-01-08 00:00:00",UA,7,151,-17.0,-7.03,-4.01,-0.99,15.96,563.0
"2025-01-08 00:00:00",WN,5,29,-6.0,-5.0,-2.97,-0.99,0.99,40.0
"2025-01-08 00:00:00",DL,22,81,-14.0,-5.99,-2.97,0.0,5.0,75.0
"2025-01-08 00:00:00",WN,12,180,-14.0,-5.0,0.0,7.03,16.95,133.0
"2025-01-08 00:00:00",WN,10,194,-12.0,-5.0,-1.99,2.97,13.07,159.0
"2025-01-08 00:00:00",AA,14,136,-13.0,-4.01,-0.99,12.06,34.13,177.0
"2025-01-08 00:00:00",AA,16,120,-14.0,-5.99,-1.99,7.03,40.86,218.0
"2025-01-08 00:00:00",DL,20,70,-17.0,-5.99,-1.99,0.0,21.12,90.0
"2025-01-08 00:00:00",WN,14,220,-12.0,-5.0,-1.99,4.01,19.89,297.0
"2025-01-08 00:00:00",UA,17,144,-15.0,-5.99,-1.99,5.0,19.89,283.0
"2025-01-08 00:00:00",DL,17,160,-17.0,-10.07,-5.0,0.0,8.94,59.0
"2025-01-08 00:00:00",AA,15,107,-13.0,-5.0,-1.99,4.01,22.88,83.0
"2025-01-09 00:00:00",UA,6,113,-15.0,-7.92,-5.99,-0.99,13.87,142.0
"2025-01-09 00:00:00",WN,10,178,-11.0,-4.01,0.0,10.07,27.94,195.0
"2025-01-09 00:00:00",UA,20,76,-15.0,-2.97,12.06,41.68,72.97,853.0
"2025-01-09 00:00:00",DL,22,85,-18.0,-5.0,-1.99,5.99,17.99,524.0
"2025-01-09 00:00:00",WN,7,177,-12.0,-5.99,-4.01,-0.99,7.03,124.0
"2025-01-09 00:00:00",WN,6,209,-13.0,-5.0,-2.97,0.0,4.01,79.0
"2025-01-09 00:00:00",DL,0,1,-8.0,-8.0,-8.0,-8.0,-8.0,-8.0
"2025-01-09 00:00:00",WN,12,170,-11.0,-4.01,0.0,13.87,41.68,190.0
"2025-01-09 00:00:00",WN,14,195,-11.0,-4.01,2.97,17.99,44.26,435.0
"2025-01-09 00:00:00",AA,14,102,-11.0,-5.99,-1.99,10.07,26.84,403.0
"2025-01-09 00:00:00",AA,15,64,-10.0,-5.99,-0.99,17.99,49.9,1061.0
"2025-01-09 00:00:00",WN,5,29,-10.0,-5.0,-2.97,0.0,2.97,11.0
"2025-01-09 00:00:00",AA,16,102,-13.0,-4.01,0.0,19.11,92.77,284.0
"2025-01-09 00:00:00",DL,17,157,-20.0,-7.03,-2.97,7.03,48.91,1075.0
"2025-01-09 00:00:00",UA,7,169,-12.0,-7.03,-4.01,-0.99,16.95,260.0
"2025-01-09 00:00:00",UA,17,138,-11.0,-1.99,4.01,19.11,68.72,277.0
"2025-01-09 00:00:00",DL,20,64,-13.0,-5.0,0.0,8.94,62.18,282.0
"2025-01-10 00:00:00",DL,20,40,-10.0,0.0,39.25,127.75,190.59,856.0
"2025-01-10 00:00:00",DL,0,1,-11.0,-11.0,-11.0,-11.0,-11.0,-11.0
"2025-01-10 00:00:00",WN,5,27,-7.0,-5.0,-1.99,0.0,4.01,17.0
"2025-01-10 00:00:00",UA,6,109,-13.0,-7.03,-5.0,-0.99,19.89,226.0
"2025-01-10 00:00:00",WN,6,175,-11.0,-5.0,-2.97,0.0,5.0,110.0
"2025-01-10 00:00:00",UA,7,162,-15.0,-7.03,-4.01,-0.99,12.06,648.0
"2025-01-10 00:00:00",WN,7,155,-14.0,-5.0,-4.01,-0.99,1.99,60.0
"2025-01-10 00:00:00",WN,10,177,-13.0,-4.01,-0.99,5.0,15.03,54.0
"2025-01-10 00:00:00",WN,12,162,-13.0,-4.01,0.0,7.03,22.88,142.0
"2025-01-10 00:00:00",DL,22,38,-7.0,-2.97,13.07,47.95,159.19,270.0
"2025-01-10 00:00:00",AA,14,110,-10.0,-0.99,13.87,54.06,92.77,423.0
"2025-01-10 00:00:00",AA,15,87,-8.0,0.99,19.89,52.99,115.6,899.0
"2025-01-10 00:00:00",AA,16,100,-19.0,-2.97,13.07,40.05,82.28,1279.0
"2025-01-10 00:00:00",WN,14,203,-14.0,-5.0,-0.99,12.06,27.94,272.0
"2025-01-10 00:00:00",UA,20,83,-21.0,-4.01,5.99,27.94,56.27,143.0
"2025-01-10 00:00:00",DL,17,113,-14.0,-5.0,13.07,67.36,308.01,1209.0
"2025-01-10 00:00:00",UA,17,146,-16.0,-5.0,-0.99,12.06,57.4,296.0
