"2025-01-22 00:00:00",UA,10,107,-13.0,-7.03,-1.99,5.0,15.96,316.0
"2025-01-22 00:00:00",WN,16,197,-14.0,-5.99,-2.97,0.0,10.07,196.0
"2025-01-22 00:00:00",UA,18,124,-17.0,-5.99,0.0,13.87,37.72,268.0
"2025-01-22 00:00:00",DL,7,194,-17.0,-5.99,-0.99,23.81,156.04,404.0
"2025-01-22 00:00:00",DL,10,119,-11.0,-0.99,32.79,144.04,228.18,504.0
"2025-01-22 00:00:00",DL,18,142,-15.0,-4.01,15.96,55.15,127.75,255.0
"2025-01-22 00:00:00",WN,18,247,-13.0,-5.99,-2.97,1.99,12.06,50.0
"2025-01-22 00:00:00",WN,19,115,-14.0,-7.03,-5.0,-0.99,5.99,85.0
"2025-01-22 00:00:00",DL,19,111,-14.0,-2.97,19.11,68.72,117.93,1036.0
"2025-01-22 00:00:00",UA,21,26,-14.0,-8.94,-5.0,-0.99,0.0,23.0
"2025-01-22 00:00:00",AA,22,55,-15.0,-5.99,-2.97,5.99,22.88,472.0
"2025-01-22 00:00:00",UA,23,26,-12.0,-10.07,-5.99,-4.01,-1.99,14.0
"2025-01-22 00:00:00",UA,0,1,35.0,35.0,35.0,35.0,35.0,35.0
"2025-01-22 00:00:00",WN,11,238,-13.0,-4.01,-0.99,5.99,15.96,254.0
"2025-01-22 00:00:00",AA,12,129,-12.0,-5.0,-0.99,8.94,46.07,426.0
"2025-01-22 00:00:00",DL,12,138,-14.0,-4.01,21.98,111.06,175.94,373.0
"2025-01-22 00:00:00",UA,12,117,-14.0,-5.0,-1.99,21.98,63.44,275.0
"2025-01-22 00:00:00",AA,10,124,-15.0,-5.0,-1.99,1.99,21.12,552.0
"2025-01-22 00:00:00",AA,0,5,-14.0,-7.03,-7.03,-2.97,-2.97,3.0
"2025-01-22 00:00:00",DL,9,99,-12.0,-5.0,0.0,67.36,132.97,281.0
"2025-01-22 00:00:00",DL,8,147,-13.0,-4.01,10.91,82.28,169.04,304.0
"2025-01-22 00:00:00",UA,8,165,-15.0,-5.99,-2.97,4.01,39.25,278.0
"2025-01-23 00:00:00",DL,19,165,-19.0,-4.01,7.92,32.14,83.94,1107.0
"2025-01-23 00:00:00",UA,23,30,-16.0,-8.94,-4.01,0.0,10.91,113.0
"2025-01-23 00:00:00",DL,8,166,-19.0,-5.99,-2.97,2.97,30.88,245.0
"2025-01-23 00:00:00",WN,11,252,-14.0,-5.0,-1.99,1.99,13.07,224.0
"2025-01-23 00:00:00",AA,22,88,-13.0,-5.0,0.0,15.03,36.24,393.0
"2025-01-23 00:00:00",WN,19,120,-12.0,-5.0,0.0,15.03,46.07,190.0
"2025-01-23 00:00:00",UA,0,3,-13.0,-13.0,-5.99,-5.99,-5.99,4.0
"2025-01-23 00:00:00",DL,7,227,-16.0,-5.99,-4.01,0.0,13.07,597.0
"2025-01-23 00:00:00",UA,21,32,-14.0,-7.03,-2.97,0.99,10.91,29.0
"2025-01-23 00:00:00",AA,0,7,-10.0,-7.03,-5.99,-2.97,-1.99,32.0
"2025-01-23 00:00:00",AA,12,132,-12.0,-5.0,0.0,19.11,63.44,1489.0
"2025-01-23 00:00:00",UA,8,177,-16.0,-7.03,-4.01,-0.99,5.0,349.0
"2025-01-23 00:00:00",UA,10,115,-13.0,-5.99,-2.97,0.99,13.07,89.0
"2025-01-23 00:00:00",WN,18,262,-12.0,-2.97,0.99,15.96,55.15,161.0
"2025-01-23 00:00:00",DL,12,170,-17.0,-5.0,0.0,13.07,49.9,326.0
"2025-01-23 00:00:00",DL,9,123,-14.0,-5.99,-2.97,4.01,24.78,170.0
"2025-01-23 00:00:00",DL,18,158,-22.0,-5.0,0.99,19.89,55.15,395.0
"2025-01-23 00:00:00",AA,10,136,-15.0,-5.99,-2.97,4.01,30.27,724.0
"2025-01-23 00:00:00",DL,10,149,-19.0,-5.99,-1.99,10.91,23.81,122.0
"2025-01-23 00:00:00",UA,18,140,-20.0,-5.99,-1.99,8.94,58.56,273.0
"2025-01-23 00:00:00",UA,12,132,-13.0,-7.03,-2.97,4.01,21.12,396.0
"2025-01-23 00:00:00",WN,16,208,-14.0,-4.01,0.0,13.87,67.36,341.0
"2025-01-24 00:00:00",UA,23,30,-15.0,-7.92,-5.0,-1.99,7.03,26.0
"2025-01-24 00:00:00",DL,18,160,-19.0,-7.92,-1.99,13.87,40.05,158.0
"2025-01-24 00:00:00",DL,8,172,-17.0,-7.03,-4.01,0.0,5.99,177.0
"2025-01-24 00:00:00",UA,10,116,-16.0,-7.03,-5.0,-0.99,13.87,128.0
"2025-01-24 00:00:00",DL,9,128,-14.0,-5.0,-1.99,8.94,21.12,129.0
"2025-01-24 00:00:00",AA,10,136,-10.0,-5.0,-1.99,2.97,26.84,148.0
"2025-01-24 00:00:00",DL,10,157,-20.0,-5.0,-0.99,13.87,36.24,122.0
"2025-01-24 00:00:00",UA,8,180,-12.0,-7.03,-4.01,-0.99,12.06,248.0
"2025-01-24 00:00:00",AA,0,8,-11.0,-7.03,-4.01,-0.99,5.0,6.0
"2025-01-24 00:00:00",DL,7,234,-13.0,-5.99,-2.97,0.99,15.96,677.0
"2025-01-24 00:00:00",UA,0,3,-10.0,-10.0,-2.97,-2.97,-2.97,-2.0
"2025-01-24 00:00:00",WN,16,208,-14.0,-5.0,-1.99,5.99,22.88,84.0
"2025-01-24 00:00:00",DL,19,166,-22.0,-7.92,-2.97,8.94,39.25,167.0
"2025-01-24 00:00:00",UA,18,141,-15.0,-7.03,-4.01,0.99,15.03,88.0
"2025-01-24 00:00:00",UA,12,133,-17.0,-5.99,-1.99,5.0,23.81,344.0
"2025-01-24 00:00:00",WN,11,265,-15.0,-5.0,-1.99,2.97,13.07,141.0
"2025-01-24 00:00:00",AA,12,135,-14.0,-5.0,-1.99,4.01,25.79,111.0
"2025-01-24 00:00:00",DL,12,176,-15.0,-5.99,-1.99,10.07,47.95,289.0
"2025-01-24 00:00:00",WN,19,120,-10.0,-5.99,-2.97,4.01,21.98,98.0
"2025-01-24 00:00:00",AA,22,57,-10.0,-7.03,-5.0,-0.99,8.94,182.0
"2025-01-24 00:00:00",UA,21,30,-14.0,-10.07,-5.99,-4.01,13.07,39.0
"2025-01-24 00:00:00",WN,18,263,-14.0,-5.0,-2.97,2.97,12.06,210.0
"2025-01-25 00:00:00",WN,16,205,-14.0,-5.0,-0.99,8.94,41.68,173.0
"2025-01-25 00:00:00",UA,8,162,-14.0,-5.99,-4.01,0.0,19.89,192.0
"2025-01-25 00:00:00",AA,10,120,-14.0,-5.99,-2.97,1.99,21.98,227.0
"2025-01-25 00:00:00",DL,7,202,-17.0,-7.03,-4.01,0.0,13.07,103.0
"2025-01-25 00:00:00",DL,10,124,-18.0,-7.03,-4.01,0.0,19.89,102.0
"2025-01-25 00:00:00",AA,0,5,-4.0,-4.0,-1.99,0.0,0.0,242.0
"2025-01-25 00:00:00",DL,12,146,-20.0,-7.03,-4.01,2.97,23.81,169.0
"2025-01-25 00:00:00",UA,12,112,-16.0,-5.99,-2.97,2.97,21.12,285.0
"2025-01-25 00:00:00",AA,12,115,-15.0,-5.99,-1.99,7.03,26.84,386.0
"2025-01-25 00:00:00",UA,10,111,-13.0,-5.99,-1.99,13.87,51.94,327.0
"2025-01-25 00:00:00",WN,11,226,-15.0,-5.0,-1.99,5.99,30.27,188.0
"2025-01-25 00:00:00",DL,18,106,-17.0,-8.94,-4.01,0.0,19.89,138.0
"2025-01-25 00:00:00",UA,18,108,-18.0,-7.03,-2.97,4.01,30.27,123.0
"2025-01-25 00:00:00",WN,18,150,-12.0,-5.99,-1.99,7.92,24.78,161.0
"2025-01-25 00:00:00",DL,19,87,-21.0,-7.92,-4.01,4.01,16.95,121.0
"2025-01-25 00:00:00",WN,19,78,-12.0,-5.0,-0.99,21.98,36.24,113.0
"2025-01-25 00:00:00",UA,21,22,-12.0,-7.03,-5.0,0.0,7.92,45.0
"2025-01-25 00:00:00",AA,22,59,-16.0,-5.99,-4.01,0.0,37.72,105.0
"2025-01-25 00:00:00",DL,9,122,-16.0,-7.03,-2.97,0.99,19.11,190.0
"2025-01-25 00:00:00",UA,0,3,-1.0,-0.99,7.03,7.03,7.03,17.0
"2025-01-25 00:00:00",UA,23,26,-11.0,-8.94,-5.99,5.99,21.12,702.0
"2025-01-25 00:00:00",DL,8,153,-13.0,-7.03,-4.01,2.97,17.99,620.0
"2025-01-26 00:00:00",DL,18,158,-25.0,-7.03,-4.01,2.97,15.96,836.0
"2025-01-26 00:00:00",WN,11,222,-13.0,-5.0,-0.99,4.01,16.95,148.0
"2025-01-26 00:00:00",WN,18,221,-11.0,-4.01,0.99,13.07,26.84,232.0
"2025-01-26 00:00:00",DL,19,164,-19.0,-7.92,-4.01,7.92,25.79,169.0
"2025-01-26 00:00:00",WN,19,269,-14.0,-5.0,-0.99,7.92,21.12,259.0
"2025-01-26 00:00:00",DL,7,232,-20.0,-7.92,-5.0,-1.99,5.0,129.0
"2025-01-26 00:00:00",UA,8,177,-16.0,-7.03,-4.01,-1.99,5.0,317.0
"2025-01-26 00:00:00",UA,21,34,-16.0,-7.03,-1.99,0.99,13.07,111.0
"2025-01-26 00:00:00",UA,23,34,-18.0,-10.07,-7.03,-1.99,10.07,26.0
"2025-01-26 00:00:00",AA,22,89,-16.0,-7.03,-4.01,5.0,34.13,71.0
"2025-01-26 00:00:00",UA,18,139,-15.0,-5.99,-1.99,4.01,17.99,177.0
"2025-01-26 00:00:00",AA,12,131,-12.0,-5.0,-1.99,4.01,32.14,165.0
"2025-01-26 00:00:00",UA,0,3,-7.0,-7.0,-2.97,-2.97,-2.97,1.0
"2025-01-26 00:00:00",AA,0,6,-8.0,-7.92,-5.0,-2.97,4.01,21.0
"2025-01-26 00:00:00",DL,12,177,-14.0,-7.03,-5.0,1.99,19.11,396.0
"2025-01-26 00:00:00",UA,12,131,-16.0,-5.99,-2.97,0.0,8.94,338.0
"2025-01-26 00:00:00",WN,16,224,-13.0,-2.97,0.0,13.07,29.08,103.0
"2025-01-26 00:00:00",DL,9,127,-16.0,-7.03,-4.01,-0.99,2.97,231.0
"2025-01-26 00:00:00",AA,10,136,-13.0,-5.99,-2.97,0.0,21.12,113.0
"2025-01-26 00:00:00",UA,10,119,-15.0,-7.03,-2.97,0.0,12.06,128.0
"2025-01-26 00:00:00",DL,10,157,-17.0,-7.03,-4.01,-0.99,13.87,269.0
"2025-01-26 00:00:00",DL,8,179,-17.0,-7.03,-4.01,-0.99,12.06,281.0
