"2025-04-13 00:00:00",WN,12,243,-11.0,-4.01,-0.99,5.0,13.87,135.0
"2025-04-13 00:00:00",DL,22,100,-15.0,-5.99,-2.97,0.99,17.99,71.0
"2025-04-13 00:00:00",AA,14,151,-13.0,-5.0,-0.99,10.91,44.26,961.0
"2025-04-13 00:00:00",DL,17,181,-17.0,-7.03,-1.99,5.99,21.98,149.0
"2025-04-13 00:00:00",UA,17,135,-12.0,-5.99,-1.99,1.99,15.03,192.0
"2025-04-13 00:00:00",WN,14,218,-10.0,-2.97,1.99,8.94,21.12,196.0
"2025-04-13 00:00:00",AA,15,140,-12.0,-5.0,-0.99,12.06,43.38,354.0
"2025-04-13 00:00:00",AA,16,153,-19.0,-5.0,-0.99,10.91,49.9,989.0
"2025-04-13 00:00:00",WN,7,233,-15.0,-5.99,-4.01,-0.99,1.99,165.0
"2025-04-13 00:00:00",WN,10,260,-13.0,-4.01,-0.99,5.0,15.96,129.0
"2025-04-13 00:00:00",UA,7,194,-15.0,-8.94,-5.99,-2.97,0.99,114.0
"2025-04-13 00:00:00",WN,5,116,-12.0,-5.99,-2.97,-0.99,1.99,57.0
"2025-04-13 00:00:00",DL,0,4,-10.0,-10.0,-0.99,0.0,0.0,45.0
"2025-04-13 00:00:00",UA,6,130,-18.0,-7.92,-5.99,-2.97,1.99,34.0
"2025-04-13 00:00:00",WN,6,328,-11.0,-5.99,-4.01,-0.99,0.99,97.0
"2025-04-13 00:00:00",WN,22,142,-13.0,-4.01,-0.99,10.07,25.79,71.0
"2025-04-13 00:00:00",WN,23,7,-6.0,-5.0,-1.99,-1.99,10.91,35.0
"2025-04-13 00:00:00",DL,20,118,-14.0,-5.99,-2.97,5.0,32.79,261.0
"2025-04-13 00:00:00",UA,20,84,-14.0,-7.03,-4.01,0.0,12.06,120.0
