"2025-02-24 00:00:00",AA,9,135,-11.0,-5.0,-1.99,2.97,24.78,211.0
"2025-02-24 00:00:00",UA,13,144,-12.0,-7.03,-2.97,0.99,21.12,201.0
"2025-02-24 00:00:00",AA,20,116,-18.0,-5.0,-0.99,10.07,32.14,773.0
"2025-02-24 00:00:00",DL,11,188,-13.0,-5.99,-1.99,5.0,23.81,139.0
"2025-02-24 00:00:00",DL,13,147,-26.0,-5.99,-2.97,7.03,36.24,328.0
"2025-02-24 00:00:00",WN,9,218,-10.0,-4.01,-1.99,1.99,10.07,67.0
"2025-02-24 00:00:00",AA,5,103,-14.0,-7.92,-5.99,-2.97,10.91,713.0
"2025-02-24 00:00:00",AA,6,188,-16.0,-7.92,-5.0,-1.99,4.01,3403.0
"2025-02-24 00:00:00",DL,6,187,-19.0,-7.92,-4.01,-0.99,4.01,156.0
"2025-02-24 00:00:00",DL,15,184,-17.0,-7.03,-1.99,7.03,30.88,139.0
"2025-02-24 00:00:00",DL,23,26,-17.0,-7.92,-2.97,0.0,10.07,35.0
"2025-02-24 00:00:00",WN,21,146,-12.0,-7.03,-5.0,-0.99,5.99,128.0
"2025-02-24 00:00:00",AA,21,81,-13.0,-4.01,-1.99,10.07,45.15,203.0
"2025-02-24 00:00:00",DL,21,92,-18.0,-5.99,-4.01,5.99,21.12,141.0
"2025-02-24 00:00:00",AA,19,124,-18.0,-5.99,-1.99,12.06,27.94,823.0
"2025-02-24 00:00:00",UA,16,143,-15.0,-5.99,-4.01,0.0,15.03,212.0
"2025-02-24 00:00:00",UA,2,1,1.0,1.0,1.0,1.0,1.0,1.0
"2025-02-24 00:00:00",WN,17,223,-11.0,-5.0,-1.99,5.0,15.96,124.0
"2025-02-24 00:00:00",DL,16,142,-18.0,-5.99,-0.99,7.03,26.84,157.0
"2025-02-25 00:00:00",AA,6,179,-16.0,-8.94,-5.99,-2.97,2.97,251.0
"2025-02-25 00:00:00",WN,21,16,-9.0,-5.0,-4.01,-0.99,10.07,77.0
"2025-02-25 00:00:00",AA,5,83,-15.0,-8.94,-7.03,-4.01,15.03,1702.0
"2025-02-25 00:00:00",DL,16,122,-18.0,-7.92,-5.0,-0.99,8.94,83.0
"2025-02-25 00:00:00",DL,15,177,-23.0,-7.03,-4.01,0.99,13.07,135.0
"2025-02-25 00:00:00",DL,6,184,-21.0,-8.94,-5.99,-1.99,1.99,262.0
"2025-02-25 00:00:00",DL,13,142,-16.0,-8.94,-5.0,-0.99,8.94,123.0
"2025-02-25 00:00:00",DL,11,185,-16.0,-5.99,-1.99,5.99,17.99,210.0
"2025-02-25 00:00:00",WN,9,234,-11.0,-5.0,-2.97,0.0,8.94,461.0
"2025-02-25 00:00:00",AA,9,134,-15.0,-7.03,-4.01,-0.99,7.92,394.0
"2025-02-25 00:00:00",DL,23,20,-15.0,-8.94,-7.03,-2.97,-0.99,3.0
"2025-02-25 00:00:00",UA,13,139,-15.0,-7.92,-5.0,0.99,13.07,365.0
"2025-02-25 00:00:00",UA,16,131,-16.0,-8.94,-5.0,-0.99,4.01,426.0
"2025-02-25 00:00:00",UA,2,1,3.0,3.0,3.0,3.0,3.0,3.0
"2025-02-25 00:00:00",DL,21,66,-16.0,-7.03,-4.01,-0.99,19.89,155.0
"2025-02-25 00:00:00",WN,17,198,-14.0,-5.99,-2.97,4.01,30.27,149.0
"2025-02-25 00:00:00",AA,21,73,-12.0,-4.01,-1.99,2.97,15.03,477.0
"2025-02-25 00:00:00",AA,20,108,-16.0,-7.03,-4.01,0.99,19.11,154.0
"2025-02-25 00:00:00",AA,19,118,-18.0,-5.99,-1.99,5.0,34.82,243.0
"2025-02-26 00:00:00",AA,5,83,-18.0,-8.94,-7.03,-2.97,0.0,211.0
"2025-02-26 00:00:00",DL,15,181,-17.0,-7.03,-4.01,0.0,12.06,181.0
"2025-02-26 00:00:00",DL,6,182,-17.0,-8.94,-5.99,-1.99,0.0,76.0
"2025-02-26 00:00:00",DL,11,185,-18.0,-7.03,-4.01,0.0,7.03,396.0
"2025-02-26 00:00:00",UA,13,143,-13.0,-5.99,-2.97,0.0,10.07,313.0
"2025-02-26 00:00:00",DL,13,145,-19.0,-7.92,-5.0,-1.99,2.97,173.0
"2025-02-26 00:00:00",AA,9,132,-12.0,-5.99,-4.01,-0.99,5.99,285.0
"2025-02-26 00:00:00",WN,21,16,-14.0,-7.03,-5.0,0.99,5.0,34.0
"2025-02-26 00:00:00",WN,9,234,-12.0,-5.0,-2.97,0.0,1.99,309.0
"2025-02-26 00:00:00",AA,21,85,-9.0,-5.0,-4.01,-0.99,5.99,89.0
"2025-02-26 00:00:00",DL,23,20,-8.0,-5.99,-2.97,0.0,21.98,87.0
"2025-02-26 00:00:00",DL,21,68,-17.0,-7.92,-4.01,-0.99,5.99,43.0
"2025-02-26 00:00:00",AA,6,177,-15.0,-7.92,-5.99,-4.01,0.0,179.0
"2025-02-26 00:00:00",DL,16,122,-16.0,-5.99,-4.01,0.99,15.03,178.0
"2025-02-26 00:00:00",AA,19,125,-14.0,-7.92,-4.01,-0.99,13.07,260.0
"2025-02-26 00:00:00",AA,20,111,-14.0,-5.99,-2.97,2.97,26.84,88.0
"2025-02-26 00:00:00",WN,17,199,-15.0,-5.0,-1.99,1.99,15.03,133.0
"2025-02-26 00:00:00",UA,2,1,-12.0,-12.0,-12.0,-12.0,-12.0,-12.0
"2025-02-26 00:00:00",UA,16,136,-17.0,-7.92,-5.0,-0.99,7.92,211.0
"2025-02-27 00:00:00",DL,11,192,-14.0,-5.99,-4.01,-0.99,8.94,230.0
"2025-02-27 00:00:00",AA,6,184,-14.0,-7.03,-5.0,-1.99,2.97,422.0
"2025-02-27 00:00:00",WN,9,216,-11.0,-5.0,-1.99,0.99,10.91,94.0
"2025-02-27 00:00:00",UA,2,1,-8.0,-8.0,-8.0,-8.0,-8.0,-8.0
"2025-02-27 00:00:00",DL,6,187,-18.0,-7.92,-5.0,-0.99,5.99,607.0
"2025-02-27 00:00:00",AA,9,130,-12.0,-5.99,-2.97,0.99,27.94,805.0
"2025-02-27 00:00:00",WN,17,241,-15.0,-1.99,2.97,16.95,36.24,110.0
"2025-02-27 00:00:00",DL,13,145,-14.0,-5.99,-2.97,0.99,13.87,458.0
"2025-02-27 00:00:00",DL,21,95,-13.0,-5.99,-2.97,5.0,21.98,81.0
"2025-02-27 00:00:00",DL,23,26,-8.0,-4.01,0.0,8.94,19.89,102.0
"2025-02-27 00:00:00",AA,5,104,-14.0,-7.03,-5.0,-1.99,5.0,680.0
"2025-02-27 00:00:00",WN,21,141,-13.0,-5.99,-1.99,7.92,32.14,97.0
"2025-02-27 00:00:00",AA,19,161,-14.0,-4.01,2.97,26.84,72.97,288.0
"2025-02-27 00:00:00",AA,20,126,-12.0,-2.97,4.01,19.89,58.56,358.0
"2025-02-27 00:00:00",AA,21,93,-12.0,-5.0,-0.99,7.92,25.79,204.0
"2025-02-27 00:00:00",UA,13,144,-14.0,-5.0,-4.01,0.99,16.95,128.0
"2025-02-27 00:00:00",DL,15,186,-16.0,-5.99,-1.99,7.03,32.79,178.0
"2025-02-27 00:00:00",DL,16,140,-15.0,-5.99,-1.99,10.91,56.27,397.0
"2025-02-27 00:00:00",UA,16,140,-16.0,-5.99,-2.97,1.99,16.95,251.0
