"2025-01-16 00:00:00",WN,12,222,-13.0,-5.0,-2.97,0.99,7.03,230.0
"2025-01-16 00:00:00",UA,6,113,-15.0,-8.94,-5.99,-1.99,4.01,224.0
"2025-01-16 00:00:00",WN,5,97,-10.0,-5.99,-4.01,-0.99,2.97,100.0
"2025-01-16 00:00:00",WN,10,230,-13.0,-5.0,-2.97,0.0,5.0,241.0
"2025-01-16 00:00:00",WN,6,308,-13.0,-5.99,-4.01,-0.99,0.99,102.0
"2025-01-16 00:00:00",DL,0,1,-8.0,-8.0,-8.0,-8.0,-8.0,-8.0
"2025-01-16 00:00:00",UA,7,170,-13.0,-7.03,-5.0,-2.97,1.99,264.0
"2025-01-16 00:00:00",WN,7,212,-12.0,-5.99,-4.01,-0.99,0.0,291.0
"2025-01-16 00:00:00",AA,14,158,-16.0,-5.0,-2.97,4.01,36.97,217.0
"2025-01-16 00:00:00",WN,14,222,-11.0,-4.01,-0.99,1.99,13.07,205.0
"2025-01-16 00:00:00",AA,15,115,-12.0,-5.99,-1.99,4.01,25.79,175.0
"2025-01-16 00:00:00",AA,16,154,-15.0,-5.0,-1.99,5.0,29.08,252.0
"2025-01-16 00:00:00",DL,17,166,-15.0,-7.03,-2.97,4.01,21.12,188.0
"2025-01-16 00:00:00",UA,17,146,-16.0,-5.99,-2.97,0.0,10.91,282.0
"2025-01-16 00:00:00",UA,20,82,-17.0,-5.99,-2.97,2.97,15.03,112.0
"2025-01-16 00:00:00",DL,20,68,-13.0,-5.99,-1.99,10.07,36.24,233.0
"2025-01-16 00:00:00",WN,22,3,-7.0,-7.0,-4.01,-4.01,-4.01,1.0
"2025-01-16 00:00:00",DL,22,84,-19.0,-5.99,-4.01,0.0,7.03,134.0
"2025-01-17 00:00:00",DL,20,71,-13.0,-5.99,-2.97,5.99,27.94,71.0
"2025-01-17 00:00:00",UA,20,83,-15.0,-5.0,-0.99,7.92,23.81,169.0
"2025-01-17 00:00:00",DL,0,2,-11.0,-10.91,-10.91,-10.91,-10.91,-10.0
"2025-01-17 00:00:00",WN,10,231,-12.0,-4.01,-1.99,1.99,8.94,118.0
"2025-01-17 00:00:00",DL,22,87,-17.0,-5.99,-2.97,0.0,10.07,61.0
"2025-01-17 00:00:00",WN,22,3,-8.0,-7.92,-7.03,-7.03,-7.03,-2.0
"2025-01-17 00:00:00",UA,7,171,-13.0,-7.03,-4.01,-0.99,1.99,754.0
"2025-01-17 00:00:00",AA,16,141,-16.0,-5.0,-1.99,2.97,22.88,281.0
"2025-01-17 00:00:00",WN,12,224,-13.0,-4.01,-0.99,4.01,16.95,267.0
"2025-01-17 00:00:00",WN,7,213,-14.0,-5.0,-1.99,0.0,4.01,412.0
"2025-01-17 00:00:00",DL,17,167,-15.0,-5.99,-2.97,2.97,22.88,735.0
"2025-01-17 00:00:00",UA,17,147,-14.0,-5.0,-2.97,2.97,17.99,162.0
"2025-01-17 00:00:00",WN,6,308,-13.0,-5.0,-2.97,0.0,4.01,83.0
"2025-01-17 00:00:00",AA,15,117,-14.0,-4.01,-0.99,17.99,64.72,555.0
"2025-01-17 00:00:00",AA,14,150,-12.0,-4.01,-1.99,5.0,29.08,123.0
"2025-01-17 00:00:00",WN,5,98,-10.0,-4.01,-1.99,-0.99,2.97,27.0
"2025-01-17 00:00:00",WN,14,223,-15.0,-4.01,-0.99,5.0,13.87,93.0
"2025-01-17 00:00:00",UA,6,111,-13.0,-7.03,-5.0,-0.99,1.99,26.0
"2025-01-18 00:00:00",AA,16,118,-17.0,-5.99,-2.97,0.99,10.91,180.0
"2025-01-18 00:00:00",WN,7,201,-10.0,-5.0,-2.97,-0.99,4.01,174.0
"2025-01-18 00:00:00",AA,15,103,-15.0,-5.99,-2.97,2.97,13.87,120.0
"2025-01-18 00:00:00",WN,6,191,-13.0,-5.0,-2.97,0.0,4.01,220.0
"2025-01-18 00:00:00",UA,7,163,-15.0,-5.99,-2.97,0.0,13.07,88.0
"2025-01-18 00:00:00",WN,14,233,-13.0,-4.01,0.0,5.99,21.98,169.0
"2025-01-18 00:00:00",WN,5,58,-10.0,-5.99,-4.01,-0.99,2.97,13.0
"2025-01-18 00:00:00",UA,6,107,-16.0,-7.92,-5.0,-2.97,2.97,602.0
"2025-01-18 00:00:00",WN,10,210,-11.0,-4.01,-0.99,5.0,13.87,157.0
"2025-01-18 00:00:00",AA,14,121,-17.0,-5.99,-2.97,0.0,13.87,70.0
"2025-01-18 00:00:00",WN,12,193,-13.0,-4.01,-0.99,7.03,16.95,118.0
"2025-01-18 00:00:00",DL,0,2,-28.0,-27.94,-27.94,-27.94,-27.94,0.0
"2025-01-18 00:00:00",DL,17,149,-30.0,-8.94,-5.0,0.99,19.89,180.0
"2025-01-18 00:00:00",UA,17,129,-16.0,-5.99,-0.99,7.92,27.94,103.0
"2025-01-18 00:00:00",UA,20,75,-13.0,-5.0,-0.99,5.99,23.81,183.0
"2025-01-18 00:00:00",DL,20,58,-17.0,-5.99,-4.01,7.03,19.11,65.0
"2025-01-18 00:00:00",DL,22,66,-12.0,-5.99,-4.01,5.0,13.87,156.0
"2025-01-19 00:00:00",UA,7,157,-12.0,-7.03,-4.01,-1.99,7.03,406.0
"2025-01-19 00:00:00",UA,17,130,-10.0,-5.0,0.0,13.87,47.95,336.0
"2025-01-19 00:00:00",DL,0,1,-9.0,-9.0,-9.0,-9.0,-9.0,-9.0
"2025-01-19 00:00:00",WN,5,25,-10.0,-5.0,-4.01,1.99,5.99,274.0
"2025-01-19 00:00:00",WN,10,205,-11.0,-4.01,-1.99,4.01,13.87,127.0
"2025-01-19 00:00:00",DL,20,58,-15.0,-5.99,-0.99,21.12,79.05,645.0
"2025-01-19 00:00:00",UA,20,71,-15.0,-2.97,5.0,29.08,46.07,196.0
"2025-01-19 00:00:00",DL,22,67,-12.0,-5.0,-1.99,1.99,77.49,439.0
"2025-01-19 00:00:00",DL,17,140,-14.0,-5.99,-2.97,5.99,22.88,91.0
"2025-01-19 00:00:00",WN,14,218,-13.0,-2.97,0.99,12.06,30.88,231.0
"2025-01-19 00:00:00",AA,16,148,-13.0,-5.0,-0.99,15.03,48.91,430.0
"2025-01-19 00:00:00",WN,12,184,-11.0,-4.01,0.0,8.94,29.08,119.0
"2025-01-19 00:00:00",AA,14,152,-16.0,-4.01,-0.99,19.11,57.4,338.0
"2025-01-19 00:00:00",AA,15,110,-13.0,-4.01,0.0,19.11,47.0,158.0
"2025-01-19 00:00:00",WN,7,148,-13.0,-5.99,-4.01,-0.99,7.92,87.0
"2025-01-19 00:00:00",UA,6,108,-15.0,-7.92,-5.0,-0.99,5.0,320.0
"2025-01-19 00:00:00",WN,6,182,-11.0,-5.99,-4.01,-0.99,2.97,112.0
"2025-01-20 00:00:00",UA,17,146,-15.0,-1.99,4.01,19.11,64.72,368.0
"2025-01-20 00:00:00",AA,15,118,-9.0,-2.97,1.99,19.89,48.91,244.0
"2025-01-20 00:00:00",WN,5,98,-9.0,-4.01,-1.99,0.99,10.07,229.0
"2025-01-20 00:00:00",DL,0,2,-1.0,-0.99,-0.99,-0.99,-0.99,30.0
"2025-01-20 00:00:00",AA,16,141,-10.0,-4.01,-0.99,10.91,47.95,146.0
"2025-01-20 00:00:00",DL,17,167,-16.0,-2.97,8.94,27.94,89.13,417.0
"2025-01-20 00:00:00",WN,14,221,-8.0,0.0,13.87,34.13,74.45,147.0
"2025-01-20 00:00:00",DL,20,96,-14.0,-0.99,12.06,50.91,102.52,242.0
"2025-01-20 00:00:00",UA,20,75,-20.0,-1.99,7.03,21.98,39.25,170.0
"2025-01-20 00:00:00",WN,22,3,-5.0,-5.0,-4.01,-4.01,-4.01,57.0
"2025-01-20 00:00:00",WN,12,225,-9.0,-0.99,8.94,32.14,56.27,168.0
"2025-01-20 00:00:00",DL,22,88,-11.0,-4.01,0.0,12.06,39.25,634.0
"2025-01-20 00:00:00",WN,7,212,-10.0,-5.0,-1.99,0.99,10.91,79.0
"2025-01-20 00:00:00",WN,6,301,-14.0,-5.0,-2.97,0.0,8.94,182.0
"2025-01-20 00:00:00",UA,7,168,-13.0,-5.99,-1.99,1.99,13.07,151.0
"2025-01-20 00:00:00",AA,14,148,-9.0,-2.97,0.99,19.89,51.94,496.0
"2025-01-20 00:00:00",UA,6,104,-18.0,-5.0,-1.99,5.99,27.94,121.0
"2025-01-20 00:00:00",WN,10,230,-18.0,-2.97,1.99,15.03,43.38,255.0
"2025-01-21 00:00:00",DL,0,4,-9.0,-8.94,-7.92,-4.01,-4.01,0.0
"2025-01-21 00:00:00",AA,16,119,-16.0,-5.0,-1.99,2.97,15.03,799.0
"2025-01-21 00:00:00",DL,17,142,-20.0,-5.99,5.0,57.4,190.59,1036.0
"2025-01-21 00:00:00",WN,10,185,-10.0,-2.97,2.97,13.07,30.88,188.0
"2025-01-21 00:00:00",WN,12,170,-13.0,-5.0,0.0,10.07,26.84,197.0
"2025-01-21 00:00:00",WN,5,29,-11.0,-5.0,-2.97,0.0,0.99,6.0
"2025-01-21 00:00:00",UA,17,117,-22.0,-5.0,-0.99,2.97,21.98,131.0
"2025-01-21 00:00:00",UA,20,45,-14.0,-4.01,0.99,23.81,30.88,703.0
"2025-01-21 00:00:00",DL,22,66,-18.0,-5.0,37.72,162.41,206.46,1061.0
"2025-01-21 00:00:00",UA,6,85,-16.0,-7.92,-4.01,-0.99,5.99,68.0
"2025-01-21 00:00:00",DL,20,66,-14.0,-1.99,21.12,94.64,186.82,677.0
"2025-01-21 00:00:00",WN,6,181,-11.0,-5.99,-2.97,-0.99,5.99,212.0
"2025-01-21 00:00:00",WN,7,168,-10.0,-5.0,-2.97,0.0,19.89,268.0
"2025-01-21 00:00:00",UA,7,107,-13.0,-7.03,-5.0,-0.99,7.03,231.0
"2025-01-21 00:00:00",AA,15,112,-13.0,-5.0,-1.99,5.0,19.89,174.0
"2025-01-21 00:00:00",AA,14,124,-13.0,-5.0,-1.99,7.03,27.94,468.0
"2025-01-21 00:00:00",WN,14,194,-11.0,-4.01,0.99,8.94,24.78,317.0
