"2025-03-31 00:00:00",UA,17,130,-10.0,-1.99,15.03,100.49,175.94,304.0
"2025-03-31 00:00:00",DL,22,90,-11.0,1.99,44.26,111.06,169.04,559.0
"2025-03-31 00:00:00",WN,23,9,-3.0,-0.99,1.99,17.99,32.79,37.0
"2025-03-31 00:00:00",AA,14,135,-10.0,-1.99,10.91,51.94,108.86,380.0
"2025-03-31 00:00:00",AA,16,129,-13.0,1.99,27.94,66.03,152.95,1113.0
"2025-03-31 00:00:00",WN,14,232,-14.0,1.99,15.03,47.95,108.86,647.0
"2025-03-31 00:00:00",AA,15,136,-14.0,0.0,21.98,67.36,156.04,385.0
"2025-03-31 00:00:00",WN,7,236,-10.0,-4.01,-1.99,5.0,36.24,304.0
"2025-03-31 00:00:00",UA,20,71,-11.0,-0.99,30.27,67.36,206.46,897.0
"2025-03-31 00:00:00",WN,10,233,-12.0,-2.97,5.0,19.89,60.95,391.0
"2025-03-31 00:00:00",WN,12,220,-15.0,-0.99,5.99,37.72,89.13,449.0
"2025-03-31 00:00:00",WN,22,130,-12.0,1.99,34.82,104.6,144.04,244.0
"2025-03-31 00:00:00",DL,0,7,-10.0,-8.94,-2.97,-1.99,-0.99,36.0
"2025-03-31 00:00:00",DL,17,170,-14.0,-0.99,32.79,102.52,172.45,922.0
"2025-03-31 00:00:00",UA,7,197,-15.0,-7.03,-4.01,0.99,29.08,241.0
"2025-03-31 00:00:00",WN,5,192,-14.0,-5.0,-2.97,0.0,5.99,294.0
"2025-03-31 00:00:00",DL,20,103,-11.0,0.99,70.11,115.6,186.82,357.0
"2025-03-31 00:00:00",UA,6,136,-13.0,-7.92,-5.0,-0.99,16.95,551.0
"2025-03-31 00:00:00",WN,6,302,-11.0,-5.0,-2.97,0.0,10.91,237.0
"2025-04-01 00:00:00",WN,12,235,-11.0,-4.01,-0.99,12.06,27.94,236.0
"2025-04-01 00:00:00",DL,17,174,-22.0,-5.99,-1.99,7.03,30.88,754.0
"2025-04-01 00:00:00",WN,10,250,-11.0,-5.0,-0.99,5.0,26.84,414.0
"2025-04-01 00:00:00",UA,17,131,-13.0,-5.99,-0.99,8.94,19.89,116.0
"2025-04-01 00:00:00",DL,22,94,-15.0,-5.99,-4.01,1.99,26.84,94.0
"2025-04-01 00:00:00",WN,23,7,-8.0,-7.92,-2.97,-0.99,5.0,9.0
"2025-04-01 00:00:00",WN,6,302,-11.0,-5.99,-4.01,-0.99,2.97,164.0
"2025-04-01 00:00:00",DL,20,93,-17.0,-4.01,0.0,12.06,47.0,620.0
"2025-04-01 00:00:00",WN,7,245,-12.0,-5.0,-2.97,0.0,16.95,399.0
"2025-04-01 00:00:00",WN,22,10,-7.0,-5.0,-4.01,-2.97,4.01,16.0
"2025-04-01 00:00:00",UA,7,184,-14.0,-7.03,-5.0,-1.99,7.92,189.0
"2025-04-01 00:00:00",UA,20,77,-13.0,-7.03,-4.01,2.97,16.95,63.0
"2025-04-01 00:00:00",AA,16,147,-13.0,-4.01,0.0,17.99,48.91,930.0
"2025-04-01 00:00:00",AA,14,145,-14.0,-5.0,-0.99,13.87,39.25,330.0
"2025-04-01 00:00:00",WN,5,105,-10.0,-5.0,-2.97,-0.99,2.97,112.0
"2025-04-01 00:00:00",DL,0,7,-12.0,-8.94,-5.0,1.99,5.99,22.0
"2025-04-01 00:00:00",AA,15,143,-13.0,-4.01,0.99,17.99,51.94,160.0
"2025-04-01 00:00:00",UA,6,122,-15.0,-7.92,-5.99,-2.97,4.01,630.0
"2025-04-01 00:00:00",WN,14,220,-13.0,-4.01,0.99,13.07,36.24,255.0
