"2025-04-07 00:00:00",DL,0,6,-12.0,-7.03,-4.01,-4.01,0.99,211.0
"2025-04-07 00:00:00",WN,6,306,-11.0,-4.01,-2.97,0.0,5.99,78.0
"2025-04-07 00:00:00",WN,12,230,-13.0,-4.01,0.99,15.03,34.13,156.0
"2025-04-07 00:00:00",UA,7,200,-17.0,-7.03,-5.0,-0.99,8.94,237.0
"2025-04-07 00:00:00",WN,10,238,-11.0,-4.01,-0.99,5.0,24.78,287.0
"2025-04-07 00:00:00",WN,7,240,-12.0,-5.0,-1.99,0.99,13.07,381.0
"2025-04-07 00:00:00",WN,5,197,-13.0,-5.0,-2.97,-0.99,1.99,40.0
"2025-04-07 00:00:00",UA,17,136,-18.0,-5.99,-1.99,5.99,54.06,201.0
"2025-04-07 00:00:00",UA,20,80,-18.0,-4.01,5.0,17.99,55.15,205.0
"2025-04-07 00:00:00",UA,6,134,-14.0,-7.92,-5.0,-2.97,4.01,841.0
"2025-04-07 00:00:00",WN,23,9,-7.0,-7.0,-5.0,-1.99,0.0,1.0
"2025-04-07 00:00:00",DL,22,97,-20.0,-4.01,8.94,41.68,64.72,186.0
"2025-04-07 00:00:00",WN,22,137,-13.0,-5.99,-0.99,10.07,40.86,131.0
"2025-04-07 00:00:00",DL,17,182,-27.0,-2.97,13.87,56.27,102.52,324.0
"2025-04-07 00:00:00",WN,14,244,-14.0,-0.99,5.0,15.96,34.13,182.0
"2025-04-07 00:00:00",AA,15,143,-16.0,-2.97,5.99,34.13,68.72,249.0
"2025-04-07 00:00:00",DL,20,114,-13.0,0.0,13.07,47.95,90.93,659.0
"2025-04-07 00:00:00",AA,16,150,-11.0,-4.01,4.01,30.27,82.28,845.0
"2025-04-07 00:00:00",AA,14,151,-12.0,-2.97,5.99,40.86,96.55,342.0
