"2025-02-21 00:00:00",WN,22,141,-15.0,-7.03,-5.0,0.0,10.91,171.0
"2025-02-21 00:00:00",WN,10,231,-11.0,-4.01,-0.99,8.94,29.08,119.0
"2025-02-21 00:00:00",DL,0,4,-13.0,-13.0,-8.94,0.0,0.0,33.0
"2025-02-21 00:00:00",UA,6,128,-11.0,-7.03,-4.01,-1.99,13.87,118.0
"2025-02-21 00:00:00",WN,12,235,-9.0,-4.01,0.0,8.94,26.84,146.0
"2025-02-21 00:00:00",AA,14,157,-19.0,-4.01,-0.99,5.99,48.91,236.0
"2025-02-21 00:00:00",WN,14,230,-10.0,-2.97,0.99,10.07,23.81,340.0
"2025-02-21 00:00:00",WN,23,3,-8.0,-7.92,-7.03,-7.03,-7.03,-2.0
"2025-02-21 00:00:00",WN,7,198,-11.0,-5.0,-2.97,-0.99,5.99,239.0
"2025-02-21 00:00:00",WN,6,304,-12.0,-5.0,-1.99,0.0,8.94,281.0
"2025-02-21 00:00:00",UA,20,82,-13.0,-7.03,-2.97,2.97,23.81,75.0
"2025-02-21 00:00:00",UA,7,200,-14.0,-5.99,-2.97,0.0,16.95,216.0
"2025-02-21 00:00:00",UA,17,144,-17.0,-5.99,-1.99,7.03,21.12,91.0
"2025-02-21 00:00:00",WN,5,184,-10.0,-5.0,-2.97,-0.99,7.03,49.0
"2025-02-21 00:00:00",DL,20,102,-18.0,-5.0,-0.99,13.07,48.91,163.0
"2025-02-21 00:00:00",DL,17,174,-20.0,-7.03,-4.01,7.03,32.79,195.0
"2025-02-21 00:00:00",DL,22,93,-20.0,-5.99,-2.97,5.99,22.88,467.0
"2025-02-21 00:00:00",AA,15,128,-13.0,-5.0,0.0,13.87,37.72,232.0
"2025-02-21 00:00:00",AA,16,153,-16.0,-5.0,-1.99,5.99,26.84,233.0
"2025-02-22 00:00:00",WN,10,234,-10.0,-4.01,-1.99,1.99,15.96,123.0
"2025-02-22 00:00:00",UA,7,183,-13.0,-7.03,-4.01,-0.99,10.91,140.0
"2025-02-22 00:00:00",WN,7,204,-12.0,-5.0,-4.01,0.0,1.99,122.0
"2025-02-22 00:00:00",WN,12,200,-14.0,-4.01,-0.99,4.01,17.99,104.0
"2025-02-22 00:00:00",AA,14,142,-10.0,-5.0,-1.99,8.94,24.78,1137.0
"2025-02-22 00:00:00",WN,14,220,-13.0,-5.0,-0.99,7.92,30.27,111.0
"2025-02-22 00:00:00",AA,15,109,-23.0,-5.0,-1.99,13.07,41.68,312.0
"2025-02-22 00:00:00",AA,16,142,-12.0,-5.99,-1.99,7.92,30.27,152.0
"2025-02-22 00:00:00",DL,17,151,-24.0,-7.92,-4.01,1.99,13.87,226.0
"2025-02-22 00:00:00",UA,17,128,-14.0,-7.03,-2.97,5.0,24.78,241.0
"2025-02-22 00:00:00",UA,20,63,-14.0,-5.0,-0.99,10.07,30.88,101.0
"2025-02-22 00:00:00",DL,20,70,-23.0,-7.03,-4.01,-0.99,8.94,54.0
"2025-02-22 00:00:00",WN,22,5,-6.0,-0.99,1.99,7.92,7.92,14.0
"2025-02-22 00:00:00",DL,22,70,-13.0,-4.01,0.0,8.94,23.81,39.0
"2025-02-22 00:00:00",WN,23,1,15.0,15.0,15.0,15.0,15.0,15.0
"2025-02-22 00:00:00",WN,5,131,-11.0,-5.0,-2.97,-0.99,2.97,32.0
"2025-02-22 00:00:00",WN,6,282,-13.0,-5.0,-2.97,0.0,5.99,111.0
"2025-02-22 00:00:00",UA,6,125,-12.0,-7.03,-4.01,-1.99,1.99,272.0
"2025-02-22 00:00:00",DL,0,4,-13.0,-13.0,-12.06,-12.06,-12.06,-8.0
"2025-02-23 00:00:00",WN,23,3,-13.0,-13.0,-4.01,-4.01,-4.01,-3.0
"2025-02-23 00:00:00",UA,17,140,-16.0,-5.0,-0.99,7.92,34.13,172.0
"2025-02-23 00:00:00",WN,5,182,-14.0,-5.0,-2.97,-0.99,4.01,155.0
"2025-02-23 00:00:00",UA,6,125,-14.0,-7.03,-5.0,-0.99,5.0,95.0
"2025-02-23 00:00:00",WN,6,296,-14.0,-5.0,-4.01,-0.99,2.97,212.0
"2025-02-23 00:00:00",UA,7,194,-13.0,-7.03,-5.0,-1.99,5.0,316.0
"2025-02-23 00:00:00",WN,7,200,-14.0,-5.99,-4.01,-0.99,0.99,119.0
"2025-02-23 00:00:00",WN,10,230,-11.0,-5.0,-1.99,2.97,12.06,272.0
"2025-02-23 00:00:00",WN,12,234,-11.0,-2.97,-0.99,7.03,21.12,173.0
"2025-02-23 00:00:00",WN,14,228,-10.0,-2.97,0.99,8.94,24.78,171.0
"2025-02-23 00:00:00",AA,14,157,-16.0,-5.0,-1.99,5.0,26.84,185.0
"2025-02-23 00:00:00",AA,15,129,-14.0,-4.01,0.0,15.96,47.0,358.0
"2025-02-23 00:00:00",DL,20,103,-13.0,-5.99,-1.99,7.92,30.88,143.0
"2025-02-23 00:00:00",DL,0,1,-4.0,-4.0,-4.0,-4.0,-4.0,-4.0
"2025-02-23 00:00:00",AA,16,153,-12.0,-4.01,-0.99,5.99,23.81,231.0
"2025-02-23 00:00:00",DL,22,93,-13.0,-5.99,-2.97,2.97,15.96,486.0
"2025-02-23 00:00:00",DL,17,174,-18.0,-7.03,-1.99,5.99,22.88,316.0
"2025-02-23 00:00:00",UA,20,82,-11.0,-5.0,-1.99,7.92,21.12,597.0
"2025-02-23 00:00:00",WN,22,142,-12.0,-5.0,-0.99,10.07,23.81,53.0
