"2025-03-31 00:00:00",UA,13,118,-12.0,-4.01,-0.99,15.96,47.95,162.0
"2025-03-31 00:00:00",DL,23,35,-8.0,1.99,34.82,113.31,130.34,708.0
"2025-03-31 00:00:00",UA,16,131,-15.0,-1.99,7.03,54.06,132.97,1030.0
"2025-03-31 00:00:00",DL,13,146,-13.0,-1.99,23.81,62.18,120.31,429.0
"2025-03-31 00:00:00",AA,5,99,-16.0,-7.03,-2.97,0.0,10.07,414.0
"2025-03-31 00:00:00",DL,6,188,-19.0,-7.03,-4.01,0.0,8.94,607.0
"2025-03-31 00:00:00",WN,17,219,-14.0,4.01,27.94,89.13,152.95,351.0
"2025-03-31 00:00:00",DL,11,198,-20.0,-2.97,7.92,51.94,106.71,1171.0
"2025-03-31 00:00:00",AA,9,129,-10.0,-5.0,-0.99,10.91,60.95,548.0
"2025-03-31 00:00:00",WN,9,233,-8.0,-1.99,2.97,15.03,45.15,415.0
"2025-03-31 00:00:00",DL,21,96,-13.0,8.94,56.27,94.64,149.92,899.0
"2025-03-31 00:00:00",WN,21,160,-12.0,1.99,32.79,89.13,152.95,344.0
"2025-03-31 00:00:00",AA,6,172,-14.0,-5.99,-4.01,0.0,40.86,465.0
"2025-03-31 00:00:00",AA,19,136,-15.0,1.99,26.84,100.49,210.64,972.0
"2025-03-31 00:00:00",AA,21,79,-14.0,-0.99,30.27,85.64,156.04,653.0
"2025-03-31 00:00:00",AA,20,118,-11.0,1.99,21.12,66.03,115.6,573.0
"2025-03-31 00:00:00",DL,16,131,-14.0,13.07,57.4,144.04,257.27,1106.0
"2025-03-31 00:00:00",DL,15,173,-10.0,4.01,48.91,115.6,232.79,446.0
"2025-04-01 00:00:00",AA,19,154,-23.0,-5.99,0.0,15.96,40.86,652.0
"2025-04-01 00:00:00",DL,16,129,-16.0,-5.99,0.0,22.88,48.91,311.0
"2025-04-01 00:00:00",AA,6,178,-14.0,-7.03,-4.01,0.0,72.97,1703.0
"2025-04-01 00:00:00",UA,13,124,-13.0,-5.99,-4.01,0.99,13.07,76.0
"2025-04-01 00:00:00",DL,13,146,-14.0,-5.0,0.0,12.06,39.25,205.0
"2025-04-01 00:00:00",DL,15,182,-16.0,-4.01,0.0,17.99,45.15,218.0
"2025-04-01 00:00:00",DL,11,202,-14.0,-5.0,0.0,19.11,54.06,270.0
"2025-04-01 00:00:00",DL,6,174,-17.0,-7.03,-2.97,0.99,16.95,423.0
"2025-04-01 00:00:00",WN,17,231,-15.0,-5.0,0.0,13.87,32.79,209.0
"2025-04-01 00:00:00",AA,9,129,-15.0,-5.0,-2.97,1.99,63.44,598.0
"2025-04-01 00:00:00",WN,9,203,-10.0,-5.0,-0.99,4.01,17.99,155.0
"2025-04-01 00:00:00",AA,5,100,-15.0,-7.92,-5.0,-1.99,10.91,400.0
"2025-04-01 00:00:00",AA,20,126,-14.0,-4.01,-0.99,13.87,40.05,774.0
"2025-04-01 00:00:00",WN,21,160,-15.0,-5.0,1.99,15.96,40.86,158.0
"2025-04-01 00:00:00",AA,21,88,-13.0,-5.0,-0.99,15.96,45.15,159.0
"2025-04-01 00:00:00",DL,21,80,-14.0,-4.01,0.0,13.87,40.86,205.0
"2025-04-01 00:00:00",DL,23,33,-15.0,-5.0,-4.01,2.97,13.87,124.0
"2025-04-01 00:00:00",UA,16,138,-13.0,-7.03,-2.97,1.99,22.88,72.0
