2025-01-01 00:00:00,UA,1,7,-16.0,-15.03,4.01,5.99,29.08,57.0
2025-01-01 00:00:00,DL,1,14,-9.0,-5.99,-2.97,0.99,19.89,36.0
2025-01-01 00:00:00,UA,5,304,-18.0,-7.03,-4.01,0.0,10.91,777.0
2025-01-01 00:00:00,UA,9,861,-14.0,-4.01,0.99,15.03,56.27,438.0
2025-01-01 00:00:00,WN,15,1535,-12.0,-0.99,10.07,30.27,60.95,424.0
2025-01-01 00:00:00,AA,17,968,-20.0,-5.0,0.0,24.78,72.97,762.0
2025-01-01 00:00:00,AA,11,1035,-15.0,-4.01,-0.99,13.07,52.99,582.0
2025-01-01 00:00:00,AA,18,1029,-22.0,-2.97,2.97,27.94,74.45,910.0
2025-01-01 00:00:00,UA,19,713,-19.0,-2.97,5.0,27.94,67.36,914.0
2025-01-01 00:00:00,AA,7,1204,-14.0,-5.99,-2.97,0.99,25.79,1771.0
2025-01-01 00:00:00,UA,11,810,-15.0,-4.01,0.99,22.88,63.44,450.0
2025-01-01 00:00:00,WN,20,1501,-15.0,0.0,13.07,36.97,72.97,341.0
2025-01-01 00:00:00,UA,22,310,-15.0,-2.97,1.99,17.99,64.72,1048.0
2025-01-01 00:00:00,WN,13,1527,-12.0,-1.99,5.0,21.12,52.99,403.0
2025-01-01 00:00:00,AA,23,241,-13.0,-5.0,-0.99,10.07,40.86,808.0
2025-01-01 00:00:00,DL,5,426,-18.0,-7.92,-4.01,0.99,13.07,358.0
2025-01-01 00:00:00,AA,8,1216,-14.0,-5.99,-2.97,4.01,32.79,1386.0
2025-01-01 00:00:00,AA,13,960,-18.0,-4.01,0.0,19.11,72.97,1293.0
2025-01-01 00:00:00,DL,14,903,-17.0,-5.0,-0.99,15.03,48.91,1109.0
2025-01-01 00:00:00,WN,8,1576,-13.0,-4.01,-0.99,7.03,22.88,345.0
2025-01-01 00:00:00,UA,14,828,-15.0,-4.01,0.99,23.81,89.13,604.0
2025-01-01 00:00:00,UA,15,534,-16.0,-2.97,2.97,21.98,63.44,414.0
2025-01-08 00:00:00,DL,1,14,-12.0,-8.94,-5.99,-0.99,0.99,92.0
2025-01-08 00:00:00,UA,11,801,-17.0,-5.0,-1.99,5.99,30.27,372.0
2025-01-08 00:00:00,AA,17,967,-21.0,-5.99,-0.99,15.03,57.4,992.0
2025-01-08 00:00:00,UA,22,168,-19.0,-5.99,-2.97,1.99,16.95,178.0
2025-01-08 00:00:00,UA,1,7,-7.0,-4.01,4.01,12.06,12.06,101.0
2025-01-08 00:00:00,AA,23,144,-18.0,-7.03,-4.01,0.99,22.88,1041.0
2025-01-08 00:00:00,AA,18,923,-34.0,-5.0,-0.99,13.87,45.15,269.0
2025-01-08 00:00:00,WN,20,1006,-17.0,-5.0,-0.99,8.94,23.81,156.0
2025-01-08 00:00:00,UA,19,682,-19.0,-5.99,-0.99,8.94,34.82,199.0
2025-01-08 00:00:00,AA,13,831,-14.0,-5.0,-0.99,12.06,57.4,1224.0
2025-01-08 00:00:00,UA,14,792,-21.0,-7.03,-2.97,5.0,34.82,230.0
2025-01-08 00:00:00,UA,15,603,-26.0,-7.03,-1.99,7.92,36.24,329.0
2025-01-08 00:00:00,WN,15,1524,-16.0,-5.0,-0.99,7.92,29.08,323.0
2025-01-08 00:00:00,WN,13,1605,-19.0,-5.0,-1.99,5.99,23.81,484.0
2025-01-08 00:00:00,DL,14,769,-17.0,-5.0,0.0,26.84,83.94,1109.0
2025-01-08 00:00:00,UA,5,168,-19.0,-7.92,-5.0,-1.99,7.92,364.0
2025-01-08 00:00:00,WN,8,1670,-13.0,-5.0,-2.97,0.0,8.94,296.0
2025-01-08 00:00:00,AA,11,979,-15.0,-5.0,-0.99,13.07,50.91,1490.0
2025-01-08 00:00:00,UA,9,1013,-17.0,-5.99,-1.99,5.99,32.14,409.0
2025-01-08 00:00:00,DL,5,410,-17.0,-7.92,-5.0,0.0,26.84,1134.0
2025-01-08 00:00:00,AA,8,1197,-19.0,-5.99,-2.97,1.99,30.27,1300.0
2025-01-08 00:00:00,AA,7,1166,-17.0,-7.03,-4.01,0.0,17.99,1782.0
2025-01-15 00:00:00,DL,1,14,-11.0,-8.94,-5.0,-2.97,10.91,105.0
2025-01-15 00:00:00,UA,11,793,-14.0,-5.0,-1.99,7.03,25.79,699.0
2025-01-15 00:00:00,AA,17,1040,-16.0,-5.0,-1.99,8.94,34.82,1185.0
2025-01-15 00:00:00,UA,22,160,-15.0,-5.99,-2.97,5.99,22.88,179.0
2025-01-15 00:00:00,UA,1,7,3.0,5.0,7.92,7.92,8.94,67.0
2025-01-15 00:00:00,AA,23,151,-11.0,-5.99,-2.97,4.01,23.81,608.0
2025-01-15 00:00:00,AA,18,999,-16.0,-5.0,-0.99,13.07,47.95,1353.0
2025-01-15 00:00:00,WN,20,1031,-15.0,-5.0,0.99,16.95,45.15,288.0
2025-01-15 00:00:00,UA,19,660,-21.0,-5.99,-0.99,10.91,32.14,780.0
2025-01-15 00:00:00,WN,13,1621,-14.0,-4.01,0.0,8.94,29.08,259.0
2025-01-15 00:00:00,UA,14,764,-17.0,-5.99,-2.97,4.01,29.08,387.0
2025-01-15 00:00:00,UA,15,582,-18.0,-5.99,-1.99,7.03,30.27,307.0
2025-01-15 00:00:00,WN,15,1525,-16.0,-4.01,0.0,10.91,32.79,309.0
2025-01-15 00:00:00,AA,13,904,-15.0,-5.0,-1.99,5.0,30.88,1206.0
2025-01-15 00:00:00,DL,14,837,-18.0,-5.99,-1.99,7.92,36.24,603.0
2025-01-15 00:00:00,UA,5,163,-13.0,-7.92,-5.0,-1.99,5.0,276.0
2025-01-15 00:00:00,WN,8,1731,-13.0,-5.0,-1.99,0.99,10.91,262.0
2025-01-15 00:00:00,AA,11,1043,-15.0,-5.0,-1.99,5.0,27.94,2127.0
2025-01-15 00:00:00,UA,9,977,-15.0,-5.99,-2.97,2.97,21.12,702.0
2025-01-15 00:00:00,DL,5,442,-18.0,-7.92,-5.0,-0.99,5.99,1101.0
2025-01-15 00:00:00,AA,8,1287,-16.0,-5.99,-2.97,0.0,13.07,2336.0
2025-01-15 00:00:00,AA,7,1238,-16.0,-5.99,-2.97,0.0,12.06,1803.0
2025-01-22 00:00:00,UA,5,166,-13.0,-7.92,-5.99,-2.97,1.99,129.0
2025-01-22 00:00:00,WN,13,1634,-15.0,-5.0,-1.99,4.01,19.89,296.0
2025-01-22 00:00:00,AA,18,1025,-24.0,-5.99,-2.97,7.03,40.86,940.0
2025-01-22 00:00:00,AA,23,152,-17.0,-7.03,-1.99,2.97,19.11,68.0
2025-01-22 00:00:00,UA,1,7,-15.0,-13.87,-2.97,0.99,13.87,17.0
2025-01-22 00:00:00,DL,1,14,-15.0,-8.94,-5.99,1.99,49.9,82.0
2025-01-22 00:00:00,UA,19,685,-24.0,-7.03,-2.97,4.01,16.95,253.0
2025-01-22 00:00:00,UA,22,165,-21.0,-8.94,-5.99,-1.99,10.07,332.0
2025-01-22 00:00:00,WN,20,1044,-15.0,-5.99,-2.97,4.01,17.99,215.0
2025-01-22 00:00:00,AA,13,899,-15.0,-5.99,-2.97,5.99,32.14,1019.0
2025-01-22 00:00:00,UA,15,606,-20.0,-7.92,-4.01,0.99,19.11,322.0
2025-01-22 00:00:00,AA,17,1063,-20.0,-7.03,-2.97,5.99,36.24,874.0
2025-01-22 00:00:00,WN,15,1546,-15.0,-5.0,-1.99,5.0,22.88,332.0
2025-01-22 00:00:00,DL,14,873,-18.0,-5.99,-2.97,7.92,41.68,482.0
2025-01-22 00:00:00,UA,14,785,-20.0,-7.03,-4.01,2.97,24.78,281.0
2025-01-22 00:00:00,DL,5,452,-22.0,-8.94,-5.99,-1.99,8.94,446.0
2025-01-22 00:00:00,UA,9,1007,-23.0,-7.03,-2.97,2.97,26.84,775.0
2025-01-22 00:00:00,AA,11,1042,-18.0,-5.99,-2.97,1.99,23.81,1782.0
2025-01-22 00:00:00,UA,11,795,-18.0,-5.99,-2.97,2.97,19.11,483.0
2025-01-22 00:00:00,AA,7,1255,-17.0,-7.03,-5.0,-1.99,7.03,990.0
2025-01-22 00:00:00,WN,8,1686,-14.0,-5.0,-2.97,0.0,7.92,271.0
2025-01-22 00:00:00,AA,8,1303,-18.0,-5.99,-4.01,0.0,19.11,2214.0
2025-01-29 00:00:00,UA,5,168,-17.0,-8.94,-5.99,-1.99,8.94,377.0
2025-01-29 00:00:00,WN,13,1644,-15.0,-5.0,-1.99,2.97,16.95,325.0
2025-01-29 00:00:00,AA,18,1023,-26.0,-5.99,-2.97,4.01,23.81,1126.0
2025-01-29 00:00:00,AA,23,154,-19.0,-7.92,-4.01,0.0,7.92,126.0
2025-01-29 00:00:00,UA,1,7,-14.0,-12.06,-7.92,-5.99,4.01,7.0
2025-01-29 00:00:00,DL,1,14,-14.0,-10.07,-7.03,0.0,70.11,76.0
2025-01-29 00:00:00,UA,19,683,-20.0,-7.03,-2.97,2.97,22.88,633.0
2025-01-29 00:00:00,UA,22,166,-19.0,-7.92,-5.0,0.0,16.95,82.0
2025-01-29 00:00:00,WN,20,1036,-15.0,-5.99,-2.97,2.97,21.12,161.0
2025-01-29 00:00:00,AA,13,901,-16.0,-5.99,-4.01,1.99,26.84,1346.0
2025-01-29 00:00:00,WN,15,1553,-15.0,-5.0,-1.99,4.01,19.89,349.0
2025-01-29 00:00:00,AA,17,1069,-19.0,-7.03,-2.97,2.97,32.79,838.0
2025-01-29 00:00:00,UA,15,610,-19.0,-7.92,-4.01,1.99,25.79,393.0
2025-01-29 00:00:00,DL,14,882,-21.0,-7.03,-2.97,1.99,19.89,229.0
2025-01-29 00:00:00,UA,14,802,-21.0,-7.92,-4.01,0.99,19.89,532.0
2025-01-29 00:00:00,DL,5,465,-21.0,-8.94,-5.99,-1.99,5.0,1052.0
2025-01-29 00:00:00,UA,9,1025,-19.0,-7.03,-4.01,0.99,15.96,401.0
2025-01-29 00:00:00,UA,11,816,-19.0,-5.99,-2.97,1.99,16.95,447.0
2025-01-29 00:00:00,AA,11,1042,-18.0,-5.99,-2.97,1.99,22.88,1311.0
2025-01-29 00:00:00,AA,7,1249,-20.0,-7.92,-5.0,-1.99,5.99,1368.0
2025-01-29 00:00:00,WN,8,1722,-14.0,-5.99,-2.97,-0.99,7.92,329.0
2025-01-29 00:00:00,AA,8,1288,-16.0,-7.03,-4.01,-0.99,10.07,1731.0
2025-02-05 00:00:00,UA,5,169,-16.0,-7.92,-5.99,-1.99,4.01,605.0
2025-02-05 00:00:00,WN,13,1665,-14.0,-5.0,-0.99,7.03,24.78,207.0
2025-02-05 00:00:00,AA,18,1025,-27.0,-5.99,-2.97,2.97,29.08,860.0
2025-02-05 00:00:00,AA,23,153,-14.0,-7.03,-2.97,0.99,21.98,972.0
2025-02-05 00:00:00,UA,1,6,-18.0,-15.96,-13.87,-1.99,0.0,3.0
2025-02-05 00:00:00,DL,1,14,-16.0,-7.03,-5.99,0.99,8.94,130.0
2025-02-05 00:00:00,UA,19,690,-22.0,-5.99,-0.99,12.06,41.68,344.0
2025-02-05 00:00:00,UA,22,167,-18.0,-7.92,-4.01,2.97,22.88,201.0
2025-02-05 00:00:00,WN,20,1064,-15.0,-5.0,-0.99,10.91,37.72,260.0
2025-02-05 00:00:00,AA,13,918,-20.0,-5.0,-1.99,7.92,41.68,1101.0
2025-02-05 00:00:00,UA,15,616,-20.0,-7.03,-2.97,7.03,44.26,870.0
2025-02-05 00:00:00,AA,17,1053,-18.0,-5.99,-2.97,5.99,40.05,743.0
2025-02-05 00:00:00,WN,15,1569,-15.0,-5.0,0.0,12.06,34.13,301.0
2025-02-05 00:00:00,DL,14,863,-21.0,-7.03,-2.97,4.01,26.84,337.0
2025-02-05 00:00:00,UA,14,804,-19.0,-7.03,-2.97,7.03,45.15,483.0
2025-02-05 00:00:00,DL,5,457,-21.0,-8.94,-5.0,-0.99,10.07,568.0
2025-02-05 00:00:00,UA,9,1017,-23.0,-5.99,-2.97,2.97,22.88,418.0
2025-02-05 00:00:00,UA,11,815,-15.0,-5.99,-1.99,7.03,32.79,576.0
2025-02-05 00:00:00,AA,11,1051,-16.0,-5.99,-2.97,5.0,29.08,2088.0
2025-02-05 00:00:00,AA,7,1260,-18.0,-7.03,-5.0,-0.99,10.91,2352.0
2025-02-05 00:00:00,WN,8,1773,-15.0,-5.0,-2.97,0.0,10.07,262.0
2025-02-05 00:00:00,AA,8,1318,-17.0,-7.03,-4.01,-0.99,15.03,428.0
2025-02-12 00:00:00,UA,5,200,-14.0,-7.03,-4.01,-0.99,5.99,748.0
2025-02-12 00:00:00,AA,13,942,-13.0,-2.97,0.99,22.88,59.75,1192.0
2025-02-12 00:00:00,AA,18,1049,-18.0,-2.97,4.01,34.82,87.37,2174.0
2025-02-12 00:00:00,AA,23,185,-20.0,-4.01,0.0,17.99,34.82,786.0
2025-02-12 00:00:00,DL,1,14,-14.0,-10.91,-5.0,-2.97,24.78,288.0
2025-02-12 00:00:00,UA,1,7,-11.0,-7.03,7.03,7.92,43.38,46.0
2025-02-12 00:00:00,UA,19,855,-19.0,-1.99,10.07,41.68,96.55,858.0
2025-02-12 00:00:00,UA,22,218,-14.0,-5.0,0.0,10.91,40.86,599.0
2025-02-12 00:00:00,WN,20,1529,-14.0,-0.99,15.03,46.07,106.71,309.0
2025-02-12 00:00:00,WN,13,1556,-14.0,-1.99,5.0,26.84,63.44,547.0
2025-02-12 00:00:00,WN,15,1620,-13.0,-0.99,10.07,34.13,85.64,670.0
2025-02-12 00:00:00,AA,17,1049,-19.0,-2.97,5.0,34.82,87.37,2511.0
2025-02-12 00:00:00,UA,15,591,-20.0,-4.01,4.01,30.88,102.52,387.0
2025-02-12 00:00:00,DL,14,883,-18.0,-1.99,8.94,37.72,96.55,1196.0
2025-02-12 00:00:00,UA,14,875,-17.0,-5.0,0.99,27.94,87.37,388.0
2025-02-12 00:00:00,DL,5,464,-16.0,-7.03,-2.97,0.99,21.98,714.0
2025-02-12 00:00:00,UA,9,943,-17.0,-4.01,0.0,10.07,43.38,370.0
2025-02-12 00:00:00,UA,11,867,-15.0,-2.97,1.99,19.89,70.11,680.0
2025-02-12 00:00:00,AA,11,1099,-13.0,-4.01,0.0,17.99,56.27,620.0
2025-02-12 00:00:00,AA,7,1309,-19.0,-5.99,-2.97,0.99,23.81,1899.0
2025-02-12 00:00:00,WN,8,1828,-13.0,-4.01,-0.99,7.03,29.08,433.0
2025-02-12 00:00:00,AA,8,1331,-15.0,-5.0,-2.97,5.99,40.86,1690.0
2025-02-19 00:00:00,DL,1,14,-15.0,-10.07,-7.92,-7.03,-5.99,75.0
2025-02-19 00:00:00,UA,11,879,-13.0,-5.99,-1.99,2.97,19.89,614.0
2025-02-19 00:00:00,AA,17,1066,-16.0,-5.0,0.0,21.12,57.4,1024.0
2025-02-19 00:00:00,UA,22,219,-19.0,-7.03,-5.0,1.99,13.87,134.0
2025-02-19 00:00:00,UA,1,7,-14.0,-12.06,-8.94,-5.0,2.97,13.0
2025-02-19 00:00:00,AA,23,183,-15.0,-7.03,-4.01,1.99,19.11,707.0
2025-02-19 00:00:00,AA,18,1057,-19.0,-4.01,0.0,19.11,62.18,2331.0
2025-02-19 00:00:00,WN,20,1369,-15.0,-5.0,-0.99,8.94,26.84,249.0
2025-02-19 00:00:00,UA,19,881,-18.0,-5.0,-0.99,7.92,25.79,849.0
2025-02-19 00:00:00,WN,13,1613,-14.0,-4.01,0.0,7.92,25.79,309.0
2025-02-19 00:00:00,UA,14,878,-16.0,-5.99,-2.97,2.97,21.98,363.0
2025-02-19 00:00:00,WN,15,1616,-15.0,-4.01,0.99,13.07,34.13,259.0
2025-02-19 00:00:00,UA,15,609,-17.0,-5.99,-2.97,4.01,24.78,380.0
2025-02-19 00:00:00,AA,13,933,-15.0,-5.0,-0.99,13.07,47.0,1115.0
2025-02-19 00:00:00,DL,14,914,-25.0,-5.0,-1.99,8.94,34.82,530.0
2025-02-19 00:00:00,UA,5,207,-14.0,-7.92,-5.0,-1.99,5.0,439.0
2025-02-19 00:00:00,WN,8,1811,-14.0,-5.0,-1.99,0.99,13.07,364.0
2025-02-19 00:00:00,AA,11,1098,-15.0,-5.0,-1.99,8.94,41.68,670.0
2025-02-19 00:00:00,UA,9,942,-17.0,-5.99,-2.97,1.99,16.95,316.0
2025-02-19 00:00:00,DL,5,472,-20.0,-7.92,-5.0,-0.99,5.99,374.0
2025-02-19 00:00:00,AA,8,1350,-15.0,-5.99,-2.97,0.99,21.12,605.0
2025-02-19 00:00:00,AA,7,1321,-19.0,-7.03,-4.01,0.0,15.03,1467.0
2025-02-26 00:00:00,DL,1,14,-11.0,-7.03,-5.0,-4.01,-1.99,2.0
2025-02-26 00:00:00,UA,11,878,-18.0,-5.99,-4.01,0.0,10.91,287.0
2025-02-26 00:00:00,AA,17,1038,-18.0,-5.0,-1.99,12.06,49.9,1082.0
2025-02-26 00:00:00,UA,22,216,-16.0,-7.03,-5.0,-0.99,8.94,94.0
2025-02-26 00:00:00,UA,1,6,-12.0,-5.99,-1.99,0.99,4.01,12.0
2025-02-26 00:00:00,AA,23,184,-19.0,-7.92,-2.97,2.97,15.03,79.0
2025-02-26 00:00:00,AA,18,1041,-20.0,-5.0,-0.99,13.87,54.06,1172.0
2025-02-26 00:00:00,WN,20,1447,-17.0,-5.99,-1.99,7.92,30.88,209.0
2025-02-26 00:00:00,UA,19,881,-28.0,-5.99,-2.97,5.0,25.79,736.0
2025-02-26 00:00:00,AA,13,953,-15.0,-5.0,-2.97,4.01,34.13,1184.0
2025-02-26 00:00:00,UA,14,881,-18.0,-7.03,-4.01,0.99,21.98,329.0
2025-02-26 00:00:00,WN,15,1613,-17.0,-4.01,0.0,10.07,30.27,299.0
2025-02-26 00:00:00,UA,15,606,-17.0,-7.03,-2.97,2.97,22.88,397.0
2025-02-26 00:00:00,WN,13,1576,-14.0,-4.01,-0.99,5.99,24.78,325.0
2025-02-26 00:00:00,DL,14,912,-21.0,-7.03,-4.01,0.99,21.12,658.0
2025-02-26 00:00:00,UA,5,212,-13.0,-7.92,-5.99,-1.99,1.99,444.0
2025-02-26 00:00:00,WN,8,1807,-14.0,-5.0,-2.97,0.0,7.03,366.0
2025-02-26 00:00:00,AA,11,1113,-17.0,-5.0,-2.97,1.99,29.08,1332.0
2025-02-26 00:00:00,UA,9,941,-16.0,-7.03,-4.01,0.0,15.96,1084.0
2025-02-26 00:00:00,DL,5,473,-19.0,-8.94,-5.99,-2.97,1.99,612.0
2025-02-26 00:00:00,AA,8,1344,-14.0,-5.99,-4.01,0.0,15.03,350.0
2025-02-26 00:00:00,AA,7,1331,-23.0,-7.03,-5.0,-1.99,8.94,1820.0
2025-03-05 00:00:00,DL,5,468,-19.0,-7.92,-5.0,-1.99,5.0,740.0
2025-03-05 00:00:00,AA,13,995,-20.0,-5.0,-1.99,10.07,45.15,1110.0
2025-03-05 00:00:00,AA,18,1159,-19.0,-5.0,0.0,19.89,63.44,660.0
2025-03-05 00:00:00,AA,23,201,-22.0,-7.92,-4.01,2.97,26.84,143.0
2025-03-05 00:00:00,DL,1,12,-12.0,-10.07,-5.99,0.0,0.0,58.0
2025-03-05 00:00:00,UA,1,10,-21.0,-7.92,-7.03,0.99,34.13,105.0
2025-03-05 00:00:00,UA,19,887,-21.0,-7.03,-2.97,7.03,27.94,240.0
2025-03-05 00:00:00,UA,22,242,-17.0,-7.03,-4.01,0.99,15.96,136.0
2025-03-05 00:00:00,WN,20,1662,-20.0,-5.0,0.0,16.95,46.07,238.0
2025-03-05 00:00:00,WN,13,1653,-14.0,-2.97,0.0,13.07,36.24,567.0
2025-03-05 00:00:00,WN,15,1525,-14.0,-4.01,0.99,15.96,40.05,312.0
2025-03-05 00:00:00,AA,17,1059,-20.0,-5.0,-0.99,15.96,63.44,1715.0
2025-03-05 00:00:00,UA,15,632,-18.0,-5.99,-2.97,5.99,26.84,305.0
2025-03-05 00:00:00,DL,14,968,-18.0,-5.99,-1.99,7.92,36.97,538.0
2025-03-05 00:00:00,UA,14,882,-17.0,-5.99,-4.01,2.97,22.88,1160.0
2025-03-05 00:00:00,UA,5,269,-14.0,-7.92,-5.99,-2.97,5.99,455.0
2025-03-05 00:00:00,UA,9,897,-18.0,-7.03,-4.01,-0.99,10.07,162.0
2025-03-05 00:00:00,UA,11,850,-17.0,-5.99,-2.97,0.99,19.11,236.0
2025-03-05 00:00:00,AA,11,1137,-17.0,-5.0,-1.99,7.03,26.84,1749.0
2025-03-05 00:00:00,AA,7,1439,-20.0,-7.03,-4.01,-0.99,15.03,1596.0
2025-03-05 00:00:00,WN,8,1729,-12.0,-5.0,-1.99,0.99,12.06,293.0
2025-03-05 00:00:00,AA,8,1350,-15.0,-5.99,-2.97,0.99,26.84,1650.0
2025-03-12 00:00:00,UA,5,287,-15.0,-7.92,-5.0,-0.99,7.92,195.0
2025-03-12 00:00:00,WN,13,1661,-13.0,-2.97,1.99,17.99,52.99,637.0
2025-03-12 00:00:00,AA,18,1128,-19.0,-4.01,1.99,29.08,72.97,2206.0
2025-03-12 00:00:00,AA,23,200,-18.0,-5.0,-0.99,13.87,41.68,548.0
2025-03-12 00:00:00,UA,1,8,-10.0,-5.99,5.0,22.88,40.05,56.0
2025-03-12 00:00:00,DL,1,13,-14.0,-10.07,-5.99,-1.99,0.0,27.0
2025-03-12 00:00:00,UA,19,896,-21.0,-5.0,1.99,26.84,64.72,950.0
2025-03-12 00:00:00,UA,22,236,-18.0,-5.99,-1.99,15.96,66.03,214.0
2025-03-12 00:00:00,WN,20,1637,-14.0,-1.99,7.92,36.97,85.64,434.0
2025-03-12 00:00:00,AA,13,991,-18.0,-5.0,-0.99,15.96,68.72,1214.0
2025-03-12 00:00:00,WN,15,1500,-14.0,-1.99,7.03,26.84,62.18,534.0
2025-03-12 00:00:00,AA,17,1044,-16.0,-5.0,0.0,27.94,82.28,1504.0
2025-03-12 00:00:00,UA,15,622,-24.0,-5.0,-0.99,19.89,64.72,378.0
2025-03-12 00:00:00,DL,14,1018,-19.0,-5.0,-0.99,16.95,56.27,447.0
2025-03-12 00:00:00,UA,14,864,-14.0,-5.0,-0.99,22.88,85.64,524.0
2025-03-12 00:00:00,DL,5,459,-17.0,-7.92,-5.0,-0.99,7.92,531.0
2025-03-12 00:00:00,UA,9,902,-19.0,-5.99,-2.97,1.99,29.08,571.0
2025-03-12 00:00:00,UA,11,847,-20.0,-5.0,-1.99,10.07,47.0,473.0
2025-03-12 00:00:00,AA,11,1116,-15.0,-5.0,-0.99,12.06,52.99,1305.0
2025-03-12 00:00:00,AA,7,1502,-18.0,-7.03,-4.01,0.0,15.03,1417.0
2025-03-12 00:00:00,WN,8,1782,-14.0,-4.01,-1.99,2.97,16.95,434.0
2025-03-12 00:00:00,AA,8,1339,-17.0,-5.0,-2.97,1.99,27.94,1478.0
2025-03-19 00:00:00,UA,5,289,-15.0,-7.92,-5.99,-1.99,0.99,279.0
2025-03-19 00:00:00,WN,13,1675,-15.0,-4.01,0.0,7.03,21.98,192.0
2025-03-19 00:00:00,AA,18,1152,-18.0,-4.01,0.0,21.98,70.11,1264.0
2025-03-19 00:00:00,AA,23,195,-18.0,-5.0,-0.99,10.07,40.05,769.0
2025-03-19 00:00:00,DL,1,14,-15.0,-13.07,-7.92,-5.0,-1.99,0.0
2025-03-19 00:00:00,UA,1,8,-7.0,-5.99,-5.0,-5.0,-4.01,39.0
2025-03-19 00:00:00,UA,19,902,-23.0,-5.99,-1.99,8.94,36.24,319.0
2025-03-19 00:00:00,UA,22,239,-28.0,-5.99,-1.99,2.97,15.03,250.0
2025-03-19 00:00:00,WN,20,1661,-16.0,-5.0,0.0,13.87,40.05,271.0
2025-03-19 00:00:00,AA,13,1021,-22.0,-5.0,-1.99,8.94,47.0,1081.0
2025-03-19 00:00:00,WN,15,1509,-16.0,-2.97,0.0,10.07,27.94,213.0
2025-03-19 00:00:00,AA,17,1072,-18.0,-5.0,0.0,21.98,63.44,1192.0
2025-03-19 00:00:00,UA,15,622,-18.0,-7.03,-2.97,5.0,40.05,416.0
2025-03-19 00:00:00,DL,14,1024,-22.0,-5.99,-1.99,8.94,34.82,1054.0
2025-03-19 00:00:00,UA,14,865,-14.0,-5.99,-2.97,5.0,39.25,1002.0
2025-03-19 00:00:00,DL,5,480,-20.0,-8.94,-5.0,-1.99,5.99,857.0
2025-03-19 00:00:00,UA,9,905,-21.0,-7.03,-4.01,0.0,12.06,780.0
2025-03-19 00:00:00,UA,11,851,-16.0,-5.99,-4.01,0.99,21.12,284.0
2025-03-19 00:00:00,AA,11,1150,-17.0,-5.0,-1.99,5.99,36.24,829.0
2025-03-19 00:00:00,AA,7,1525,-17.0,-7.03,-4.01,-0.99,12.06,1518.0
2025-03-19 00:00:00,WN,8,1800,-12.0,-5.0,-1.99,0.0,7.92,304.0
2025-03-19 00:00:00,AA,8,1368,-15.0,-5.99,-4.01,0.0,19.11,3288.0
2025-03-26 00:00:00,WN,13,1665,-14.0,-2.97,0.99,13.07,45.15,336.0
2025-03-26 00:00:00,DL,14,1005,-21.0,-5.99,-0.99,12.06,66.03,1115.0
2025-03-26 00:00:00,UA,14,871,-17.0,-5.99,-2.97,7.03,50.91,541.0
2025-03-26 00:00:00,UA,15,636,-16.0,-5.99,-0.99,13.87,71.53,503.0
2025-03-26 00:00:00,WN,15,1504,-15.0,-2.97,2.97,19.11,56.27,490.0
2025-03-26 00:00:00,AA,17,1025,-23.0,-5.0,0.99,25.79,89.13,1051.0
2025-03-26 00:00:00,AA,18,1086,-15.0,-4.01,1.99,25.79,82.28,2186.0
2025-03-26 00:00:00,WN,20,1631,-19.0,-4.01,2.97,25.79,79.05,385.0
2025-03-26 00:00:00,UA,22,236,-13.0,-5.99,-2.97,7.92,34.13,282.0
2025-03-26 00:00:00,AA,23,189,-15.0,-4.01,0.0,16.95,57.4,686.0
2025-03-26 00:00:00,DL,1,14,-16.0,-10.07,-7.92,-7.03,-5.0,7.0
2025-03-26 00:00:00,UA,5,291,-14.0,-7.92,-5.99,-2.97,4.01,373.0
2025-03-26 00:00:00,UA,19,928,-23.0,-5.0,0.0,23.81,96.55,929.0
2025-03-26 00:00:00,UA,1,8,-10.0,-7.03,-4.01,13.07,29.08,58.0
2025-03-26 00:00:00,DL,5,474,-23.0,-8.94,-5.99,-1.99,4.01,700.0
2025-03-26 00:00:00,AA,7,1514,-18.0,-7.03,-4.01,-0.99,10.91,1713.0
2025-03-26 00:00:00,AA,8,1345,-17.0,-5.99,-2.97,1.99,32.14,1863.0
2025-03-26 00:00:00,WN,8,1793,-13.0,-5.0,-1.99,1.99,13.87,294.0
2025-03-26 00:00:00,UA,9,939,-17.0,-7.03,-4.01,1.99,23.81,480.0
2025-03-26 00:00:00,AA,11,1133,-16.0,-5.0,-1.99,7.92,40.86,1374.0
2025-03-26 00:00:00,UA,11,850,-19.0,-5.99,-2.97,2.97,21.98,578.0
2025-03-26 00:00:00,AA,13,989,-20.0,-5.0,-0.99,13.87,59.75,581.0
2025-04-02 00:00:00,DL,1,14,-17.0,-8.94,-5.0,-1.99,22.88,135.0
2025-04-02 00:00:00,AA,13,988,-23.0,-4.01,0.99,26.84,82.28,2112.0
2025-04-02 00:00:00,AA,17,1046,-25.0,-2.97,7.03,43.38,106.71,1167.0
2025-04-02 00:00:00,WN,15,1524,-13.0,-1.99,7.03,25.79,66.03,350.0
2025-04-02 00:00:00,DL,14,961,-19.0,-5.0,0.99,24.78,75.95,1135.0
2025-04-02 00:00:00,UA,15,683,-15.0,-5.0,0.0,15.96,74.45,1191.0
2025-04-02 00:00:00,DL,5,469,-19.0,-8.94,-5.0,-0.99,10.07,1080.0
2025-04-02 00:00:00,UA,14,910,-18.0,-5.0,-1.99,13.87,71.53,703.0
2025-04-02 00:00:00,WN,13,1666,-15.0,-1.99,2.97,19.89,48.91,364.0
2025-04-02 00:00:00,AA,18,1133,-18.0,-2.97,10.07,41.68,98.5,1003.0
2025-04-02 00:00:00,UA,19,937,-21.0,-5.0,0.0,21.12,67.36,897.0
2025-04-02 00:00:00,AA,7,1513,-25.0,-5.99,-2.97,4.01,36.97,1686.0
2025-04-02 00:00:00,WN,20,1672,-15.0,-2.97,8.94,36.24,77.49,311.0
2025-04-02 00:00:00,UA,22,235,-15.0,-5.99,-1.99,5.99,22.88,641.0
2025-04-02 00:00:00,AA,23,204,-16.0,-5.99,0.0,16.95,47.0,480.0
2025-04-02 00:00:00,AA,8,1333,-15.0,-5.0,-1.99,7.03,46.07,735.0
2025-04-02 00:00:00,UA,1,10,-10.0,-7.92,-7.03,-7.03,-1.99,6.0
2025-04-02 00:00:00,UA,5,293,-18.0,-7.92,-5.99,-4.01,0.0,188.0
2025-04-02 00:00:00,WN,8,1792,-14.0,-4.01,-1.99,4.01,19.89,284.0
2025-04-02 00:00:00,AA,11,1112,-16.0,-5.0,0.0,19.89,67.36,586.0
2025-04-02 00:00:00,UA,11,867,-18.0,-5.99,-1.99,7.92,43.38,783.0
2025-04-02 00:00:00,UA,9,978,-16.0,-5.99,-2.97,4.01,32.14,482.0
2025-04-09 00:00:00,WN,13,1712,-14.0,-4.01,0.0,7.92,23.81,362.0
2025-04-09 00:00:00,AA,23,223,-17.0,-7.92,-4.01,4.01,21.98,561.0
2025-04-09 00:00:00,AA,18,1165,-15.0,-4.01,0.0,19.89,59.75,2180.0
2025-04-09 00:00:00,UA,22,236,-13.0,-7.03,-4.01,1.99,15.03,193.0
2025-04-09 00:00:00,UA,19,947,-25.0,-7.03,-2.97,4.01,21.98,279.0
2025-04-09 00:00:00,WN,20,1381,-24.0,-5.0,-0.99,10.91,37.72,215.0
2025-04-09 00:00:00,WN,15,1592,-15.0,-4.01,0.0,10.91,30.27,324.0
2025-04-09 00:00:00,DL,14,982,-21.0,-5.99,-1.99,7.03,36.24,294.0
2025-04-09 00:00:00,AA,17,1110,-16.0,-5.0,-0.99,13.87,51.94,423.0
2025-04-09 00:00:00,DL,1,14,-18.0,-15.96,-13.87,-13.07,-5.99,87.0
2025-04-09 00:00:00,UA,1,10,-10.0,-7.92,-2.97,2.97,21.98,77.0
2025-04-09 00:00:00,UA,15,691,-18.0,-5.99,-2.97,0.99,15.03,940.0
2025-04-09 00:00:00,WN,8,1790,-14.0,-5.0,-2.97,0.0,10.07,249.0
2025-04-09 00:00:00,UA,11,872,-21.0,-7.03,-4.01,0.0,13.87,808.0
2025-04-09 00:00:00,AA,13,1005,-15.0,-5.0,-1.99,8.94,41.68,580.0
2025-04-09 00:00:00,UA,14,910,-19.0,-7.03,-2.97,0.99,21.12,341.0
2025-04-09 00:00:00,UA,9,978,-17.0,-7.03,-5.0,-0.99,7.03,356.0
2025-04-09 00:00:00,AA,11,1145,-17.0,-5.0,-2.97,2.97,26.84,1335.0
2025-04-09 00:00:00,AA,8,1414,-14.0,-5.99,-2.97,0.0,16.95,864.0
2025-04-09 00:00:00,UA,5,293,-15.0,-7.92,-5.99,-2.97,0.99,130.0
2025-04-09 00:00:00,DL,5,480,-20.0,-8.94,-5.99,-1.99,5.99,403.0
2025-04-09 00:00:00,AA,7,1568,-19.0,-7.03,-5.0,-0.99,8.94,1729.0
2025-04-16 00:00:00,UA,11,862,-22.0,-5.99,-2.97,5.0,40.86,429.0
2025-04-16 00:00:00,WN,8,1793,-14.0,-5.0,-2.97,0.0,10.07,533.0
2025-04-16 00:00:00,UA,19,948,-24.0,-5.0,-0.99,19.89,82.28,609.0
2025-04-16 00:00:00,UA,14,878,-16.0,-7.03,-1.99,8.94,60.95,452.0
2025-04-16 00:00:00,WN,20,1381,-16.0,-5.0,0.0,15.96,50.91,304.0
2025-04-16 00:00:00,AA,23,216,-19.0,-5.99,-1.99,10.07,41.68,589.0
2025-04-16 00:00:00,UA,22,242,-15.0,-7.03,-2.97,1.99,16.95,639.0
2025-04-16 00:00:00,AA,18,1167,-19.0,-4.01,0.0,15.96,48.91,1368.0
2025-04-16 00:00:00,UA,15,685,-19.0,-5.99,-1.99,10.91,89.13,390.0
2025-04-16 00:00:00,WN,15,1584,-15.0,-4.01,0.99,15.96,50.91,342.0
2025-04-16 00:00:00,AA,17,1108,-15.0,-5.0,-1.99,13.07,58.56,1496.0
2025-04-16 00:00:00,UA,9,977,-21.0,-7.03,-4.01,1.99,30.88,433.0
2025-04-16 00:00:00,DL,14,1025,-19.0,-5.99,-2.97,4.01,32.14,493.0
2025-04-16 00:00:00,AA,13,1013,-17.0,-5.0,-1.99,10.91,46.07,1936.0
2025-04-16 00:00:00,WN,13,1715,-13.0,-4.01,0.0,10.07,34.82,297.0
2025-04-16 00:00:00,AA,11,1137,-15.0,-5.99,-2.97,5.99,32.79,548.0
2025-04-16 00:00:00,UA,1,10,-7.0,-5.99,-0.99,10.07,47.95,69.0
2025-04-16 00:00:00,AA,8,1408,-15.0,-5.99,-4.01,0.99,34.82,2358.0
2025-04-16 00:00:00,DL,1,14,-26.0,-13.07,-10.07,-7.92,5.99,33.0
2025-04-16 00:00:00,AA,7,1551,-15.0,-7.03,-4.01,-0.99,19.11,1554.0
2025-04-16 00:00:00,UA,5,294,-17.0,-8.94,-5.99,-2.97,5.0,251.0
2025-04-16 00:00:00,DL,5,526,-18.0,-8.94,-5.99,-1.99,2.97,554.0
2025-04-23 00:00:00,UA,14,876,-17.0,-5.99,-2.97,8.94,54.06,421.0
2025-04-23 00:00:00,UA,19,938,-20.0,-4.01,2.97,27.94,85.64,809.0
2025-04-23 00:00:00,AA,18,1163,-16.0,-4.01,0.0,19.89,67.36,379.0
2025-04-23 00:00:00,WN,13,1706,-13.0,-1.99,1.99,15.03,37.72,268.0
2025-04-23 00:00:00,AA,23,222,-17.0,-7.03,-1.99,2.97,21.12,529.0
2025-04-23 00:00:00,WN,20,1375,-15.0,-4.01,4.01,21.12,49.9,263.0
2025-04-23 00:00:00,UA,22,244,-35.0,-7.03,-1.99,10.07,50.91,500.0
2025-04-23 00:00:00,UA,15,678,-15.0,-5.0,-1.99,16.95,75.95,504.0
2025-04-23 00:00:00,DL,14,1045,-18.0,-5.99,-2.97,4.01,19.89,1145.0
2025-04-23 00:00:00,AA,17,1104,-14.0,-5.0,-0.99,17.99,62.18,859.0
2025-04-23 00:00:00,DL,1,14,-16.0,-12.06,-10.91,-5.99,-1.99,2.0
2025-04-23 00:00:00,WN,15,1582,-12.0,-2.97,4.01,21.12,54.06,338.0
2025-04-23 00:00:00,UA,1,10,-7.0,-4.01,-0.99,80.65,645.59,694.0
2025-04-23 00:00:00,AA,13,1013,-14.0,-5.0,-1.99,10.91,47.95,276.0
2025-04-23 00:00:00,AA,7,1560,-17.0,-7.03,-4.01,0.0,21.12,2466.0
2025-04-23 00:00:00,WN,8,1786,-14.0,-5.0,-1.99,1.99,13.07,276.0
2025-04-23 00:00:00,UA,9,963,-17.0,-5.99,-2.97,0.99,21.12,609.0
2025-04-23 00:00:00,UA,11,848,-16.0,-5.99,-2.97,5.0,29.08,298.0
2025-04-23 00:00:00,AA,11,1131,-16.0,-5.0,-1.99,7.92,49.9,1622.0
2025-04-23 00:00:00,AA,8,1393,-15.0,-5.99,-2.97,0.99,34.13,2117.0
2025-04-23 00:00:00,DL,5,523,-17.0,-8.94,-5.99,-1.99,4.01,538.0
2025-04-23 00:00:00,UA,5,293,-17.0,-7.92,-5.99,-2.97,2.97,384.0
2025-04-30 00:00:00,UA,15,97,-14.0,-7.03,-1.99,15.96,47.95,383.0
2025-04-30 00:00:00,AA,11,134,-10.0,-5.0,-1.99,10.07,115.6,430.0
2025-04-30 00:00:00,AA,17,129,-13.0,-4.01,0.0,32.79,130.34,401.0
2025-04-30 00:00:00,UA,9,140,-22.0,-7.92,-4.01,-0.99,17.99,476.0
2025-04-30 00:00:00,WN,13,229,-10.0,-1.99,1.99,15.96,67.36,623.0
2025-04-30 00:00:00,UA,11,122,-14.0,-7.03,-5.0,-1.99,4.01,417.0
2025-04-30 00:00:00,WN,20,184,-15.0,-2.97,10.07,37.72,106.71,192.0
2025-04-30 00:00:00,AA,8,183,-14.0,-7.03,-4.01,-1.99,10.91,292.0
2025-04-30 00:00:00,UA,19,134,-17.0,-4.01,4.01,44.26,90.93,332.0
2025-04-30 00:00:00,DL,5,76,-17.0,-10.07,-7.03,-4.01,-1.99,1142.0
2025-04-30 00:00:00,UA,5,38,-13.0,-8.94,-5.99,-4.01,-0.99,124.0
2025-04-30 00:00:00,UA,14,125,-15.0,-4.01,-1.99,5.99,80.65,351.0
2025-04-30 00:00:00,AA,18,139,-18.0,-1.99,7.92,30.27,111.06,657.0
2025-04-30 00:00:00,WN,15,217,-12.0,0.0,5.99,25.79,70.11,480.0
2025-04-30 00:00:00,AA,13,122,-13.0,-4.01,0.0,12.06,62.18,1468.0
2025-04-30 00:00:00,UA,1,1,0.0,0.0,0.0,0.0,0.0,0.0
2025-04-30 00:00:00,DL,1,2,18.0,18.0,18.0,18.0,18.0,31.0
2025-04-30 00:00:00,AA,7,203,-13.0,-7.03,-5.0,-1.99,5.0,175.0
2025-04-30 00:00:00,UA,22,36,-10.0,-4.01,-1.99,7.03,24.78,86.0
2025-04-30 00:00:00,DL,14,151,-15.0,-5.99,-2.97,0.99,22.88,513.0
2025-04-30 00:00:00,WN,8,289,-11.0,-5.0,-1.99,0.0,7.92,171.0
2025-04-30 00:00:00,AA,23,29,-10.0,-1.99,0.0,10.07,34.13,475.0
