2025-01-01 00:00:00,WN,5,917,-13.0,-5.0,-2.97,0.0,5.99,426.0
2025-01-01 00:00:00,UA,6,866,-17.0,-5.99,-2.97,2.97,21.12,559.0
2025-01-01 00:00:00,UA,7,1185,-13.0,-5.99,-2.97,2.97,30.27,743.0
2025-01-01 00:00:00,WN,10,1436,-13.0,-2.97,0.0,12.06,34.82,562.0
2025-01-01 00:00:00,DL,20,500,-15.0,-4.01,1.99,21.12,48.91,762.0
2025-01-01 00:00:00,UA,20,752,-16.0,-1.99,7.03,30.88,72.97,740.0
2025-01-01 00:00:00,WN,12,1525,-11.0,-1.99,4.01,19.89,50.91,625.0
2025-01-01 00:00:00,DL,22,648,-17.0,-5.0,0.0,13.87,36.24,903.0
2025-01-01 00:00:00,WN,22,490,-15.0,0.0,15.96,37.72,67.36,187.0
2025-01-01 00:00:00,WN,7,1432,-12.0,-5.0,-1.99,1.99,16.95,380.0
2025-01-01 00:00:00,WN,14,1547,-15.0,-0.99,7.92,25.79,57.4,421.0
2025-01-01 00:00:00,AA,14,905,-23.0,-4.01,0.99,26.84,80.65,1168.0
2025-01-01 00:00:00,WN,6,1726,-14.0,-5.0,-2.97,0.0,8.94,686.0
2025-01-01 00:00:00,DL,3,6,-7.0,-4.01,-2.97,-2.97,-1.99,-1.0
2025-01-01 00:00:00,AA,15,835,-16.0,-4.01,0.0,26.84,83.94,1485.0
2025-01-01 00:00:00,AA,16,979,-20.0,-4.01,0.0,21.98,71.53,1051.0
2025-01-01 00:00:00,DL,0,12,-14.0,-8.94,-5.0,1.99,1.99,23.0
2025-01-01 00:00:00,DL,17,1034,-20.0,-5.99,-0.99,15.03,49.9,362.0
2025-01-01 00:00:00,UA,17,903,-23.0,-2.97,4.01,30.88,74.45,945.0
2025-01-08 00:00:00,UA,17,982,-16.0,-5.99,-1.99,7.92,34.82,296.0
2025-01-08 00:00:00,WN,12,1295,-16.0,-5.0,-0.99,5.99,21.12,232.0
2025-01-08 00:00:00,AA,15,709,-17.0,-5.99,-0.99,13.07,55.15,1061.0
2025-01-08 00:00:00,DL,20,438,-17.0,-5.0,0.0,22.88,79.05,856.0
2025-01-08 00:00:00,DL,22,513,-21.0,-5.99,-1.99,7.92,47.95,682.0
2025-01-08 00:00:00,UA,20,554,-23.0,-5.0,-0.99,13.87,46.07,853.0
2025-01-08 00:00:00,AA,16,867,-19.0,-5.0,-1.99,13.07,52.99,1424.0
2025-01-08 00:00:00,WN,22,3,-6.0,-5.99,8.94,8.94,8.94,13.0
2025-01-08 00:00:00,DL,0,7,-19.0,-13.07,-8.94,-8.94,-7.92,-6.0
2025-01-08 00:00:00,AA,14,914,-20.0,-5.0,-0.99,15.96,55.15,1311.0
2025-01-08 00:00:00,WN,14,1518,-14.0,-5.0,-1.99,7.03,24.78,435.0
2025-01-08 00:00:00,DL,17,1064,-24.0,-7.03,-1.99,15.96,66.03,1209.0
2025-01-08 00:00:00,UA,7,1133,-19.0,-7.03,-4.01,-0.99,10.07,648.0
2025-01-08 00:00:00,WN,10,1394,-14.0,-5.0,-1.99,2.97,16.95,258.0
2025-01-08 00:00:00,WN,7,1297,-14.0,-5.99,-4.01,-0.99,2.97,124.0
2025-01-08 00:00:00,WN,5,299,-12.0,-5.0,-4.01,-0.99,2.97,178.0
2025-01-08 00:00:00,WN,6,1533,-14.0,-5.99,-4.01,-0.99,4.01,175.0
2025-01-08 00:00:00,UA,6,767,-20.0,-7.92,-5.0,-0.99,7.92,539.0
2025-01-15 00:00:00,WN,5,434,-11.0,-5.0,-2.97,0.0,5.99,274.0
2025-01-15 00:00:00,WN,14,1531,-15.0,-4.01,0.0,8.94,27.94,317.0
2025-01-15 00:00:00,UA,17,960,-22.0,-5.99,-1.99,5.99,29.08,368.0
2025-01-15 00:00:00,DL,22,538,-19.0,-5.99,-1.99,5.0,47.0,1061.0
2025-01-15 00:00:00,DL,0,13,-28.0,-10.07,-7.92,-0.99,0.0,30.0
2025-01-15 00:00:00,WN,22,9,-8.0,-7.03,-4.01,-1.99,0.99,57.0
2025-01-15 00:00:00,DL,20,488,-17.0,-5.0,0.0,21.12,64.72,677.0
2025-01-15 00:00:00,UA,20,512,-20.0,-5.0,-0.99,13.07,32.14,703.0
2025-01-15 00:00:00,AA,15,791,-15.0,-5.0,-1.99,7.92,34.82,555.0
2025-01-15 00:00:00,DL,17,1092,-30.0,-7.03,-2.97,8.94,40.05,1036.0
2025-01-15 00:00:00,AA,16,950,-19.0,-5.0,-1.99,5.0,29.08,799.0
2025-01-15 00:00:00,UA,6,738,-18.0,-7.92,-5.0,-0.99,7.03,602.0
2025-01-15 00:00:00,WN,10,1492,-18.0,-4.01,-0.99,4.01,16.95,255.0
2025-01-15 00:00:00,AA,14,992,-17.0,-5.0,-1.99,5.99,34.82,496.0
2025-01-15 00:00:00,WN,12,1400,-13.0,-4.01,-0.99,7.03,24.78,267.0
2025-01-15 00:00:00,WN,6,1695,-15.0,-5.0,-2.97,-0.99,4.01,291.0
2025-01-15 00:00:00,WN,7,1344,-14.0,-5.0,-2.97,0.0,5.99,481.0
2025-01-15 00:00:00,UA,7,1089,-17.0,-7.03,-4.01,-0.99,7.03,754.0
2025-01-22 00:00:00,DL,20,590,-19.0,-5.99,-1.99,10.07,40.05,299.0
2025-01-22 00:00:00,WN,22,3,-13.0,-13.0,-7.92,-7.92,-7.92,7.0
2025-01-22 00:00:00,AA,14,1005,-21.0,-5.99,-2.97,7.03,32.79,422.0
2025-01-22 00:00:00,DL,17,1144,-24.0,-7.92,-4.01,5.0,41.68,925.0
2025-01-22 00:00:00,UA,20,557,-20.0,-7.03,-1.99,7.92,30.88,220.0
2025-01-22 00:00:00,DL,0,18,-20.0,-15.03,-10.91,-10.07,-2.97,8.0
2025-01-22 00:00:00,DL,22,593,-22.0,-7.03,-2.97,4.01,29.08,649.0
2025-01-22 00:00:00,UA,17,988,-21.0,-7.03,-2.97,2.97,22.88,740.0
2025-01-22 00:00:00,WN,14,1536,-14.0,-5.0,-1.99,5.0,23.81,414.0
2025-01-22 00:00:00,AA,16,966,-26.0,-5.99,-2.97,5.0,34.82,462.0
2025-01-22 00:00:00,AA,15,804,-20.0,-7.03,-4.01,2.97,27.94,381.0
2025-01-22 00:00:00,WN,5,297,-12.0,-5.99,-4.01,-0.99,1.99,99.0
2025-01-22 00:00:00,WN,7,1332,-13.0,-5.99,-4.01,-1.99,2.97,211.0
2025-01-22 00:00:00,WN,12,1307,-15.0,-5.0,-1.99,2.97,17.99,344.0
2025-01-22 00:00:00,WN,10,1421,-14.0,-5.0,-1.99,1.99,12.06,176.0
2025-01-22 00:00:00,UA,6,749,-17.0,-7.92,-5.99,-1.99,5.0,565.0
2025-01-22 00:00:00,UA,7,1107,-18.0,-7.92,-5.99,-1.99,5.99,704.0
2025-01-22 00:00:00,WN,6,1568,-14.0,-5.99,-4.01,-1.99,2.97,564.0
2025-01-29 00:00:00,DL,0,7,-15.0,-10.91,-10.07,-8.94,-8.94,-7.0
2025-01-29 00:00:00,AA,14,1011,-26.0,-5.99,-2.97,0.99,23.81,1165.0
2025-01-29 00:00:00,DL,17,1158,-22.0,-8.94,-5.0,0.99,23.81,1047.0
2025-01-29 00:00:00,UA,20,559,-17.0,-5.99,-1.99,7.03,30.27,545.0
2025-01-29 00:00:00,DL,22,599,-22.0,-7.03,-4.01,0.0,15.03,471.0
2025-01-29 00:00:00,DL,20,558,-21.0,-7.03,-4.01,1.99,23.81,722.0
2025-01-29 00:00:00,UA,17,991,-20.0,-7.03,-2.97,0.99,23.81,949.0
2025-01-29 00:00:00,WN,22,3,-9.0,-8.94,-5.99,-5.99,-5.99,-5.0
2025-01-29 00:00:00,WN,14,1553,-15.0,-5.0,-1.99,2.97,17.99,327.0
2025-01-29 00:00:00,AA,16,967,-20.0,-5.99,-2.97,2.97,21.12,1468.0
2025-01-29 00:00:00,AA,15,805,-16.0,-5.99,-2.97,4.01,34.13,397.0
2025-01-29 00:00:00,WN,5,296,-12.0,-5.0,-4.01,-0.99,2.97,111.0
2025-01-29 00:00:00,WN,7,1350,-15.0,-5.99,-4.01,-1.99,2.97,210.0
2025-01-29 00:00:00,WN,12,1319,-15.0,-5.0,-1.99,1.99,15.96,184.0
2025-01-29 00:00:00,WN,10,1440,-14.0,-5.0,-2.97,0.99,13.07,196.0
2025-01-29 00:00:00,UA,6,772,-17.0,-8.94,-5.99,-2.97,4.01,714.0
2025-01-29 00:00:00,UA,7,1145,-18.0,-7.92,-5.99,-2.97,5.99,434.0
2025-01-29 00:00:00,WN,6,1596,-14.0,-5.99,-4.01,-1.99,0.99,293.0
2025-02-05 00:00:00,WN,5,440,-11.0,-5.0,-2.97,0.0,5.0,321.0
2025-02-05 00:00:00,AA,14,1015,-21.0,-5.99,-2.97,5.0,27.94,1143.0
2025-02-05 00:00:00,UA,17,993,-18.0,-7.03,-2.97,5.99,40.05,789.0
2025-02-05 00:00:00,DL,22,575,-17.0,-7.03,-2.97,0.99,13.87,790.0
2025-02-05 00:00:00,WN,22,8,-9.0,-7.92,-5.0,-5.0,-4.01,21.0
2025-02-05 00:00:00,DL,0,7,-20.0,-13.07,-8.94,-5.99,-5.99,-4.0
2025-02-05 00:00:00,DL,20,534,-23.0,-7.03,-2.97,5.99,40.05,954.0
2025-02-05 00:00:00,UA,20,562,-41.0,-5.99,-1.99,10.91,40.05,1144.0
2025-02-05 00:00:00,AA,15,806,-16.0,-5.99,-2.97,4.01,30.27,469.0
2025-02-05 00:00:00,DL,17,1143,-20.0,-7.92,-4.01,4.01,30.88,1092.0
2025-02-05 00:00:00,AA,16,970,-25.0,-5.99,-2.97,4.01,30.88,489.0
2025-02-05 00:00:00,UA,6,777,-18.0,-7.92,-5.99,-1.99,7.03,462.0
2025-02-05 00:00:00,WN,10,1518,-14.0,-5.0,-1.99,2.97,15.96,181.0
2025-02-05 00:00:00,WN,14,1565,-15.0,-5.0,-0.99,7.92,25.79,268.0
2025-02-05 00:00:00,WN,12,1412,-15.0,-5.0,-1.99,5.0,19.11,234.0
2025-02-05 00:00:00,WN,6,1753,-14.0,-5.99,-4.01,-1.99,2.97,364.0
2025-02-05 00:00:00,WN,7,1406,-14.0,-5.99,-4.01,-0.99,4.01,359.0
2025-02-05 00:00:00,UA,7,1133,-19.0,-7.92,-5.0,-1.99,5.99,484.0
2025-02-12 00:00:00,UA,6,861,-19.0,-7.03,-4.01,0.0,13.87,557.0
2025-02-12 00:00:00,AA,15,847,-16.0,-2.97,2.97,29.08,71.53,1023.0
2025-02-12 00:00:00,DL,20,571,-19.0,-0.99,15.03,58.56,104.6,823.0
2025-02-12 00:00:00,DL,0,18,-11.0,-4.01,5.99,25.79,55.15,108.0
2025-02-12 00:00:00,WN,23,16,-12.0,-5.99,-2.97,13.07,21.98,103.0
2025-02-12 00:00:00,WN,22,565,-14.0,1.99,21.12,54.06,104.6,242.0
2025-02-12 00:00:00,UA,20,524,-15.0,-0.99,12.06,49.9,100.49,360.0
2025-02-12 00:00:00,DL,22,583,-17.0,-1.99,5.99,34.82,85.64,780.0
2025-02-12 00:00:00,WN,5,989,-14.0,-5.0,-1.99,0.0,10.91,384.0
2025-02-12 00:00:00,AA,16,1001,-15.0,-2.97,4.01,27.94,74.45,1148.0
2025-02-12 00:00:00,UA,17,980,-20.0,-2.97,5.0,30.27,104.6,796.0
2025-02-12 00:00:00,DL,17,1140,-18.0,-4.01,5.0,45.15,106.71,1222.0
2025-02-12 00:00:00,WN,6,1997,-15.0,-5.0,-1.99,0.99,10.91,597.0
2025-02-12 00:00:00,WN,12,1526,-15.0,-1.99,4.01,21.12,54.06,463.0
2025-02-12 00:00:00,WN,14,1564,-14.0,-0.99,7.92,26.84,72.97,475.0
2025-02-12 00:00:00,AA,14,1034,-13.0,-2.97,0.99,24.78,75.95,990.0
2025-02-12 00:00:00,UA,7,1293,-16.0,-5.99,-4.01,0.0,15.96,992.0
2025-02-12 00:00:00,WN,10,1578,-13.0,-4.01,0.0,13.87,34.13,313.0
2025-02-12 00:00:00,WN,7,1387,-13.0,-5.0,-1.99,0.99,15.03,255.0
2025-02-19 00:00:00,DL,0,22,-17.0,-12.06,-8.94,-7.03,0.0,33.0
2025-02-19 00:00:00,WN,14,1567,-13.0,-4.01,0.0,10.07,30.27,340.0
2025-02-19 00:00:00,DL,17,1181,-24.0,-7.03,-2.97,10.07,43.38,357.0
2025-02-19 00:00:00,DL,22,614,-20.0,-5.99,-1.99,7.03,24.78,623.0
2025-02-19 00:00:00,WN,22,301,-15.0,-5.99,-2.97,4.01,19.89,171.0
2025-02-19 00:00:00,WN,23,15,-13.0,-7.03,-2.97,-1.99,10.07,34.0
2025-02-19 00:00:00,UA,17,982,-17.0,-5.99,-1.99,5.99,26.84,792.0
2025-02-19 00:00:00,UA,20,529,-21.0,-5.99,-1.99,7.03,25.79,597.0
2025-02-19 00:00:00,DL,20,625,-23.0,-5.0,-0.99,13.87,46.07,634.0
2025-02-19 00:00:00,AA,14,1032,-19.0,-5.0,-0.99,13.87,55.15,1137.0
2025-02-19 00:00:00,AA,16,1025,-16.0,-5.0,-0.99,13.07,51.94,1472.0
2025-02-19 00:00:00,AA,15,835,-23.0,-5.0,0.0,15.96,51.94,959.0
2025-02-19 00:00:00,WN,5,753,-14.0,-5.0,-2.97,-0.99,5.0,155.0
2025-02-19 00:00:00,WN,7,1404,-14.0,-5.0,-2.97,-0.99,5.99,354.0
2025-02-19 00:00:00,WN,12,1489,-14.0,-4.01,-0.99,7.92,24.78,246.0
2025-02-19 00:00:00,WN,10,1558,-14.0,-4.01,-0.99,4.01,19.11,299.0
2025-02-19 00:00:00,UA,6,872,-18.0,-7.92,-5.0,-1.99,5.99,336.0
2025-02-19 00:00:00,UA,7,1329,-17.0,-7.03,-5.0,-1.99,5.0,351.0
2025-02-19 00:00:00,WN,6,1925,-14.0,-5.0,-2.97,-0.99,5.0,601.0
2025-02-26 00:00:00,DL,0,21,-18.0,-12.06,-10.07,-5.0,0.0,17.0
2025-02-26 00:00:00,WN,14,1564,-13.0,-4.01,0.0,8.94,29.08,372.0
2025-02-26 00:00:00,UA,17,978,-23.0,-5.99,-2.97,2.97,23.81,738.0
2025-02-26 00:00:00,DL,22,613,-19.0,-5.99,-2.97,2.97,19.11,600.0
2025-02-26 00:00:00,WN,23,17,-15.0,-5.0,-0.99,1.99,7.03,13.0
2025-02-26 00:00:00,WN,22,438,-15.0,-5.99,-2.97,5.0,17.99,115.0
2025-02-26 00:00:00,DL,17,1188,-25.0,-7.92,-4.01,1.99,23.81,482.0
2025-02-26 00:00:00,UA,20,528,-21.0,-7.03,-2.97,8.94,30.88,619.0
2025-02-26 00:00:00,DL,20,619,-22.0,-7.03,-2.97,5.99,30.88,826.0
2025-02-26 00:00:00,AA,14,1025,-19.0,-5.0,-1.99,7.92,36.97,1095.0
2025-02-26 00:00:00,AA,16,1007,-20.0,-5.0,-1.99,8.94,40.05,1766.0
2025-02-26 00:00:00,AA,15,822,-21.0,-5.0,-0.99,12.06,54.06,1963.0
2025-02-26 00:00:00,WN,5,840,-15.0,-5.0,-4.01,-0.99,1.99,339.0
2025-02-26 00:00:00,WN,7,1383,-16.0,-5.99,-4.01,-0.99,2.97,373.0
2025-02-26 00:00:00,WN,12,1482,-15.0,-5.0,-0.99,4.01,19.11,521.0
2025-02-26 00:00:00,WN,10,1549,-15.0,-5.0,-1.99,1.99,13.87,354.0
2025-02-26 00:00:00,UA,6,868,-16.0,-8.94,-5.99,-2.97,2.97,365.0
2025-02-26 00:00:00,UA,7,1329,-18.0,-7.92,-5.99,-2.97,5.0,528.0
2025-02-26 00:00:00,WN,6,1923,-14.0,-5.99,-4.01,-0.99,2.97,496.0
2025-03-05 00:00:00,WN,5,1056,-12.0,-5.0,-4.01,-0.99,0.99,276.0
2025-03-05 00:00:00,AA,14,1019,-17.0,-5.0,-0.99,13.07,45.15,646.0
2025-03-05 00:00:00,UA,17,948,-19.0,-5.99,-1.99,5.0,27.94,374.0
2025-03-05 00:00:00,DL,0,32,-20.0,-12.06,-10.07,-5.99,-0.99,19.0
2025-03-05 00:00:00,WN,23,82,-15.0,-5.0,-1.99,1.99,19.11,84.0
2025-03-05 00:00:00,WN,22,699,-15.0,-5.0,0.0,15.96,43.38,148.0
2025-03-05 00:00:00,DL,20,686,-27.0,-5.99,-1.99,17.99,56.27,219.0
2025-03-05 00:00:00,DL,22,644,-21.0,-7.03,-2.97,5.0,24.78,1047.0
2025-03-05 00:00:00,UA,20,643,-18.0,-5.99,-1.99,13.07,43.38,199.0
2025-03-05 00:00:00,AA,15,900,-21.0,-5.0,-0.99,19.11,58.56,1240.0
2025-03-05 00:00:00,DL,17,1218,-26.0,-7.03,-2.97,7.92,36.24,1134.0
2025-03-05 00:00:00,AA,16,1047,-20.0,-5.0,-0.99,16.95,51.94,409.0
2025-03-05 00:00:00,UA,6,962,-19.0,-7.92,-5.99,-2.97,1.99,452.0
2025-03-05 00:00:00,WN,10,1579,-14.0,-5.0,-0.99,5.0,19.89,384.0
2025-03-05 00:00:00,WN,14,1592,-13.0,-2.97,0.99,13.87,36.97,361.0
2025-03-05 00:00:00,WN,12,1508,-15.0,-4.01,-0.99,8.94,30.27,373.0
2025-03-05 00:00:00,WN,6,1998,-14.0,-5.0,-2.97,-0.99,4.01,378.0
2025-03-05 00:00:00,WN,7,1592,-14.0,-5.0,-2.97,-0.99,7.92,275.0
2025-03-05 00:00:00,UA,7,1355,-22.0,-7.92,-5.0,-2.97,2.97,591.0
2025-03-12 00:00:00,DL,0,40,-17.0,-8.94,-4.01,10.07,49.9,162.0
2025-03-12 00:00:00,WN,14,1562,-15.0,-1.99,4.01,22.88,63.44,409.0
2025-03-12 00:00:00,DL,17,1240,-20.0,-5.0,0.0,21.98,70.11,1134.0
2025-03-12 00:00:00,DL,22,656,-19.0,-5.0,-0.99,17.99,52.99,664.0
2025-03-12 00:00:00,WN,22,684,-13.0,0.0,15.03,40.86,85.64,250.0
2025-03-12 00:00:00,WN,23,63,-10.0,-2.97,2.97,12.06,21.98,74.0
2025-03-12 00:00:00,UA,17,926,-19.0,-4.01,0.0,17.99,80.65,436.0
2025-03-12 00:00:00,UA,20,659,-23.0,-5.0,1.99,37.72,92.77,747.0
2025-03-12 00:00:00,DL,20,751,-17.0,-5.0,0.0,29.08,77.49,1170.0
2025-03-12 00:00:00,AA,14,963,-16.0,-5.0,0.0,19.89,68.72,1186.0
2025-03-12 00:00:00,AA,16,964,-22.0,-4.01,0.0,24.78,79.05,1411.0
2025-03-12 00:00:00,AA,15,963,-16.0,-4.01,0.0,25.79,70.11,1078.0
2025-03-12 00:00:00,WN,5,1176,-14.0,-5.0,-2.97,0.0,7.03,340.0
2025-03-12 00:00:00,WN,7,1654,-14.0,-5.0,-1.99,0.99,13.07,407.0
2025-03-12 00:00:00,WN,12,1523,-11.0,-2.97,0.99,15.96,47.0,480.0
2025-03-12 00:00:00,WN,10,1611,-14.0,-4.01,-0.99,7.92,30.27,470.0
2025-03-12 00:00:00,UA,6,983,-19.0,-7.92,-5.0,-1.99,13.87,1035.0
2025-03-12 00:00:00,UA,7,1370,-17.0,-7.03,-4.01,0.0,19.89,671.0
2025-03-12 00:00:00,WN,6,2099,-14.0,-5.0,-2.97,0.0,5.99,379.0
2025-03-19 00:00:00,DL,0,40,-24.0,-7.92,-4.01,0.0,23.81,60.0
2025-03-19 00:00:00,WN,14,1582,-15.0,-2.97,0.0,8.94,24.78,349.0
2025-03-19 00:00:00,DL,17,1244,-26.0,-7.03,-1.99,10.07,43.38,1073.0
2025-03-19 00:00:00,DL,22,678,-22.0,-5.0,-1.99,5.99,26.84,601.0
2025-03-19 00:00:00,WN,23,63,-8.0,-2.97,0.0,5.0,13.07,68.0
2025-03-19 00:00:00,WN,22,702,-16.0,-5.0,0.0,13.07,39.25,183.0
2025-03-19 00:00:00,UA,17,930,-20.0,-5.0,-1.99,5.99,40.86,343.0
2025-03-19 00:00:00,UA,20,657,-18.0,-5.0,0.0,19.11,66.03,531.0
2025-03-19 00:00:00,DL,20,760,-25.0,-5.99,-1.99,13.07,45.15,844.0
2025-03-19 00:00:00,AA,14,984,-14.0,-5.0,-0.99,13.87,62.18,498.0
2025-03-19 00:00:00,AA,16,989,-24.0,-4.01,0.0,21.12,70.11,1439.0
2025-03-19 00:00:00,AA,15,995,-20.0,-5.0,-0.99,19.89,58.56,996.0
2025-03-19 00:00:00,WN,5,1185,-15.0,-5.0,-2.97,-0.99,1.99,282.0
2025-03-19 00:00:00,WN,7,1662,-13.0,-5.0,-2.97,0.0,5.0,377.0
2025-03-19 00:00:00,WN,12,1540,-14.0,-4.01,-0.99,5.99,21.12,372.0
2025-03-19 00:00:00,WN,10,1625,-12.0,-5.0,-1.99,2.97,13.87,375.0
2025-03-19 00:00:00,UA,6,977,-17.0,-7.92,-5.99,-2.97,2.97,608.0
2025-03-19 00:00:00,UA,7,1371,-18.0,-7.92,-5.0,-1.99,5.99,909.0
2025-03-19 00:00:00,WN,6,2103,-14.0,-5.0,-2.97,-0.99,1.99,351.0
2025-03-26 00:00:00,DL,17,1222,-29.0,-5.99,-0.99,16.95,64.72,922.0
2025-03-26 00:00:00,UA,17,921,-14.0,-5.0,0.99,19.11,87.37,428.0
2025-03-26 00:00:00,DL,20,741,-25.0,-5.0,0.0,30.88,98.5,620.0
2025-03-26 00:00:00,UA,20,610,-17.0,-5.0,0.99,21.12,80.65,897.0
2025-03-26 00:00:00,DL,22,661,-16.0,-5.0,-0.99,16.95,72.97,756.0
2025-03-26 00:00:00,WN,22,684,-17.0,-2.97,5.0,44.26,115.6,244.0
2025-03-26 00:00:00,WN,23,60,-9.0,-2.97,1.99,7.92,17.99,78.0
2025-03-26 00:00:00,DL,0,40,-12.0,-8.94,-5.0,-0.99,4.01,36.0
2025-03-26 00:00:00,WN,5,1178,-14.0,-5.0,-2.97,-0.99,4.01,294.0
2025-03-26 00:00:00,UA,6,956,-18.0,-8.94,-5.99,-1.99,5.99,630.0
2025-03-26 00:00:00,WN,6,2099,-13.0,-5.0,-4.01,-0.99,5.0,304.0
2025-03-26 00:00:00,UA,7,1346,-15.0,-7.92,-5.0,-1.99,8.94,881.0
2025-03-26 00:00:00,WN,7,1662,-14.0,-5.0,-2.97,0.0,7.03,399.0
2025-03-26 00:00:00,WN,10,1621,-15.0,-5.0,-1.99,4.01,21.12,414.0
2025-03-26 00:00:00,WN,12,1529,-15.0,-4.01,0.0,10.07,34.13,449.0
2025-03-26 00:00:00,AA,14,983,-18.0,-4.01,0.0,17.99,67.36,1136.0
2025-03-26 00:00:00,WN,14,1563,-16.0,-2.97,1.99,15.96,49.9,647.0
2025-03-26 00:00:00,AA,15,973,-20.0,-5.0,0.99,21.98,66.03,1085.0
2025-03-26 00:00:00,AA,16,972,-20.0,-4.01,0.99,23.81,68.72,1789.0
2025-04-02 00:00:00,WN,12,1532,-15.0,-2.97,0.99,16.95,46.07,454.0
2025-04-02 00:00:00,UA,17,935,-18.0,-5.0,0.0,19.11,60.95,1080.0
2025-04-02 00:00:00,DL,20,727,-20.0,-5.0,0.0,24.78,82.28,1090.0
2025-04-02 00:00:00,AA,16,1003,-19.0,-2.97,7.92,40.86,98.5,845.0
2025-04-02 00:00:00,UA,20,560,-22.0,-5.0,1.99,25.79,74.45,645.0
2025-04-02 00:00:00,DL,22,634,-20.0,-5.0,-0.99,19.89,74.45,895.0
2025-04-02 00:00:00,WN,22,695,-15.0,-2.97,7.92,34.82,71.53,273.0
2025-04-02 00:00:00,WN,23,59,-10.0,-5.0,-0.99,4.01,15.96,94.0
2025-04-02 00:00:00,DL,0,38,-19.0,-8.94,-5.0,5.99,40.86,211.0
2025-04-02 00:00:00,WN,10,1627,-14.0,-4.01,0.0,8.94,30.88,359.0
2025-04-02 00:00:00,UA,7,1345,-17.0,-7.03,-5.0,-0.99,19.89,890.0
2025-04-02 00:00:00,WN,7,1624,-13.0,-5.0,-2.97,0.99,15.03,381.0
2025-04-02 00:00:00,DL,17,1212,-27.0,-5.99,0.0,30.27,94.64,1117.0
2025-04-02 00:00:00,UA,6,904,-19.0,-8.94,-5.99,-1.99,5.99,841.0
2025-04-02 00:00:00,WN,14,1571,-14.0,-1.99,5.99,23.81,64.72,321.0
2025-04-02 00:00:00,WN,5,1150,-14.0,-5.0,-2.97,-0.99,7.92,488.0
2025-04-02 00:00:00,AA,14,996,-15.0,-2.97,4.01,30.88,79.05,1022.0
2025-04-02 00:00:00,WN,6,2063,-15.0,-5.0,-2.97,0.0,7.92,512.0
2025-04-02 00:00:00,AA,15,951,-26.0,-2.97,4.01,40.05,100.49,976.0
2025-04-09 00:00:00,AA,14,1025,-16.0,-5.0,-0.99,10.91,40.86,990.0
2025-04-09 00:00:00,WN,23,43,-10.0,-5.0,-2.97,0.99,10.91,72.0
2025-04-09 00:00:00,DL,20,754,-29.0,-5.99,-2.97,10.07,47.95,667.0
2025-04-09 00:00:00,DL,0,40,-23.0,-10.91,-5.0,7.03,24.78,96.0
2025-04-09 00:00:00,WN,22,212,-14.0,-4.01,-0.99,8.94,25.79,77.0
2025-04-09 00:00:00,UA,20,558,-20.0,-5.99,-2.97,5.0,26.84,155.0
2025-04-09 00:00:00,DL,22,662,-19.0,-7.03,-2.97,5.0,40.86,564.0
2025-04-09 00:00:00,UA,17,934,-17.0,-5.99,-2.97,1.99,17.99,320.0
2025-04-09 00:00:00,AA,15,970,-15.0,-5.0,-1.99,13.07,46.07,475.0
2025-04-09 00:00:00,AA,16,1030,-20.0,-5.0,-0.99,13.07,47.95,1679.0
2025-04-09 00:00:00,DL,17,1229,-30.0,-7.03,-2.97,7.03,30.88,426.0
2025-04-09 00:00:00,WN,10,1699,-13.0,-4.01,-0.99,4.01,13.87,364.0
2025-04-09 00:00:00,WN,5,1060,-15.0,-5.0,-4.01,-1.99,0.99,277.0
2025-04-09 00:00:00,WN,12,1594,-14.0,-4.01,-0.99,5.99,19.89,266.0
2025-04-09 00:00:00,WN,14,1548,-13.0,-4.01,0.0,10.07,26.84,240.0
2025-04-09 00:00:00,WN,7,1766,-15.0,-5.0,-2.97,0.0,5.0,369.0
2025-04-09 00:00:00,UA,6,920,-22.0,-8.94,-5.99,-2.97,0.0,263.0
2025-04-09 00:00:00,WN,6,2013,-15.0,-5.99,-4.01,-0.99,1.99,302.0
2025-04-09 00:00:00,UA,7,1366,-18.0,-7.92,-5.99,-2.97,2.97,633.0
2025-04-16 00:00:00,AA,14,1020,-18.0,-5.0,-1.99,10.07,36.97,1349.0
2025-04-16 00:00:00,DL,22,756,-21.0,-5.99,-2.97,4.01,19.11,210.0
2025-04-16 00:00:00,DL,17,1240,-30.0,-7.03,-2.97,5.0,30.88,373.0
2025-04-16 00:00:00,UA,20,556,-23.0,-5.0,0.99,26.84,87.37,795.0
2025-04-16 00:00:00,WN,22,212,-13.0,-4.01,0.99,13.87,40.05,137.0
2025-04-16 00:00:00,WN,23,43,-16.0,-4.01,-0.99,0.0,10.07,102.0
2025-04-16 00:00:00,DL,20,777,-22.0,-5.99,-2.97,7.03,36.24,220.0
2025-04-16 00:00:00,UA,17,919,-20.0,-5.99,-1.99,13.87,80.65,828.0
2025-04-16 00:00:00,DL,0,45,-17.0,-8.94,-5.0,-1.99,15.96,95.0
2025-04-16 00:00:00,AA,16,1022,-21.0,-5.0,-0.99,15.03,49.9,1278.0
2025-04-16 00:00:00,WN,14,1544,-14.0,-4.01,0.0,10.91,34.13,505.0
2025-04-16 00:00:00,AA,15,979,-17.0,-5.0,-0.99,15.96,58.56,2310.0
2025-04-16 00:00:00,WN,5,1055,-15.0,-5.0,-2.97,-0.99,1.99,279.0
2025-04-16 00:00:00,WN,12,1578,-14.0,-4.01,-0.99,7.92,29.08,421.0
2025-04-16 00:00:00,WN,7,1763,-14.0,-5.0,-2.97,0.0,8.94,310.0
2025-04-16 00:00:00,WN,10,1695,-14.0,-4.01,-0.99,5.0,24.78,405.0
2025-04-16 00:00:00,UA,7,1356,-18.0,-7.92,-5.0,-1.99,7.92,389.0
2025-04-16 00:00:00,UA,6,914,-17.0,-7.92,-5.99,-1.99,4.01,462.0
2025-04-16 00:00:00,WN,6,2004,-15.0,-5.0,-4.01,-0.99,1.99,470.0
2025-04-23 00:00:00,WN,14,1543,-17.0,-1.99,2.97,17.99,44.26,253.0
2025-04-23 00:00:00,WN,23,43,-10.0,-4.01,-0.99,7.92,16.95,79.0
2025-04-23 00:00:00,UA,20,546,-20.0,-2.97,5.0,40.05,102.52,634.0
2025-04-23 00:00:00,DL,0,45,-14.0,-8.94,-2.97,4.01,19.11,185.0
2025-04-23 00:00:00,WN,22,212,-14.0,-1.99,5.0,16.95,34.13,115.0
2025-04-23 00:00:00,DL,20,786,-18.0,-5.99,-1.99,12.06,39.25,377.0
2025-04-23 00:00:00,DL,22,760,-18.0,-5.99,-1.99,8.94,40.05,496.0
2025-04-23 00:00:00,UA,17,911,-18.0,-5.0,0.99,15.96,85.64,392.0
2025-04-23 00:00:00,UA,7,1353,-18.0,-7.92,-5.0,-1.99,8.94,431.0
2025-04-23 00:00:00,AA,15,981,-16.0,-5.0,-0.99,16.95,67.36,1183.0
2025-04-23 00:00:00,AA,16,1013,-17.0,-5.0,-0.99,19.11,63.44,1027.0
2025-04-23 00:00:00,DL,17,1244,-30.0,-7.03,-1.99,7.03,30.88,988.0
2025-04-23 00:00:00,AA,14,1012,-15.0,-5.0,-1.99,13.07,63.44,1831.0
2025-04-23 00:00:00,WN,10,1698,-13.0,-4.01,-0.99,5.99,22.88,261.0
2025-04-23 00:00:00,WN,5,1057,-15.0,-5.0,-2.97,-0.99,4.01,238.0
2025-04-23 00:00:00,WN,12,1580,-15.0,-2.97,0.0,10.07,29.08,280.0
2025-04-23 00:00:00,WN,7,1762,-14.0,-5.0,-2.97,0.0,7.92,254.0
2025-04-23 00:00:00,UA,6,909,-19.0,-7.92,-5.99,-1.99,2.97,439.0
2025-04-23 00:00:00,WN,6,2010,-15.0,-5.0,-2.97,-0.99,4.01,206.0
2025-04-30 00:00:00,AA,16,126,-16.0,-2.97,0.99,40.05,144.04,1017.0
2025-04-30 00:00:00,UA,20,79,-12.0,-2.97,8.94,39.25,80.65,453.0
2025-04-30 00:00:00,UA,17,132,-16.0,-4.01,-0.99,17.99,89.13,228.0
2025-04-30 00:00:00,DL,20,98,-21.0,-5.99,-1.99,8.94,52.99,124.0
2025-04-30 00:00:00,WN,14,205,-8.0,-1.99,4.01,25.79,98.5,555.0
2025-04-30 00:00:00,DL,22,107,-15.0,-5.0,-2.97,0.99,21.12,142.0
2025-04-30 00:00:00,WN,12,200,-11.0,-4.01,0.99,12.06,41.68,472.0
2025-04-30 00:00:00,WN,10,245,-11.0,-4.01,-0.99,4.01,15.03,465.0
2025-04-30 00:00:00,WN,5,89,-11.0,-5.99,-2.97,-0.99,0.99,40.0
2025-04-30 00:00:00,WN,6,287,-13.0,-5.99,-4.01,-0.99,1.99,134.0
2025-04-30 00:00:00,DL,17,176,-29.0,-5.99,-4.01,2.97,17.99,253.0
2025-04-30 00:00:00,WN,23,6,-7.0,-1.99,-1.99,1.99,16.95,28.0
2025-04-30 00:00:00,DL,0,4,-14.0,-13.87,-12.06,-4.01,-4.01,3.0
2025-04-30 00:00:00,AA,15,116,-11.0,-4.01,-0.99,32.14,159.19,796.0
2025-04-30 00:00:00,WN,7,227,-12.0,-5.0,-2.97,-0.99,1.99,289.0
2025-04-30 00:00:00,UA,6,128,-16.0,-10.07,-7.03,-4.01,0.0,194.0
2025-04-30 00:00:00,WN,22,7,-7.0,-4.01,-1.99,-0.99,8.94,12.0
2025-04-30 00:00:00,AA,14,119,-12.0,-2.97,1.99,40.86,169.04,985.0
2025-04-30 00:00:00,UA,7,191,-14.0,-7.92,-5.99,-4.01,0.0,257.0
