2025-01-01 00:00:00,UA,2,7,-9.0,-7.92,0.99,0.99,0.99,18.0
2025-01-01 00:00:00,AA,5,708,-13.0,-7.03,-4.01,0.0,13.87,1594.0
2025-01-01 00:00:00,DL,6,1220,-20.0,-5.99,-2.97,1.99,15.96,565.0
2025-01-01 00:00:00,DL,11,1300,-18.0,-5.0,-0.99,10.07,36.24,709.0
2025-01-01 00:00:00,AA,20,813,-26.0,-2.97,1.99,25.79,70.11,768.0
2025-01-01 00:00:00,AA,21,580,-16.0,-4.01,1.99,25.79,72.97,686.0
2025-01-01 00:00:00,DL,13,891,-16.0,-5.0,-0.99,13.87,41.68,1051.0
2025-01-01 00:00:00,WN,21,689,-19.0,0.0,15.03,44.26,70.11,245.0
2025-01-01 00:00:00,DL,21,582,-18.0,-4.01,0.0,15.96,44.26,659.0
2025-01-01 00:00:00,AA,1,12,-18.0,-10.07,-7.03,-5.0,4.01,318.0
2025-01-01 00:00:00,UA,13,853,-14.0,-4.01,2.97,24.78,64.72,369.0
2025-01-01 00:00:00,DL,23,205,-17.0,-5.0,-0.99,10.91,40.86,191.0
2025-01-01 00:00:00,DL,15,1098,-19.0,-4.01,0.0,19.11,57.4,1161.0
2025-01-01 00:00:00,AA,6,1163,-18.0,-5.99,-4.01,0.0,17.99,1418.0
2025-01-01 00:00:00,AA,9,898,-14.0,-5.0,-1.99,5.99,32.79,786.0
2025-01-01 00:00:00,DL,16,775,-20.0,-5.0,0.0,19.11,55.15,309.0
2025-01-01 00:00:00,UA,16,918,-14.0,-4.01,0.99,21.12,63.44,447.0
2025-01-01 00:00:00,WN,9,1603,-13.0,-2.97,0.0,10.07,30.27,721.0
2025-01-01 00:00:00,WN,17,1449,-14.0,-0.99,10.91,32.79,64.72,491.0
2025-01-01 00:00:00,AA,19,887,-18.0,-4.01,1.99,29.08,80.65,890.0
2025-01-08 00:00:00,UA,16,832,-16.0,-5.99,-2.97,7.92,34.13,405.0
2025-01-08 00:00:00,DL,13,854,-19.0,-5.99,-0.99,21.98,79.05,575.0
2025-01-08 00:00:00,WN,17,1362,-16.0,-5.0,-0.99,8.94,27.94,269.0
2025-01-08 00:00:00,DL,21,482,-19.0,-5.0,-0.99,13.87,55.15,741.0
2025-01-08 00:00:00,DL,23,145,-22.0,-5.99,-2.97,7.92,44.26,133.0
2025-01-08 00:00:00,WN,21,226,-15.0,-5.99,-2.97,5.99,19.11,95.0
2025-01-08 00:00:00,AA,19,732,-22.0,-5.0,-0.99,19.11,67.36,712.0
2025-01-08 00:00:00,AA,21,511,-19.0,-4.01,-0.99,16.95,49.9,1147.0
2025-01-08 00:00:00,AA,20,561,-26.0,-5.0,-1.99,10.07,40.86,519.0
2025-01-08 00:00:00,UA,13,889,-18.0,-7.03,-2.97,5.0,32.14,283.0
2025-01-08 00:00:00,DL,16,666,-25.0,-5.0,0.0,21.98,87.37,1143.0
2025-01-08 00:00:00,AA,1,2,-7.0,-7.0,-7.0,-7.0,-7.0,-4.0
2025-01-08 00:00:00,DL,15,1046,-21.0,-5.0,0.99,26.84,82.28,444.0
2025-01-08 00:00:00,AA,5,570,-16.0,-7.03,-4.01,0.0,15.03,1553.0
2025-01-08 00:00:00,AA,9,858,-19.0,-5.0,-2.97,4.01,37.72,1748.0
2025-01-08 00:00:00,DL,11,1130,-22.0,-5.0,0.0,19.11,74.45,1137.0
2025-01-08 00:00:00,WN,9,1538,-15.0,-5.0,-1.99,1.99,15.03,202.0
2025-01-08 00:00:00,UA,2,7,-11.0,-7.03,-5.99,19.11,82.28,92.0
2025-01-08 00:00:00,DL,6,1136,-23.0,-7.92,-4.01,0.0,25.79,1119.0
2025-01-08 00:00:00,AA,6,1108,-16.0,-7.03,-5.0,-0.99,13.07,2455.0
2025-01-15 00:00:00,AA,5,618,-15.0,-7.03,-4.01,-0.99,7.03,899.0
2025-01-15 00:00:00,DL,15,1140,-23.0,-5.0,-0.99,12.06,49.9,1188.0
2025-01-15 00:00:00,AA,20,615,-28.0,-5.0,-0.99,15.03,40.86,972.0
2025-01-15 00:00:00,DL,23,154,-16.0,-5.99,-1.99,4.01,17.99,158.0
2025-01-15 00:00:00,AA,1,2,-6.0,-5.99,-5.99,-5.99,-5.99,-5.0
2025-01-15 00:00:00,UA,2,7,-14.0,-10.07,-2.97,-2.97,-0.99,23.0
2025-01-15 00:00:00,AA,21,540,-17.0,-4.01,-0.99,13.87,40.05,751.0
2025-01-15 00:00:00,DL,21,507,-23.0,-5.99,-1.99,8.94,41.68,888.0
2025-01-15 00:00:00,WN,21,474,-16.0,-4.01,1.99,19.89,49.9,196.0
2025-01-15 00:00:00,DL,16,783,-19.0,-5.99,-0.99,13.07,46.07,1061.0
2025-01-15 00:00:00,WN,17,1407,-15.0,-4.01,0.0,13.07,39.25,385.0
2025-01-15 00:00:00,AA,19,784,-15.0,-5.0,-0.99,10.07,46.07,1613.0
2025-01-15 00:00:00,UA,16,788,-18.0,-5.99,-1.99,5.0,32.14,983.0
2025-01-15 00:00:00,AA,6,1173,-18.0,-7.03,-4.01,-0.99,7.03,1873.0
2025-01-15 00:00:00,DL,11,1217,-19.0,-5.0,-1.99,7.92,34.13,496.0
2025-01-15 00:00:00,UA,13,877,-19.0,-5.99,-1.99,5.0,25.79,344.0
2025-01-15 00:00:00,DL,13,945,-23.0,-5.99,-2.97,5.99,36.24,412.0
2025-01-15 00:00:00,DL,6,1212,-21.0,-7.03,-4.01,0.0,13.07,492.0
2025-01-15 00:00:00,WN,9,1552,-15.0,-5.0,-1.99,2.97,15.03,276.0
2025-01-15 00:00:00,AA,9,896,-14.0,-5.0,-2.97,0.99,19.11,2063.0
2025-01-22 00:00:00,AA,5,625,-19.0,-8.94,-5.99,-2.97,4.01,910.0
2025-01-22 00:00:00,DL,15,1203,-25.0,-5.99,-1.99,10.91,47.95,329.0
2025-01-22 00:00:00,AA,20,647,-18.0,-5.0,-1.99,7.92,40.86,641.0
2025-01-22 00:00:00,DL,23,163,-21.0,-7.92,-1.99,4.01,19.89,199.0
2025-01-22 00:00:00,UA,2,7,-8.0,-7.92,-7.03,-5.99,-4.01,7.0
2025-01-22 00:00:00,AA,1,2,-6.0,-5.99,-5.99,-5.99,-5.99,22.0
2025-01-22 00:00:00,WN,21,226,-14.0,-5.99,-2.97,4.01,19.11,102.0
2025-01-22 00:00:00,DL,21,565,-24.0,-7.03,-2.97,4.01,25.79,707.0
2025-01-22 00:00:00,AA,21,554,-19.0,-5.0,-1.99,7.92,34.82,657.0
2025-01-22 00:00:00,UA,16,829,-23.0,-7.03,-4.01,2.97,27.94,900.0
2025-01-22 00:00:00,WN,17,1392,-23.0,-5.99,-1.99,5.99,21.98,326.0
2025-01-22 00:00:00,AA,19,823,-25.0,-7.03,-2.97,7.03,30.27,293.0
2025-01-22 00:00:00,DL,16,877,-20.0,-7.03,-2.97,10.07,37.72,309.0
2025-01-22 00:00:00,AA,6,1165,-17.0,-7.92,-5.0,-1.99,5.99,910.0
2025-01-22 00:00:00,DL,11,1224,-19.0,-5.99,-2.97,8.94,37.72,698.0
2025-01-22 00:00:00,UA,13,892,-19.0,-7.03,-4.01,1.99,24.78,528.0
2025-01-22 00:00:00,DL,13,965,-20.0,-7.03,-2.97,5.99,45.15,502.0
2025-01-22 00:00:00,DL,6,1213,-23.0,-7.92,-5.0,-0.99,10.07,970.0
2025-01-22 00:00:00,WN,9,1579,-15.0,-5.0,-2.97,0.0,7.92,220.0
2025-01-22 00:00:00,AA,9,897,-16.0,-5.99,-2.97,0.99,16.95,940.0
2025-01-29 00:00:00,WN,17,1394,-15.0,-5.99,-1.99,5.0,21.12,252.0
2025-01-29 00:00:00,UA,13,898,-19.0,-7.03,-2.97,5.0,34.13,312.0
2025-01-29 00:00:00,AA,19,820,-23.0,-7.03,-2.97,7.03,40.05,270.0
2025-01-29 00:00:00,DL,21,533,-17.0,-7.03,-4.01,1.99,19.11,755.0
2025-01-29 00:00:00,UA,2,7,-14.0,-8.94,-7.92,2.97,4.01,8.0
2025-01-29 00:00:00,DL,23,156,-20.0,-7.03,-2.97,4.01,17.99,897.0
2025-01-29 00:00:00,AA,20,646,-23.0,-5.99,-2.97,4.01,30.27,210.0
2025-01-29 00:00:00,WN,21,224,-16.0,-5.0,-1.99,8.94,36.24,129.0
2025-01-29 00:00:00,AA,21,536,-18.0,-5.99,-2.97,7.03,36.24,468.0
2025-01-29 00:00:00,DL,15,1198,-20.0,-5.99,-2.97,4.01,26.84,1091.0
2025-01-29 00:00:00,UA,16,834,-18.0,-7.03,-4.01,0.99,21.98,477.0
2025-01-29 00:00:00,AA,1,2,7.0,7.03,7.03,7.03,7.03,13.0
2025-01-29 00:00:00,DL,16,852,-26.0,-7.03,-2.97,5.99,26.84,366.0
2025-01-29 00:00:00,AA,5,613,-17.0,-7.92,-5.99,-1.99,10.07,1684.0
2025-01-29 00:00:00,WN,9,1607,-14.0,-5.0,-2.97,0.0,7.92,333.0
2025-01-29 00:00:00,DL,13,984,-21.0,-7.03,-4.01,2.97,26.84,360.0
2025-01-29 00:00:00,DL,11,1271,-21.0,-7.03,-4.01,0.99,21.98,524.0
2025-01-29 00:00:00,AA,6,1185,-16.0,-7.92,-5.0,-1.99,5.0,939.0
2025-01-29 00:00:00,AA,9,899,-17.0,-5.99,-4.01,0.0,15.96,1906.0
2025-01-29 00:00:00,DL,6,1245,-26.0,-8.94,-5.99,-1.99,5.99,971.0
2025-02-05 00:00:00,UA,2,9,-12.0,-10.07,-7.92,-7.03,0.99,38.0
2025-02-05 00:00:00,UA,13,903,-21.0,-5.99,-2.97,7.03,36.97,634.0
2025-02-05 00:00:00,AA,19,798,-21.0,-5.99,-2.97,5.99,34.82,1455.0
2025-02-05 00:00:00,WN,21,486,-15.0,-5.99,-1.99,8.94,30.27,309.0
2025-02-05 00:00:00,AA,1,2,-2.0,-1.99,-1.99,-1.99,-1.99,6.0
2025-02-05 00:00:00,DL,23,149,-17.0,-7.92,-4.01,5.0,15.03,82.0
2025-02-05 00:00:00,AA,20,641,-20.0,-5.99,-2.97,5.0,30.27,517.0
2025-02-05 00:00:00,AA,21,547,-19.0,-5.0,-1.99,4.01,30.88,797.0
2025-02-05 00:00:00,DL,21,526,-23.0,-7.03,-2.97,4.01,27.94,911.0
2025-02-05 00:00:00,DL,15,1162,-21.0,-5.99,-2.97,7.03,32.14,387.0
2025-02-05 00:00:00,UA,16,840,-20.0,-5.99,-1.99,5.99,34.13,359.0
2025-02-05 00:00:00,WN,17,1439,-15.0,-5.0,-0.99,10.91,36.97,319.0
2025-02-05 00:00:00,DL,16,835,-21.0,-7.03,-2.97,2.97,22.88,376.0
2025-02-05 00:00:00,AA,5,632,-17.0,-7.92,-5.99,-1.99,0.99,905.0
2025-02-05 00:00:00,WN,9,1569,-13.0,-5.0,-1.99,0.99,13.07,267.0
2025-02-05 00:00:00,DL,13,980,-19.0,-7.03,-2.97,5.99,26.84,632.0
2025-02-05 00:00:00,DL,11,1258,-19.0,-5.99,-2.97,5.0,27.94,446.0
2025-02-05 00:00:00,AA,6,1171,-16.0,-7.92,-5.0,-1.99,5.0,1675.0
2025-02-05 00:00:00,AA,9,867,-16.0,-5.99,-4.01,0.0,17.99,1324.0
2025-02-05 00:00:00,DL,6,1253,-23.0,-7.92,-5.0,-0.99,7.03,986.0
2025-02-12 00:00:00,UA,16,938,-16.0,-2.97,4.01,30.88,113.31,904.0
2025-02-12 00:00:00,DL,13,977,-17.0,-2.97,5.99,36.24,92.77,716.0
2025-02-12 00:00:00,WN,17,1576,-15.0,-0.99,10.91,36.24,87.37,337.0
2025-02-12 00:00:00,DL,21,554,-16.0,-2.97,5.99,34.13,87.37,921.0
2025-02-12 00:00:00,DL,23,153,-12.0,-2.97,2.97,24.78,51.94,929.0
2025-02-12 00:00:00,WN,21,814,-15.0,0.0,19.89,49.9,102.52,315.0
2025-02-12 00:00:00,AA,19,956,-13.0,-2.97,5.99,39.25,94.64,1166.0
2025-02-12 00:00:00,AA,21,584,-18.0,-2.97,5.0,27.94,77.49,1272.0
2025-02-12 00:00:00,AA,20,774,-14.0,-2.97,10.07,39.25,92.77,2273.0
2025-02-12 00:00:00,UA,13,955,-17.0,-4.01,1.99,21.12,71.53,567.0
2025-02-12 00:00:00,DL,16,877,-17.0,-1.99,8.94,44.26,94.64,1120.0
2025-02-12 00:00:00,DL,15,1191,-20.0,-1.99,10.07,41.68,94.64,1094.0
2025-02-12 00:00:00,UA,2,7,-10.0,-5.99,-5.0,7.03,48.91,74.0
2025-02-12 00:00:00,WN,9,1493,-15.0,-4.01,0.0,8.94,30.88,427.0
2025-02-12 00:00:00,DL,11,1254,-18.0,-2.97,5.0,32.14,77.49,483.0
2025-02-12 00:00:00,AA,9,893,-14.0,-5.0,-1.99,7.03,40.05,655.0
2025-02-12 00:00:00,AA,5,642,-15.0,-5.99,-4.01,0.0,16.95,1500.0
2025-02-12 00:00:00,DL,6,1257,-16.0,-5.99,-2.97,2.97,30.88,925.0
2025-02-12 00:00:00,AA,6,1231,-15.0,-5.99,-2.97,0.0,17.99,1857.0
2025-02-19 00:00:00,AA,5,638,-17.0,-7.92,-5.0,-0.99,13.07,3092.0
2025-02-19 00:00:00,DL,15,1246,-23.0,-5.99,-1.99,10.91,36.24,359.0
2025-02-19 00:00:00,AA,19,955,-19.0,-5.0,0.0,21.12,63.44,1445.0
2025-02-19 00:00:00,DL,23,161,-18.0,-7.03,-2.97,5.0,25.79,839.0
2025-02-19 00:00:00,UA,2,7,-10.0,-10.0,-4.01,0.99,2.97,15.0
2025-02-19 00:00:00,WN,21,709,-15.0,-5.0,-1.99,8.94,27.94,172.0
2025-02-19 00:00:00,AA,20,819,-18.0,-4.01,0.0,19.89,58.56,895.0
2025-02-19 00:00:00,DL,21,574,-19.0,-5.99,-1.99,8.94,36.24,1062.0
2025-02-19 00:00:00,AA,21,586,-14.0,-4.01,0.99,19.11,62.18,706.0
2025-02-19 00:00:00,DL,16,913,-19.0,-5.0,-0.99,10.07,30.88,846.0
2025-02-19 00:00:00,WN,17,1540,-15.0,-4.01,0.0,13.07,32.79,246.0
2025-02-19 00:00:00,UA,16,952,-16.0,-5.99,-2.97,2.97,21.12,426.0
2025-02-19 00:00:00,AA,6,1244,-16.0,-7.03,-5.0,-0.99,10.91,3403.0
2025-02-19 00:00:00,DL,11,1292,-18.0,-5.99,-1.99,7.03,29.08,1086.0
2025-02-19 00:00:00,UA,13,982,-17.0,-5.99,-2.97,2.97,19.89,365.0
2025-02-19 00:00:00,DL,13,995,-26.0,-5.99,-1.99,8.94,39.25,1117.0
2025-02-19 00:00:00,DL,6,1271,-21.0,-7.03,-4.01,-0.99,10.07,1049.0
2025-02-19 00:00:00,WN,9,1525,-13.0,-4.01,-1.99,2.97,15.96,461.0
2025-02-19 00:00:00,AA,9,889,-15.0,-5.0,-1.99,2.97,27.94,1986.0
2025-02-26 00:00:00,AA,5,657,-18.0,-7.92,-5.99,-2.97,2.97,1670.0
2025-02-26 00:00:00,DL,15,1247,-18.0,-5.99,-2.97,4.01,23.81,601.0
2025-02-26 00:00:00,AA,19,944,-18.0,-5.99,-0.99,16.95,59.75,855.0
2025-02-26 00:00:00,DL,21,577,-20.0,-5.99,-2.97,5.0,25.79,1118.0
2025-02-26 00:00:00,UA,2,7,-12.0,-8.94,-7.92,-7.92,77.49,82.0
2025-02-26 00:00:00,DL,23,160,-19.0,-7.03,-4.01,0.0,8.94,102.0
2025-02-26 00:00:00,AA,20,798,-21.0,-5.0,-0.99,15.03,49.9,532.0
2025-02-26 00:00:00,WN,21,704,-15.0,-5.99,-1.99,7.92,22.88,222.0
2025-02-26 00:00:00,AA,21,580,-13.0,-5.0,-1.99,8.94,47.95,754.0
2025-02-26 00:00:00,DL,16,906,-23.0,-5.99,-2.97,4.01,29.08,397.0
2025-02-26 00:00:00,WN,17,1559,-15.0,-4.01,0.0,10.91,34.82,290.0
2025-02-26 00:00:00,UA,16,960,-19.0,-7.03,-2.97,1.99,21.12,802.0
2025-02-26 00:00:00,AA,6,1249,-16.0,-7.92,-5.0,-1.99,8.94,2883.0
2025-02-26 00:00:00,DL,11,1307,-18.0,-7.03,-4.01,0.0,10.07,540.0
2025-02-26 00:00:00,UA,13,980,-21.0,-7.03,-4.01,0.0,13.07,529.0
2025-02-26 00:00:00,DL,13,994,-19.0,-7.03,-4.01,0.0,19.11,458.0
2025-02-26 00:00:00,DL,6,1267,-19.0,-8.94,-5.0,-1.99,5.0,607.0
2025-02-26 00:00:00,WN,9,1513,-17.0,-5.0,-1.99,0.99,12.06,430.0
2025-02-26 00:00:00,AA,9,906,-15.0,-5.99,-2.97,0.99,17.99,1439.0
2025-03-05 00:00:00,AA,6,1259,-19.0,-7.92,-5.0,-1.99,10.07,1653.0
2025-03-05 00:00:00,UA,16,963,-17.0,-7.03,-2.97,2.97,24.78,324.0
2025-03-05 00:00:00,AA,20,859,-27.0,-5.0,-0.99,15.96,47.95,825.0
2025-03-05 00:00:00,DL,23,191,-15.0,-7.03,-2.97,4.01,19.11,138.0
2025-03-05 00:00:00,UA,2,5,-13.0,-8.94,-8.94,-8.94,-8.94,16.0
2025-03-05 00:00:00,AA,1,4,-8.0,-7.92,-5.0,0.99,0.99,3.0
2025-03-05 00:00:00,AA,21,656,-20.0,-5.0,-0.99,13.07,50.91,480.0
2025-03-05 00:00:00,DL,21,611,-18.0,-5.99,-2.97,7.92,32.14,183.0
2025-03-05 00:00:00,WN,21,1043,-18.0,-5.99,-0.99,15.03,46.07,256.0
2025-03-05 00:00:00,DL,16,911,-18.0,-5.99,-0.99,12.06,40.05,874.0
2025-03-05 00:00:00,AA,19,1073,-27.0,-5.99,0.0,22.88,62.18,887.0
2025-03-05 00:00:00,AA,5,722,-15.0,-7.92,-5.0,-1.99,7.92,1743.0
2025-03-05 00:00:00,WN,17,1627,-16.0,-4.01,1.99,19.11,47.95,441.0
2025-03-05 00:00:00,DL,6,1286,-19.0,-7.92,-5.0,-0.99,5.99,389.0
2025-03-05 00:00:00,DL,13,1027,-21.0,-7.03,-2.97,5.99,34.82,655.0
2025-03-05 00:00:00,DL,15,1244,-20.0,-5.99,-0.99,12.06,47.95,962.0
2025-03-05 00:00:00,UA,13,925,-18.0,-5.99,-2.97,0.99,16.95,313.0
2025-03-05 00:00:00,WN,9,1577,-13.0,-5.0,-1.99,2.97,19.11,388.0
2025-03-05 00:00:00,DL,11,1356,-18.0,-5.99,-2.97,4.01,27.94,712.0
2025-03-05 00:00:00,AA,9,901,-15.0,-5.99,-2.97,4.01,30.27,1237.0
2025-03-12 00:00:00,AA,20,894,-14.0,-4.01,2.97,29.08,74.45,1125.0
2025-03-12 00:00:00,DL,13,1063,-26.0,-5.99,-0.99,16.95,64.72,1176.0
2025-03-12 00:00:00,WN,17,1623,-16.0,-1.99,7.03,30.27,71.53,457.0
2025-03-12 00:00:00,AA,21,616,-17.0,-4.01,1.99,30.27,74.45,1138.0
2025-03-12 00:00:00,DL,23,243,-18.0,-5.99,-0.99,15.96,44.26,534.0
2025-03-12 00:00:00,DL,21,638,-16.0,-4.01,0.0,22.88,62.18,816.0
2025-03-12 00:00:00,AA,19,1072,-21.0,-5.0,2.97,30.27,85.64,966.0
2025-03-12 00:00:00,WN,21,1168,-15.0,-1.99,10.91,41.68,82.28,333.0
2025-03-12 00:00:00,UA,13,947,-20.0,-5.0,-1.99,12.06,56.27,390.0
2025-03-12 00:00:00,UA,16,961,-16.0,-5.0,0.99,23.81,77.49,798.0
2025-03-12 00:00:00,DL,15,1227,-16.0,-5.0,0.0,21.98,67.36,1027.0
2025-03-12 00:00:00,DL,16,918,-19.0,-5.0,0.0,25.79,71.53,841.0
2025-03-12 00:00:00,AA,9,895,-17.0,-5.99,-2.97,5.0,36.24,630.0
2025-03-12 00:00:00,DL,11,1426,-18.0,-5.99,-0.99,10.07,45.15,415.0
2025-03-12 00:00:00,WN,9,1499,-12.0,-4.01,-0.99,5.99,23.81,317.0
2025-03-12 00:00:00,AA,5,766,-14.0,-7.92,-5.0,-1.99,8.94,1123.0
2025-03-12 00:00:00,DL,6,1293,-17.0,-7.03,-4.01,0.0,7.92,784.0
2025-03-12 00:00:00,AA,6,1300,-17.0,-7.03,-5.0,-0.99,13.07,2315.0
2025-03-19 00:00:00,AA,5,771,-21.0,-7.92,-5.0,-1.99,7.03,1633.0
2025-03-19 00:00:00,DL,15,1239,-21.0,-5.0,-1.99,8.94,40.86,483.0
2025-03-19 00:00:00,AA,19,1111,-19.0,-5.0,0.0,26.84,74.45,846.0
2025-03-19 00:00:00,DL,21,648,-18.0,-5.0,-1.99,7.92,30.88,835.0
2025-03-19 00:00:00,DL,23,245,-17.0,-7.03,-2.97,4.01,21.98,942.0
2025-03-19 00:00:00,WN,21,1182,-14.0,-5.0,0.0,13.87,40.86,208.0
2025-03-19 00:00:00,AA,20,896,-20.0,-4.01,0.0,21.98,63.44,811.0
2025-03-19 00:00:00,AA,21,614,-17.0,-4.01,0.99,19.11,56.27,1420.0
2025-03-19 00:00:00,DL,16,918,-25.0,-5.99,-1.99,12.06,36.97,453.0
2025-03-19 00:00:00,WN,17,1643,-15.0,-4.01,0.0,12.06,36.97,304.0
2025-03-19 00:00:00,UA,16,964,-19.0,-5.99,-1.99,8.94,44.26,333.0
2025-03-19 00:00:00,AA,6,1313,-16.0,-7.03,-5.0,-1.99,5.99,873.0
2025-03-19 00:00:00,DL,11,1436,-20.0,-5.99,-2.97,4.01,26.84,612.0
2025-03-19 00:00:00,UA,13,950,-20.0,-5.99,-2.97,2.97,24.78,710.0
2025-03-19 00:00:00,DL,13,1067,-20.0,-5.99,-2.97,4.01,30.27,420.0
2025-03-19 00:00:00,DL,6,1300,-24.0,-7.92,-5.0,-0.99,4.01,561.0
2025-03-19 00:00:00,WN,9,1513,-13.0,-4.01,-1.99,2.97,12.06,232.0
2025-03-19 00:00:00,AA,9,913,-16.0,-5.99,-2.97,1.99,19.89,1385.0
2025-03-26 00:00:00,AA,20,867,-20.0,-4.01,1.99,21.98,66.03,835.0
2025-03-26 00:00:00,AA,21,596,-20.0,-4.01,0.99,29.08,77.49,1112.0
2025-03-26 00:00:00,DL,21,642,-19.0,-5.0,-0.99,21.12,74.45,899.0
2025-03-26 00:00:00,WN,21,1159,-22.0,-4.01,4.01,27.94,85.64,410.0
2025-03-26 00:00:00,DL,23,247,-16.0,-5.99,-1.99,7.92,57.4,727.0
2025-03-26 00:00:00,AA,5,747,-19.0,-7.92,-5.99,-1.99,5.0,1061.0
2025-03-26 00:00:00,AA,6,1284,-17.0,-7.92,-5.0,-1.99,8.94,1703.0
2025-03-26 00:00:00,DL,6,1285,-22.0,-7.92,-5.0,-0.99,5.99,607.0
2025-03-26 00:00:00,WN,9,1509,-13.0,-4.01,-1.99,2.97,19.11,415.0
2025-03-26 00:00:00,AA,9,903,-21.0,-5.99,-2.97,1.99,24.78,1316.0
2025-03-26 00:00:00,DL,11,1425,-22.0,-5.99,-2.97,7.03,43.38,1171.0
2025-03-26 00:00:00,DL,13,1044,-20.0,-7.03,-2.97,8.94,47.0,590.0
2025-03-26 00:00:00,UA,13,908,-25.0,-5.99,-2.97,4.01,30.88,307.0
2025-03-26 00:00:00,DL,15,1237,-24.0,-5.0,-0.99,19.89,77.49,446.0
2025-03-26 00:00:00,DL,16,910,-20.0,-5.99,-0.99,19.89,87.37,1106.0
2025-03-26 00:00:00,UA,16,951,-22.0,-5.99,-0.99,13.87,71.53,1030.0
2025-03-26 00:00:00,WN,17,1626,-15.0,-2.97,5.0,24.78,83.94,414.0
2025-03-26 00:00:00,AA,19,1066,-23.0,-5.0,2.97,34.13,90.93,974.0
2025-04-02 00:00:00,AA,19,1041,-22.0,-4.01,12.06,49.9,108.86,908.0
2025-04-02 00:00:00,DL,23,259,-21.0,-7.03,-2.97,10.07,40.86,213.0
2025-04-02 00:00:00,DL,21,642,-16.0,-4.01,1.99,34.82,92.77,802.0
2025-04-02 00:00:00,AA,5,726,-16.0,-7.92,-5.0,-0.99,49.9,2144.0
2025-04-02 00:00:00,WN,21,1098,-16.0,-2.97,10.07,37.72,87.37,242.0
2025-04-02 00:00:00,DL,15,1259,-19.0,-5.0,0.0,27.94,87.37,1128.0
2025-04-02 00:00:00,AA,20,886,-25.0,-2.97,8.94,34.82,77.49,936.0
2025-04-02 00:00:00,AA,21,583,-14.0,-2.97,10.91,45.15,89.13,2364.0
2025-04-02 00:00:00,AA,1,4,-13.0,-13.0,-5.99,-4.01,-4.01,16.0
2025-04-02 00:00:00,WN,17,1670,-16.0,-1.99,7.92,32.79,80.65,346.0
2025-04-02 00:00:00,DL,16,895,-18.0,-4.01,4.01,34.82,87.37,1095.0
2025-04-02 00:00:00,UA,16,950,-16.0,-5.0,0.0,19.89,82.28,1072.0
2025-04-02 00:00:00,AA,6,1282,-17.0,-7.03,-4.01,0.0,32.79,1590.0
2025-04-02 00:00:00,UA,13,870,-14.0,-5.99,-1.99,7.92,47.95,448.0
2025-04-02 00:00:00,DL,11,1382,-17.0,-5.99,-1.99,13.07,46.07,737.0
2025-04-02 00:00:00,DL,13,1057,-22.0,-5.99,-0.99,19.11,57.4,561.0
2025-04-02 00:00:00,WN,9,1475,-15.0,-4.01,-0.99,7.03,23.81,462.0
2025-04-02 00:00:00,DL,6,1268,-18.0,-7.92,-5.0,-0.99,8.94,897.0
2025-04-02 00:00:00,AA,9,899,-14.0,-5.0,-1.99,12.06,48.91,2036.0
2025-04-09 00:00:00,DL,16,910,-19.0,-5.99,-1.99,8.94,34.82,1013.0
2025-04-09 00:00:00,DL,23,249,-24.0,-8.94,-5.0,0.0,15.96,718.0
2025-04-09 00:00:00,AA,21,604,-16.0,-5.0,-0.99,15.96,51.94,732.0
2025-04-09 00:00:00,AA,5,757,-17.0,-7.92,-5.99,-1.99,4.01,556.0
2025-04-09 00:00:00,WN,21,986,-17.0,-5.0,0.0,13.87,40.86,294.0
2025-04-09 00:00:00,AA,1,7,-16.0,-15.96,-8.94,-8.94,-5.0,10.0
2025-04-09 00:00:00,DL,21,658,-19.0,-5.99,-1.99,10.07,39.25,780.0
2025-04-09 00:00:00,AA,20,924,-23.0,-5.0,-0.99,15.03,45.15,660.0
2025-04-09 00:00:00,UA,16,963,-22.0,-7.03,-4.01,0.99,19.11,306.0
2025-04-09 00:00:00,WN,17,1675,-14.0,-2.97,0.99,13.07,34.82,256.0
2025-04-09 00:00:00,AA,19,1076,-20.0,-5.99,-0.99,19.11,57.4,1001.0
2025-04-09 00:00:00,DL,13,1064,-21.0,-7.03,-2.97,4.01,27.94,665.0
2025-04-09 00:00:00,AA,6,1338,-20.0,-7.92,-5.0,-1.99,2.97,1741.0
2025-04-09 00:00:00,UA,13,873,-15.0,-7.03,-4.01,0.0,15.03,470.0
2025-04-09 00:00:00,DL,15,1271,-25.0,-5.99,-1.99,7.92,30.88,538.0
2025-04-09 00:00:00,DL,11,1397,-20.0,-5.99,-2.97,2.97,22.88,1062.0
2025-04-09 00:00:00,DL,6,1290,-21.0,-7.92,-5.0,-0.99,5.0,791.0
2025-04-09 00:00:00,AA,9,933,-15.0,-5.99,-2.97,2.97,26.84,872.0
2025-04-09 00:00:00,WN,9,1531,-14.0,-5.0,-1.99,1.99,12.06,178.0
2025-04-16 00:00:00,UA,13,864,-19.0,-7.03,-4.01,5.0,52.99,474.0
2025-04-16 00:00:00,WN,21,981,-15.0,-4.01,1.99,24.78,63.44,278.0
2025-04-16 00:00:00,WN,17,1673,-16.0,-4.01,1.99,19.89,57.4,445.0
2025-04-16 00:00:00,AA,20,927,-19.0,-4.01,0.0,15.96,46.07,1550.0
2025-04-16 00:00:00,DL,21,657,-17.0,-5.99,-2.97,2.97,23.81,874.0
2025-04-16 00:00:00,DL,23,223,-18.0,-7.03,-2.97,5.0,24.78,545.0
2025-04-16 00:00:00,AA,21,601,-17.0,-5.0,-1.99,10.07,59.75,726.0
2025-04-16 00:00:00,AA,19,1071,-19.0,-5.0,-0.99,19.11,59.75,826.0
2025-04-16 00:00:00,AA,1,6,-13.0,-8.94,-7.03,-5.0,-4.01,2.0
2025-04-16 00:00:00,UA,16,953,-16.0,-7.03,-2.97,10.07,77.49,580.0
2025-04-16 00:00:00,DL,15,1315,-18.0,-5.99,-2.97,4.01,25.79,482.0
2025-04-16 00:00:00,DL,16,938,-23.0,-5.99,-2.97,5.99,26.84,272.0
2025-04-16 00:00:00,AA,5,742,-19.0,-7.92,-5.99,-1.99,10.07,1895.0
2025-04-16 00:00:00,DL,13,1046,-20.0,-7.03,-4.01,2.97,21.98,1138.0
2025-04-16 00:00:00,WN,9,1525,-13.0,-5.0,-1.99,2.97,16.95,310.0
2025-04-16 00:00:00,DL,11,1471,-22.0,-7.03,-4.01,0.99,19.11,382.0
2025-04-16 00:00:00,AA,9,924,-15.0,-5.99,-2.97,4.01,34.13,543.0
2025-04-16 00:00:00,AA,6,1329,-22.0,-7.03,-5.0,-1.99,15.96,1579.0
2025-04-16 00:00:00,DL,6,1305,-21.0,-7.92,-5.99,-1.99,5.0,932.0
2025-04-23 00:00:00,DL,15,1325,-19.0,-5.99,-1.99,5.0,25.79,531.0
2025-04-23 00:00:00,DL,23,224,-19.0,-7.03,-2.97,4.01,29.08,134.0
2025-04-23 00:00:00,AA,20,920,-28.0,-4.01,0.0,15.03,47.95,558.0
2025-04-23 00:00:00,WN,21,981,-13.0,-2.97,7.03,29.08,66.03,241.0
2025-04-23 00:00:00,DL,21,661,-16.0,-5.99,-1.99,10.91,40.86,623.0
2025-04-23 00:00:00,AA,21,599,-17.0,-4.01,-0.99,15.96,47.95,212.0
2025-04-23 00:00:00,AA,1,7,-13.0,-8.94,-5.99,-5.0,-2.97,11.0
2025-04-23 00:00:00,AA,19,1063,-20.0,-5.0,0.0,21.98,71.53,852.0
2025-04-23 00:00:00,WN,9,1518,-11.0,-4.01,-0.99,5.0,19.11,528.0
2025-04-23 00:00:00,DL,16,943,-17.0,-5.99,-1.99,5.99,26.84,881.0
2025-04-23 00:00:00,UA,16,953,-20.0,-5.99,-1.99,13.87,71.53,511.0
2025-04-23 00:00:00,WN,17,1672,-14.0,-1.99,5.99,25.79,57.4,370.0
2025-04-23 00:00:00,UA,13,866,-16.0,-5.99,-1.99,7.92,30.88,1349.0
2025-04-23 00:00:00,DL,11,1484,-23.0,-7.03,-4.01,0.99,19.11,655.0
2025-04-23 00:00:00,AA,5,752,-20.0,-7.92,-5.0,-1.99,19.11,730.0
2025-04-23 00:00:00,DL,13,1064,-24.0,-7.03,-2.97,4.01,23.81,1069.0
2025-04-23 00:00:00,AA,9,924,-15.0,-5.0,-2.97,5.0,32.14,358.0
2025-04-23 00:00:00,AA,6,1334,-18.0,-7.03,-5.0,-0.99,19.89,1634.0
2025-04-23 00:00:00,DL,6,1303,-20.0,-7.92,-5.99,-1.99,1.99,1052.0
2025-04-30 00:00:00,UA,16,139,-14.0,-5.99,-0.99,10.91,71.53,1055.0
2025-04-30 00:00:00,AA,21,77,-14.0,-4.01,0.0,24.78,100.49,515.0
2025-04-30 00:00:00,AA,19,133,-14.0,-4.01,5.99,63.44,135.65,686.0
2025-04-30 00:00:00,AA,20,115,-11.0,-2.97,5.0,21.98,80.65,264.0
2025-04-30 00:00:00,UA,13,124,-11.0,-5.99,-2.97,7.03,32.14,488.0
2025-04-30 00:00:00,DL,21,82,-11.0,-5.99,-2.97,5.99,39.25,200.0
2025-04-30 00:00:00,DL,13,152,-17.0,-7.03,-4.01,0.99,21.98,375.0
2025-04-30 00:00:00,DL,11,210,-17.0,-7.03,-5.0,0.0,12.06,584.0
2025-04-30 00:00:00,AA,5,102,-16.0,-8.94,-7.03,-4.01,4.01,95.0
2025-04-30 00:00:00,DL,6,189,-16.0,-8.94,-5.99,-2.97,0.0,295.0
2025-04-30 00:00:00,WN,17,239,-13.0,-0.99,7.03,30.27,111.06,305.0
2025-04-30 00:00:00,DL,23,27,-9.0,-5.99,-1.99,5.99,22.88,124.0
2025-04-30 00:00:00,AA,1,1,0.0,0.0,0.0,0.0,0.0,0.0
2025-04-30 00:00:00,DL,16,129,-15.0,-5.99,-2.97,5.0,27.94,288.0
2025-04-30 00:00:00,WN,9,188,-10.0,-4.01,-1.99,1.99,10.07,216.0
2025-04-30 00:00:00,AA,6,180,-17.0,-7.92,-5.99,-4.01,0.99,168.0
2025-04-30 00:00:00,WN,21,86,-10.0,0.0,16.95,40.86,92.77,270.0
2025-04-30 00:00:00,DL,15,183,-19.0,-5.99,-1.99,5.99,21.12,257.0
2025-04-30 00:00:00,AA,9,111,-11.0,-5.0,-1.99,7.03,47.95,583.0
