2025-01-01 00:00:00,AA,0,98,-11.0,-5.0,-0.99,8.94,30.88,122.0
2025-01-01 00:00:00,UA,0,56,-10.0,-4.01,0.99,13.87,40.05,125.0
2025-01-01 00:00:00,DL,8,1129,-19.0,-5.0,-1.99,2.97,23.81,772.0
2025-01-01 00:00:00,UA,10,754,-17.0,-4.01,0.0,13.87,47.0,301.0
2025-01-01 00:00:00,UA,18,959,-20.0,-2.97,4.01,25.79,71.53,1145.0
2025-01-01 00:00:00,WN,18,1638,-14.0,-0.99,10.07,32.14,63.44,366.0
2025-01-01 00:00:00,AA,10,939,-26.0,-5.0,-1.99,13.87,58.56,1559.0
2025-01-01 00:00:00,WN,19,1370,-17.0,-1.99,10.07,34.13,67.36,326.0
2025-01-01 00:00:00,DL,19,839,-22.0,-5.0,1.99,21.98,58.56,906.0
2025-01-01 00:00:00,UA,8,1183,-15.0,-5.0,-1.99,7.03,39.25,640.0
2025-01-01 00:00:00,WN,11,1577,-11.0,-1.99,1.99,13.87,46.07,351.0
2025-01-01 00:00:00,UA,21,363,-13.0,-2.97,5.99,30.88,64.72,729.0
2025-01-01 00:00:00,AA,22,559,-15.0,-4.01,1.99,19.89,64.72,953.0
2025-01-01 00:00:00,AA,12,940,-15.0,-4.01,0.99,21.98,75.95,1470.0
2025-01-01 00:00:00,UA,23,298,-12.0,-5.0,0.0,13.87,46.07,1124.0
2025-01-01 00:00:00,DL,7,1489,-26.0,-5.99,-2.97,1.99,19.89,911.0
2025-01-01 00:00:00,DL,9,842,-16.0,-5.0,-0.99,5.99,27.94,598.0
2025-01-01 00:00:00,DL,12,1043,-21.0,-5.0,-0.99,13.07,43.38,1113.0
2025-01-01 00:00:00,UA,12,781,-16.0,-4.01,-0.99,12.06,40.86,1154.0
2025-01-01 00:00:00,DL,10,945,-22.0,-5.99,-1.99,7.03,34.13,310.0
2025-01-01 00:00:00,WN,16,1549,-12.0,-0.99,10.07,27.94,62.18,489.0
2025-01-01 00:00:00,DL,18,977,-20.0,-5.0,0.0,16.95,55.15,947.0
2025-01-08 00:00:00,AA,0,44,-11.0,-5.99,-4.01,-0.99,2.97,45.0
2025-01-08 00:00:00,WN,11,1707,-14.0,-5.0,-1.99,4.01,19.11,558.0
2025-01-08 00:00:00,WN,18,1637,-16.0,-5.99,-0.99,8.94,27.94,408.0
2025-01-08 00:00:00,AA,22,405,-17.0,-7.03,-2.97,5.99,39.25,477.0
2025-01-08 00:00:00,UA,0,21,-11.0,-8.94,-5.99,-0.99,10.91,13.0
2025-01-08 00:00:00,UA,23,199,-20.0,-7.03,-4.01,1.99,19.11,594.0
2025-01-08 00:00:00,WN,19,920,-15.0,-5.99,-2.97,5.0,22.88,197.0
2025-01-08 00:00:00,UA,21,198,-18.0,-7.92,-4.01,5.99,34.82,250.0
2025-01-08 00:00:00,DL,19,705,-30.0,-5.99,0.0,24.78,80.65,995.0
2025-01-08 00:00:00,AA,12,818,-17.0,-5.0,0.0,15.03,58.56,2646.0
2025-01-08 00:00:00,WN,16,1434,-15.0,-5.0,-1.99,7.03,30.27,475.0
2025-01-08 00:00:00,UA,18,906,-24.0,-5.0,-0.99,8.94,39.25,210.0
2025-01-08 00:00:00,DL,18,875,-23.0,-5.99,0.0,24.78,90.93,1074.0
2025-01-08 00:00:00,DL,12,954,-21.0,-5.99,0.0,24.78,94.64,1114.0
2025-01-08 00:00:00,UA,12,898,-21.0,-5.99,-2.97,4.01,26.84,363.0
2025-01-08 00:00:00,DL,7,1432,-23.0,-7.03,-2.97,2.97,39.25,915.0
2025-01-08 00:00:00,AA,10,823,-14.0,-5.0,-1.99,10.91,45.15,1265.0
2025-01-08 00:00:00,UA,10,799,-17.0,-5.99,-2.97,2.97,27.94,691.0
2025-01-08 00:00:00,DL,10,858,-19.0,-5.0,-0.99,15.96,63.44,669.0
2025-01-08 00:00:00,DL,8,1026,-18.0,-5.0,-1.99,7.03,60.95,1048.0
2025-01-08 00:00:00,DL,9,770,-18.0,-5.99,-1.99,13.07,57.4,693.0
2025-01-08 00:00:00,UA,8,1217,-18.0,-7.03,-4.01,0.0,12.06,444.0
2025-01-15 00:00:00,AA,0,43,-15.0,-5.99,-2.97,0.0,7.03,559.0
2025-01-15 00:00:00,UA,10,793,-21.0,-5.99,-2.97,1.99,19.89,452.0
2025-01-15 00:00:00,UA,18,840,-50.0,-5.0,-1.99,5.99,24.78,338.0
2025-01-15 00:00:00,UA,21,189,-13.0,-7.03,-4.01,5.0,30.27,255.0
2025-01-15 00:00:00,UA,23,198,-14.0,-7.03,-4.01,1.99,16.95,185.0
2025-01-15 00:00:00,AA,22,436,-18.0,-5.99,-2.97,5.0,32.14,1447.0
2025-01-15 00:00:00,WN,18,1522,-15.0,-5.0,0.0,12.06,37.72,317.0
2025-01-15 00:00:00,DL,19,786,-22.0,-5.0,0.0,24.78,89.13,980.0
2025-01-15 00:00:00,WN,19,1197,-16.0,-5.0,0.0,12.06,41.68,173.0
2025-01-15 00:00:00,WN,11,1653,-15.0,-5.0,-0.99,5.0,21.98,277.0
2025-01-15 00:00:00,UA,12,868,-28.0,-5.99,-2.97,1.99,19.11,346.0
2025-01-15 00:00:00,DL,18,906,-27.0,-5.99,-0.99,15.03,60.95,1041.0
2025-01-15 00:00:00,WN,16,1452,-16.0,-4.01,0.0,12.06,36.24,348.0
2025-01-15 00:00:00,AA,12,900,-18.0,-5.0,-1.99,5.99,30.27,348.0
2025-01-15 00:00:00,DL,12,1095,-20.0,-5.99,-1.99,7.03,30.88,1104.0
2025-01-15 00:00:00,UA,0,19,-12.0,-8.94,-5.99,0.0,10.07,80.0
2025-01-15 00:00:00,DL,9,847,-19.0,-5.99,-2.97,4.01,25.79,302.0
2025-01-15 00:00:00,DL,10,972,-21.0,-5.99,-2.97,5.99,30.88,508.0
2025-01-15 00:00:00,AA,10,916,-15.0,-5.0,-1.99,2.97,22.88,507.0
2025-01-15 00:00:00,DL,7,1500,-21.0,-5.99,-2.97,0.99,15.96,894.0
2025-01-15 00:00:00,UA,8,1205,-17.0,-5.99,-4.01,0.0,10.91,467.0
2025-01-15 00:00:00,DL,8,1131,-20.0,-5.99,-2.97,0.99,15.03,344.0
2025-01-22 00:00:00,DL,7,1536,-20.0,-7.03,-4.01,0.0,17.99,677.0
2025-01-22 00:00:00,AA,12,907,-17.0,-5.99,-1.99,5.99,29.08,1489.0
2025-01-22 00:00:00,WN,19,942,-14.0,-5.99,-2.97,5.0,22.88,259.0
2025-01-22 00:00:00,UA,23,198,-19.0,-8.94,-5.0,-1.99,13.87,702.0
2025-01-22 00:00:00,AA,0,44,-14.0,-7.03,-4.01,-0.99,5.0,242.0
2025-01-22 00:00:00,UA,0,19,-13.0,-7.03,-1.99,4.01,16.95,43.0
2025-01-22 00:00:00,DL,19,942,-28.0,-7.03,-2.97,13.07,49.9,1107.0
2025-01-22 00:00:00,AA,22,461,-20.0,-7.03,-4.01,4.01,24.78,472.0
2025-01-22 00:00:00,UA,21,197,-21.0,-8.94,-5.0,-0.99,10.91,111.0
2025-01-22 00:00:00,DL,12,1138,-21.0,-5.99,-2.97,8.94,54.06,396.0
2025-01-22 00:00:00,UA,18,909,-20.0,-7.03,-4.01,4.01,24.78,273.0
2025-01-22 00:00:00,DL,18,1016,-29.0,-7.92,-2.97,7.92,46.07,892.0
2025-01-22 00:00:00,WN,18,1670,-18.0,-5.99,-2.97,4.01,21.12,232.0
2025-01-22 00:00:00,UA,12,890,-17.0,-7.03,-2.97,1.99,24.78,396.0
2025-01-22 00:00:00,WN,16,1460,-14.0,-5.99,-1.99,5.0,25.79,341.0
2025-01-22 00:00:00,DL,8,1162,-19.0,-5.99,-4.01,0.99,32.79,620.0
2025-01-22 00:00:00,DL,10,1006,-25.0,-7.03,-2.97,8.94,49.9,504.0
2025-01-22 00:00:00,WN,11,1733,-15.0,-5.0,-1.99,2.97,15.03,254.0
2025-01-22 00:00:00,UA,10,798,-16.0,-7.03,-4.01,0.99,19.89,327.0
2025-01-22 00:00:00,UA,8,1217,-18.0,-7.03,-5.0,-0.99,10.91,617.0
2025-01-22 00:00:00,AA,10,918,-16.0,-5.99,-2.97,1.99,25.79,3298.0
2025-01-22 00:00:00,DL,9,844,-16.0,-5.99,-2.97,2.97,25.79,281.0
2025-01-29 00:00:00,AA,0,43,-18.0,-7.03,-4.01,-0.99,5.0,63.0
2025-01-29 00:00:00,UA,10,806,-18.0,-7.03,-4.01,1.99,24.78,334.0
2025-01-29 00:00:00,WN,18,1683,-15.0,-5.99,-2.97,4.01,21.98,243.0
2025-01-29 00:00:00,UA,21,192,-18.0,-8.94,-5.99,0.0,12.06,206.0
2025-01-29 00:00:00,UA,23,199,-16.0,-8.94,-4.01,2.97,19.89,129.0
2025-01-29 00:00:00,AA,22,460,-20.0,-7.03,-4.01,1.99,26.84,431.0
2025-01-29 00:00:00,UA,18,917,-23.0,-7.03,-2.97,5.0,30.88,234.0
2025-01-29 00:00:00,WN,19,931,-15.0,-5.99,-2.97,5.0,23.81,220.0
2025-01-29 00:00:00,DL,19,879,-25.0,-7.92,-4.01,4.01,25.79,959.0
2025-01-29 00:00:00,WN,11,1761,-14.0,-5.0,-2.97,1.99,13.07,274.0
2025-01-29 00:00:00,UA,12,910,-23.0,-7.03,-4.01,1.99,24.78,539.0
2025-01-29 00:00:00,DL,18,1001,-25.0,-7.92,-4.01,5.0,27.94,1078.0
2025-01-29 00:00:00,WN,16,1467,-15.0,-5.99,-1.99,4.01,21.98,350.0
2025-01-29 00:00:00,AA,12,903,-16.0,-5.99,-2.97,2.97,27.94,216.0
2025-01-29 00:00:00,DL,12,1150,-22.0,-7.92,-4.01,0.99,21.12,478.0
2025-01-29 00:00:00,UA,0,21,-11.0,-7.03,-4.01,-0.99,4.01,58.0
2025-01-29 00:00:00,DL,9,860,-17.0,-7.03,-4.01,0.0,13.07,635.0
2025-01-29 00:00:00,DL,10,1032,-26.0,-7.92,-5.0,-0.99,13.87,706.0
2025-01-29 00:00:00,AA,10,918,-17.0,-5.99,-2.97,0.99,15.96,338.0
2025-01-29 00:00:00,DL,7,1529,-19.0,-7.03,-4.01,-0.99,8.94,998.0
2025-01-29 00:00:00,UA,8,1225,-18.0,-7.92,-5.0,-0.99,7.92,464.0
2025-01-29 00:00:00,DL,8,1192,-22.0,-7.03,-5.0,-0.99,13.07,675.0
2025-02-05 00:00:00,AA,0,43,-11.0,-5.99,-4.01,-1.99,0.99,99.0
2025-02-05 00:00:00,WN,11,1686,-15.0,-5.0,-1.99,4.01,17.99,258.0
2025-02-05 00:00:00,WN,18,1591,-14.0,-5.0,-0.99,10.91,39.25,283.0
2025-02-05 00:00:00,AA,22,454,-18.0,-5.99,-4.01,0.99,19.11,685.0
2025-02-05 00:00:00,UA,0,23,-9.0,-7.03,-1.99,0.0,43.38,98.0
2025-02-05 00:00:00,UA,23,196,-15.0,-7.92,-5.0,1.99,17.99,329.0
2025-02-05 00:00:00,WN,19,1222,-19.0,-5.0,-0.99,12.06,39.25,261.0
2025-02-05 00:00:00,UA,21,189,-19.0,-7.03,-2.97,5.99,63.44,736.0
2025-02-05 00:00:00,DL,19,826,-26.0,-7.92,-2.97,5.99,34.82,900.0
2025-02-05 00:00:00,AA,12,905,-18.0,-5.0,-1.99,5.0,27.94,2700.0
2025-02-05 00:00:00,WN,16,1515,-17.0,-5.0,-0.99,8.94,32.79,302.0
2025-02-05 00:00:00,UA,18,909,-28.0,-5.99,-1.99,7.92,40.86,359.0
2025-02-05 00:00:00,DL,18,961,-25.0,-7.92,-2.97,5.0,32.14,1173.0
2025-02-05 00:00:00,DL,12,1135,-22.0,-7.03,-2.97,5.0,30.88,1118.0
2025-02-05 00:00:00,UA,12,913,-19.0,-5.99,-2.97,7.03,43.38,651.0
2025-02-05 00:00:00,DL,7,1505,-17.0,-7.03,-4.01,0.0,7.92,914.0
2025-02-05 00:00:00,AA,10,934,-16.0,-5.99,-2.97,1.99,21.12,547.0
2025-02-05 00:00:00,UA,10,820,-18.0,-5.99,-2.97,4.01,34.13,298.0
2025-02-05 00:00:00,DL,10,1020,-19.0,-7.03,-4.01,0.99,22.88,311.0
2025-02-05 00:00:00,DL,8,1180,-20.0,-7.03,-4.01,0.0,15.96,324.0
2025-02-05 00:00:00,DL,9,859,-15.0,-7.03,-4.01,0.0,15.96,355.0
2025-02-05 00:00:00,UA,8,1245,-22.0,-7.03,-5.0,-0.99,15.96,497.0
2025-02-12 00:00:00,UA,0,21,-10.0,-7.03,-1.99,10.91,36.97,109.0
2025-02-12 00:00:00,WN,11,1568,-15.0,-2.97,0.99,16.95,51.94,571.0
2025-02-12 00:00:00,WN,18,1505,-21.0,-0.99,13.07,41.68,94.64,515.0
2025-02-12 00:00:00,AA,22,569,-17.0,-2.97,4.01,25.79,79.05,1233.0
2025-02-12 00:00:00,AA,0,67,-12.0,-5.99,-1.99,12.06,30.88,485.0
2025-02-12 00:00:00,UA,23,216,-14.0,-5.99,-1.99,12.06,34.13,206.0
2025-02-12 00:00:00,WN,19,1552,-15.0,-1.99,10.91,44.26,98.5,421.0
2025-02-12 00:00:00,UA,21,256,-15.0,-2.97,8.94,41.68,96.55,681.0
2025-02-12 00:00:00,DL,19,915,-27.0,-0.99,15.96,55.15,117.93,988.0
2025-02-12 00:00:00,AA,12,921,-13.0,-4.01,0.99,21.12,62.18,1377.0
2025-02-12 00:00:00,WN,16,1500,-15.0,-0.99,10.07,34.82,92.77,516.0
2025-02-12 00:00:00,UA,18,979,-18.0,-2.97,5.0,40.05,104.6,1000.0
2025-02-12 00:00:00,DL,18,990,-17.0,-0.99,15.03,49.9,108.86,1000.0
2025-02-12 00:00:00,DL,12,1179,-16.0,-2.97,5.0,34.13,82.28,1160.0
2025-02-12 00:00:00,UA,12,834,-16.0,-4.01,0.0,17.99,67.36,540.0
2025-02-12 00:00:00,DL,7,1539,-19.0,-5.0,-1.99,5.99,34.13,877.0
2025-02-12 00:00:00,AA,10,953,-13.0,-4.01,-0.99,13.07,43.38,518.0
2025-02-12 00:00:00,UA,10,850,-16.0,-5.0,-0.99,10.91,50.91,496.0
2025-02-12 00:00:00,DL,10,1019,-17.0,-4.01,1.99,24.78,63.44,442.0
2025-02-12 00:00:00,DL,8,1176,-17.0,-5.0,0.0,13.87,50.91,913.0
2025-02-12 00:00:00,DL,9,870,-21.0,-4.01,0.0,19.11,58.56,796.0
2025-02-12 00:00:00,UA,8,1279,-17.0,-5.99,-2.97,2.97,32.79,503.0
2025-02-19 00:00:00,AA,0,70,-11.0,-5.99,-4.01,0.99,13.87,231.0
2025-02-19 00:00:00,WN,11,1628,-15.0,-4.01,-0.99,5.99,23.81,244.0
2025-02-19 00:00:00,WN,18,1619,-14.0,-5.0,-0.99,10.07,29.08,244.0
2025-02-19 00:00:00,AA,22,551,-18.0,-5.99,-1.99,13.87,46.07,1105.0
2025-02-19 00:00:00,UA,0,20,-12.0,-7.92,-5.0,0.0,19.11,24.0
2025-02-19 00:00:00,UA,23,221,-20.0,-8.94,-5.99,-0.99,10.07,289.0
2025-02-19 00:00:00,WN,19,1489,-17.0,-5.0,-0.99,13.07,34.82,231.0
2025-02-19 00:00:00,UA,21,266,-16.0,-7.92,-4.01,2.97,21.12,142.0
2025-02-19 00:00:00,DL,19,987,-25.0,-7.03,-1.99,12.06,37.72,925.0
2025-02-19 00:00:00,DL,12,1221,-20.0,-5.99,-1.99,7.03,30.88,1046.0
2025-02-19 00:00:00,WN,16,1507,-14.0,-4.01,0.0,12.06,32.14,321.0
2025-02-19 00:00:00,UA,18,994,-19.0,-5.99,-2.97,5.0,27.94,786.0
2025-02-19 00:00:00,DL,18,1039,-30.0,-7.03,-1.99,12.06,40.05,822.0
2025-02-19 00:00:00,UA,12,833,-17.0,-5.99,-2.97,1.99,16.95,408.0
2025-02-19 00:00:00,AA,12,920,-17.0,-5.0,-0.99,15.03,50.91,1200.0
2025-02-19 00:00:00,DL,7,1596,-20.0,-5.99,-2.97,0.0,12.06,848.0
2025-02-19 00:00:00,AA,10,960,-16.0,-5.0,-1.99,7.92,46.07,616.0
2025-02-19 00:00:00,UA,10,866,-18.0,-5.99,-4.01,0.0,15.96,441.0
2025-02-19 00:00:00,DL,10,1069,-23.0,-7.03,-2.97,2.97,27.94,564.0
2025-02-19 00:00:00,DL,8,1206,-17.0,-5.99,-2.97,0.99,15.96,264.0
2025-02-19 00:00:00,DL,9,868,-20.0,-5.99,-2.97,2.97,23.81,290.0
2025-02-19 00:00:00,UA,8,1299,-14.0,-7.03,-4.01,-0.99,12.06,581.0
2025-02-26 00:00:00,AA,0,71,-14.0,-7.92,-5.0,-1.99,5.0,85.0
2025-02-26 00:00:00,UA,10,867,-17.0,-7.03,-4.01,-0.99,8.94,263.0
2025-02-26 00:00:00,UA,18,990,-28.0,-7.03,-4.01,1.99,23.81,671.0
2025-02-26 00:00:00,UA,21,268,-19.0,-7.92,-4.01,0.99,13.87,177.0
2025-02-26 00:00:00,UA,23,223,-16.0,-8.94,-5.0,-1.99,5.99,109.0
2025-02-26 00:00:00,AA,22,557,-13.0,-5.0,-1.99,8.94,36.24,1217.0
2025-02-26 00:00:00,WN,18,1596,-13.0,-5.0,-0.99,8.94,32.14,280.0
2025-02-26 00:00:00,DL,19,990,-27.0,-7.92,-2.97,4.01,25.79,261.0
2025-02-26 00:00:00,WN,19,1460,-18.0,-5.0,-0.99,10.91,34.13,244.0
2025-02-26 00:00:00,WN,11,1593,-14.0,-5.0,-1.99,2.97,15.96,394.0
2025-02-26 00:00:00,UA,12,829,-15.0,-7.03,-4.01,0.0,15.03,481.0
2025-02-26 00:00:00,DL,18,1036,-30.0,-7.03,-2.97,5.99,36.24,1021.0
2025-02-26 00:00:00,WN,16,1494,-15.0,-4.01,0.0,10.07,32.79,356.0
2025-02-26 00:00:00,DL,12,1212,-21.0,-7.03,-4.01,0.0,16.95,504.0
2025-02-26 00:00:00,AA,12,920,-16.0,-5.0,-1.99,5.99,36.24,1447.0
2025-02-26 00:00:00,UA,0,20,-14.0,-8.94,-5.99,-2.97,-1.99,2.0
2025-02-26 00:00:00,DL,9,865,-19.0,-7.03,-4.01,-0.99,10.07,849.0
2025-02-26 00:00:00,DL,10,1062,-21.0,-7.03,-5.0,-0.99,13.07,817.0
2025-02-26 00:00:00,AA,10,950,-15.0,-5.99,-2.97,1.99,23.81,1299.0
2025-02-26 00:00:00,DL,7,1596,-18.0,-7.03,-5.0,-0.99,5.99,629.0
2025-02-26 00:00:00,UA,8,1295,-19.0,-7.92,-5.0,-1.99,5.99,1094.0
2025-02-26 00:00:00,DL,8,1203,-26.0,-7.03,-5.0,-0.99,7.92,599.0
2025-03-05 00:00:00,AA,0,82,-19.0,-7.92,-5.99,-2.97,0.0,468.0
2025-03-05 00:00:00,UA,10,873,-23.0,-7.03,-4.01,0.0,19.11,291.0
2025-03-05 00:00:00,WN,18,1649,-15.0,-4.01,0.99,16.95,44.26,241.0
2025-03-05 00:00:00,UA,21,374,-19.0,-7.03,-4.01,5.99,32.79,285.0
2025-03-05 00:00:00,UA,23,271,-24.0,-10.07,-7.03,-2.97,5.0,435.0
2025-03-05 00:00:00,AA,22,679,-18.0,-5.99,-1.99,12.06,43.38,641.0
2025-03-05 00:00:00,DL,18,1061,-32.0,-7.03,-1.99,13.87,48.91,790.0
2025-03-05 00:00:00,DL,19,1010,-30.0,-7.03,-0.99,21.12,63.44,767.0
2025-03-05 00:00:00,WN,19,1534,-20.0,-5.0,-0.99,15.03,39.25,285.0
2025-03-05 00:00:00,WN,11,1608,-15.0,-4.01,-0.99,7.03,26.84,296.0
2025-03-05 00:00:00,UA,12,861,-17.0,-7.03,-4.01,0.99,17.99,283.0
2025-03-05 00:00:00,UA,18,1009,-21.0,-5.99,-2.97,7.03,39.25,292.0
2025-03-05 00:00:00,WN,16,1562,-13.0,-4.01,0.99,16.95,45.15,303.0
2025-03-05 00:00:00,AA,12,976,-17.0,-5.0,-0.99,10.91,47.0,561.0
2025-03-05 00:00:00,DL,12,1183,-18.0,-7.03,-2.97,5.99,30.88,327.0
2025-03-05 00:00:00,UA,0,49,-15.0,-7.92,-5.0,0.0,12.06,103.0
2025-03-05 00:00:00,DL,9,889,-22.0,-5.99,-2.97,0.0,17.99,324.0
2025-03-05 00:00:00,DL,10,1076,-20.0,-7.03,-4.01,2.97,22.88,278.0
2025-03-05 00:00:00,AA,10,943,-13.0,-5.0,-1.99,5.0,27.94,645.0
2025-03-05 00:00:00,DL,7,1629,-21.0,-7.03,-4.01,-0.99,10.07,656.0
2025-03-05 00:00:00,UA,8,1209,-16.0,-7.92,-5.0,-1.99,7.92,254.0
2025-03-05 00:00:00,DL,8,1223,-18.0,-7.03,-4.01,0.0,15.03,784.0
2025-03-12 00:00:00,AA,0,69,-15.0,-7.03,-4.01,1.99,37.72,793.0
2025-03-12 00:00:00,WN,11,1588,-14.0,-2.97,0.0,10.91,36.24,580.0
2025-03-12 00:00:00,WN,18,1611,-14.0,-1.99,7.92,34.82,77.49,386.0
2025-03-12 00:00:00,AA,22,707,-15.0,-5.0,0.0,16.95,52.99,666.0
2025-03-12 00:00:00,UA,0,44,-13.0,-7.03,-0.99,10.91,27.94,138.0
2025-03-12 00:00:00,UA,23,294,-20.0,-7.03,-1.99,7.92,30.27,154.0
2025-03-12 00:00:00,WN,19,1664,-17.0,-2.97,7.03,34.13,75.95,406.0
2025-03-12 00:00:00,UA,21,390,-14.0,-4.01,0.99,17.99,60.95,475.0
2025-03-12 00:00:00,DL,19,1001,-19.0,-5.99,0.0,23.81,80.65,918.0
2025-03-12 00:00:00,AA,12,957,-20.0,-4.01,0.0,17.99,68.72,631.0
2025-03-12 00:00:00,WN,16,1592,-13.0,-1.99,5.0,27.94,64.72,437.0
2025-03-12 00:00:00,UA,18,1009,-20.0,-5.0,0.0,25.79,85.64,1047.0
2025-03-12 00:00:00,DL,18,1113,-22.0,-5.0,0.99,30.88,74.45,681.0
2025-03-12 00:00:00,DL,12,1137,-17.0,-5.99,-1.99,13.87,50.91,408.0
2025-03-12 00:00:00,UA,12,849,-16.0,-5.99,-1.99,10.91,66.03,647.0
2025-03-12 00:00:00,DL,7,1673,-17.0,-7.03,-2.97,0.0,13.07,834.0
2025-03-12 00:00:00,AA,10,952,-14.0,-5.0,-0.99,7.92,34.82,510.0
2025-03-12 00:00:00,UA,10,879,-23.0,-5.99,-1.99,12.06,60.95,591.0
2025-03-12 00:00:00,DL,10,1085,-20.0,-5.99,-1.99,5.99,36.24,325.0
2025-03-12 00:00:00,DL,8,1241,-16.0,-5.99,-4.01,0.99,22.88,514.0
2025-03-12 00:00:00,DL,9,929,-17.0,-5.99,-2.97,7.03,36.24,810.0
2025-03-12 00:00:00,UA,8,1168,-17.0,-7.03,-4.01,0.99,27.94,480.0
2025-03-19 00:00:00,AA,0,67,-20.0,-5.99,-4.01,-0.99,10.91,65.0
2025-03-19 00:00:00,WN,11,1597,-15.0,-4.01,-0.99,5.0,16.95,301.0
2025-03-19 00:00:00,WN,18,1622,-16.0,-4.01,0.0,12.06,32.14,252.0
2025-03-19 00:00:00,AA,22,712,-20.0,-5.0,-0.99,15.03,43.38,699.0
2025-03-19 00:00:00,UA,0,44,-20.0,-5.99,-0.99,7.92,21.12,112.0
2025-03-19 00:00:00,UA,23,295,-16.0,-7.92,-4.01,0.99,16.95,475.0
2025-03-19 00:00:00,DL,19,1020,-23.0,-5.99,-0.99,17.99,48.91,939.0
2025-03-19 00:00:00,UA,21,392,-20.0,-5.99,-1.99,10.91,41.68,184.0
2025-03-19 00:00:00,WN,19,1668,-21.0,-5.0,-0.99,10.07,34.82,269.0
2025-03-19 00:00:00,DL,12,1139,-19.0,-5.99,-2.97,5.0,25.79,531.0
2025-03-19 00:00:00,WN,16,1607,-15.0,-4.01,0.0,8.94,26.84,283.0
2025-03-19 00:00:00,UA,18,1007,-19.0,-5.99,-1.99,8.94,46.07,853.0
2025-03-19 00:00:00,DL,18,1121,-24.0,-7.03,-1.99,8.94,41.68,313.0
2025-03-19 00:00:00,AA,12,984,-18.0,-5.0,-1.99,10.91,45.15,1217.0
2025-03-19 00:00:00,UA,12,854,-22.0,-7.03,-4.01,1.99,25.79,423.0
2025-03-19 00:00:00,DL,7,1687,-16.0,-7.03,-4.01,0.0,10.91,778.0
2025-03-19 00:00:00,AA,10,963,-15.0,-5.0,-1.99,5.0,30.27,621.0
2025-03-19 00:00:00,UA,10,875,-22.0,-7.03,-4.01,0.99,19.11,399.0
2025-03-19 00:00:00,DL,10,1089,-20.0,-7.03,-2.97,1.99,19.89,416.0
2025-03-19 00:00:00,DL,8,1245,-17.0,-7.03,-4.01,-0.99,12.06,565.0
2025-03-19 00:00:00,DL,9,938,-16.0,-5.99,-2.97,0.99,19.11,844.0
2025-03-19 00:00:00,UA,8,1178,-18.0,-7.92,-5.0,-0.99,12.06,327.0
2025-03-26 00:00:00,AA,12,985,-24.0,-4.01,-0.99,15.03,55.15,1170.0
2025-03-26 00:00:00,DL,12,1125,-17.0,-5.99,-2.97,7.03,45.15,578.0
2025-03-26 00:00:00,UA,12,826,-23.0,-7.03,-4.01,2.97,27.94,359.0
2025-03-26 00:00:00,WN,16,1596,-13.0,-2.97,4.01,21.98,64.72,646.0
2025-03-26 00:00:00,DL,18,1103,-22.0,-5.99,-0.99,22.88,85.64,1094.0
2025-03-26 00:00:00,UA,18,970,-18.0,-5.99,-0.99,21.12,92.77,847.0
2025-03-26 00:00:00,WN,18,1603,-15.0,-4.01,2.97,24.78,71.53,453.0
2025-03-26 00:00:00,WN,19,1651,-15.0,-4.01,1.99,25.79,80.65,430.0
2025-03-26 00:00:00,UA,21,387,-16.0,-5.99,-0.99,21.12,67.36,411.0
2025-03-26 00:00:00,AA,22,678,-15.0,-5.0,0.0,17.99,48.91,1406.0
2025-03-26 00:00:00,AA,0,65,-12.0,-5.99,-2.97,2.97,39.25,487.0
2025-03-26 00:00:00,UA,0,49,-13.0,-5.99,-2.97,0.99,22.88,590.0
2025-03-26 00:00:00,DL,7,1656,-19.0,-7.03,-4.01,0.0,13.87,822.0
2025-03-26 00:00:00,DL,8,1234,-19.0,-7.03,-4.01,0.0,19.11,758.0
2025-03-26 00:00:00,UA,23,282,-17.0,-7.03,-2.97,7.92,40.86,271.0
2025-03-26 00:00:00,UA,8,1148,-18.0,-7.03,-5.0,-0.99,13.87,451.0
2025-03-26 00:00:00,DL,9,935,-15.0,-5.99,-2.97,2.97,25.79,640.0
2025-03-26 00:00:00,DL,19,988,-20.0,-5.99,0.99,30.88,102.52,927.0
2025-03-26 00:00:00,DL,10,1067,-19.0,-7.03,-4.01,1.99,29.08,445.0
2025-03-26 00:00:00,UA,10,880,-16.0,-5.99,-2.97,2.97,27.94,195.0
2025-03-26 00:00:00,AA,10,960,-18.0,-5.0,-1.99,7.03,39.25,556.0
2025-03-26 00:00:00,WN,11,1592,-17.0,-4.01,-0.99,7.92,27.94,489.0
2025-04-02 00:00:00,DL,10,1052,-20.0,-5.99,-2.97,10.07,45.15,418.0
2025-04-02 00:00:00,WN,16,1609,-15.0,-1.99,5.99,30.88,75.95,325.0
2025-04-02 00:00:00,UA,12,829,-15.0,-5.99,-2.97,5.99,37.72,722.0
2025-04-02 00:00:00,UA,10,885,-16.0,-5.99,-2.97,2.97,32.14,426.0
2025-04-02 00:00:00,AA,12,986,-20.0,-4.01,0.99,29.08,82.28,1242.0
2025-04-02 00:00:00,UA,0,53,-14.0,-7.92,-4.01,-0.99,4.01,60.0
2025-04-02 00:00:00,DL,12,1126,-19.0,-5.0,-0.99,15.96,56.27,677.0
2025-04-02 00:00:00,DL,18,1091,-22.0,-5.0,4.01,36.97,89.13,438.0
2025-04-02 00:00:00,WN,18,1664,-14.0,-2.97,7.03,32.14,77.49,390.0
2025-04-02 00:00:00,UA,18,923,-20.0,-5.99,0.0,22.88,74.45,1093.0
2025-04-02 00:00:00,AA,0,58,-14.0,-7.03,-4.01,4.01,21.98,168.0
2025-04-02 00:00:00,DL,19,1019,-28.0,-5.0,4.01,45.15,108.86,907.0
2025-04-02 00:00:00,WN,19,1641,-18.0,-4.01,4.01,32.79,80.65,354.0
2025-04-02 00:00:00,UA,21,368,-18.0,-7.03,-2.97,10.91,54.06,190.0
2025-04-02 00:00:00,AA,22,712,-19.0,-4.01,5.0,30.88,77.49,1427.0
2025-04-02 00:00:00,DL,7,1691,-21.0,-7.03,-4.01,0.99,23.81,1040.0
2025-04-02 00:00:00,UA,23,243,-19.0,-7.92,-4.01,1.99,21.98,103.0
2025-04-02 00:00:00,WN,11,1585,-15.0,-2.97,0.99,13.07,40.86,471.0
2025-04-02 00:00:00,DL,8,1220,-20.0,-5.99,-4.01,0.99,17.99,653.0
2025-04-02 00:00:00,DL,9,930,-16.0,-5.99,-1.99,5.99,32.79,813.0
2025-04-02 00:00:00,UA,8,1120,-18.0,-7.03,-4.01,-0.99,15.96,992.0
2025-04-02 00:00:00,AA,10,1003,-21.0,-5.0,0.0,19.11,64.72,1326.0
2025-04-09 00:00:00,UA,12,828,-18.0,-7.03,-4.01,-0.99,7.92,346.0
2025-04-09 00:00:00,AA,0,59,-18.0,-8.94,-5.99,-1.99,13.07,181.0
2025-04-09 00:00:00,DL,19,1037,-24.0,-5.99,-1.99,12.06,47.0,465.0
2025-04-09 00:00:00,UA,0,53,-16.0,-7.92,-5.99,-1.99,0.0,97.0
2025-04-09 00:00:00,UA,23,245,-18.0,-8.94,-5.0,-1.99,8.94,141.0
2025-04-09 00:00:00,UA,21,375,-20.0,-7.03,-5.0,1.99,21.98,125.0
2025-04-09 00:00:00,AA,22,751,-20.0,-5.0,-1.99,12.06,40.86,722.0
2025-04-09 00:00:00,WN,18,1836,-14.0,-4.01,0.0,12.06,32.79,289.0
2025-04-09 00:00:00,WN,16,1601,-15.0,-4.01,0.0,12.06,30.27,354.0
2025-04-09 00:00:00,WN,19,1653,-15.0,-4.01,0.0,13.87,36.24,317.0
2025-04-09 00:00:00,DL,18,1102,-25.0,-5.99,-1.99,8.94,37.72,337.0
2025-04-09 00:00:00,UA,18,937,-22.0,-7.03,-4.01,2.97,25.79,280.0
2025-04-09 00:00:00,UA,10,896,-17.0,-7.03,-4.01,-0.99,12.06,519.0
2025-04-09 00:00:00,DL,7,1682,-18.0,-7.03,-4.01,-0.99,8.94,605.0
2025-04-09 00:00:00,WN,11,1602,-12.0,-4.01,-0.99,5.99,21.98,189.0
2025-04-09 00:00:00,DL,12,1156,-20.0,-5.99,-2.97,5.0,27.94,554.0
2025-04-09 00:00:00,AA,12,1018,-14.0,-5.0,-1.99,5.99,32.79,1859.0
2025-04-09 00:00:00,DL,8,1246,-19.0,-7.03,-4.01,0.0,10.07,478.0
2025-04-09 00:00:00,AA,10,1082,-17.0,-5.0,-1.99,5.0,29.08,369.0
2025-04-09 00:00:00,DL,10,1060,-17.0,-7.03,-4.01,0.0,13.87,453.0
2025-04-09 00:00:00,UA,8,1126,-16.0,-7.92,-5.0,-1.99,5.0,434.0
2025-04-09 00:00:00,DL,9,943,-18.0,-7.03,-4.01,0.0,16.95,343.0
2025-04-16 00:00:00,AA,10,1081,-18.0,-5.0,-1.99,10.07,44.26,573.0
2025-04-16 00:00:00,UA,21,375,-24.0,-5.99,-1.99,13.07,52.99,237.0
2025-04-16 00:00:00,UA,18,931,-20.0,-5.0,-0.99,15.03,71.53,943.0
2025-04-16 00:00:00,AA,0,58,-16.0,-7.03,-4.01,0.0,15.96,60.0
2025-04-16 00:00:00,AA,22,752,-21.0,-5.99,-1.99,7.92,34.82,713.0
2025-04-16 00:00:00,UA,23,244,-18.0,-7.92,-4.01,2.97,19.11,542.0
2025-04-16 00:00:00,DL,19,1074,-25.0,-7.03,-1.99,8.94,36.24,817.0
2025-04-16 00:00:00,WN,18,1831,-17.0,-4.01,0.99,16.95,49.9,342.0
2025-04-16 00:00:00,DL,18,1179,-21.0,-7.03,-2.97,7.03,32.79,799.0
2025-04-16 00:00:00,WN,19,1642,-17.0,-4.01,0.99,21.12,63.44,313.0
2025-04-16 00:00:00,DL,10,1079,-23.0,-7.92,-5.0,0.0,13.87,507.0
2025-04-16 00:00:00,WN,16,1604,-15.0,-4.01,0.99,13.87,43.38,332.0
2025-04-16 00:00:00,UA,12,823,-15.0,-5.99,-2.97,4.01,44.26,1242.0
2025-04-16 00:00:00,AA,12,1015,-13.0,-5.0,-1.99,8.94,36.24,1104.0
2025-04-16 00:00:00,DL,12,1263,-26.0,-7.03,-4.01,0.99,21.12,1122.0
2025-04-16 00:00:00,UA,10,891,-17.0,-7.03,-4.01,0.99,32.14,297.0
2025-04-16 00:00:00,WN,11,1593,-15.0,-4.01,-0.99,7.03,25.79,518.0
2025-04-16 00:00:00,UA,0,53,-22.0,-7.03,-5.0,5.0,26.84,125.0
2025-04-16 00:00:00,DL,9,970,-24.0,-7.03,-4.01,-0.99,10.91,766.0
2025-04-16 00:00:00,UA,8,1119,-17.0,-7.92,-5.0,-1.99,12.06,880.0
2025-04-16 00:00:00,DL,7,1672,-20.0,-7.03,-5.0,-0.99,5.99,819.0
2025-04-16 00:00:00,DL,8,1342,-17.0,-7.03,-4.01,-0.99,10.07,452.0
2025-04-23 00:00:00,UA,12,833,-16.0,-5.99,-2.97,1.99,27.94,592.0
2025-04-23 00:00:00,UA,23,238,-14.0,-7.03,-2.97,7.92,32.79,932.0
2025-04-23 00:00:00,DL,19,1070,-25.0,-7.03,-1.99,10.07,36.24,694.0
2025-04-23 00:00:00,UA,0,53,-16.0,-7.03,-4.01,7.03,29.08,133.0
2025-04-23 00:00:00,AA,22,746,-18.0,-5.0,-1.99,10.91,37.72,1080.0
2025-04-23 00:00:00,WN,19,1649,-15.0,-2.97,5.99,30.27,68.72,284.0
2025-04-23 00:00:00,UA,21,370,-15.0,-5.0,0.0,17.99,67.36,718.0
2025-04-23 00:00:00,UA,18,926,-20.0,-5.0,-0.99,17.99,60.95,996.0
2025-04-23 00:00:00,AA,12,1002,-19.0,-5.0,-0.99,13.87,66.03,652.0
2025-04-23 00:00:00,WN,18,1829,-16.0,-2.97,4.01,23.81,58.56,243.0
2025-04-23 00:00:00,WN,16,1601,-13.0,-1.99,5.0,21.12,47.95,372.0
2025-04-23 00:00:00,DL,18,1182,-21.0,-5.99,-1.99,8.94,36.97,1021.0
2025-04-23 00:00:00,DL,10,1092,-18.0,-7.03,-5.0,0.0,10.91,849.0
2025-04-23 00:00:00,AA,0,59,-12.0,-5.99,-2.97,5.0,19.89,77.0
2025-04-23 00:00:00,UA,8,1113,-16.0,-7.03,-5.0,-0.99,12.06,212.0
2025-04-23 00:00:00,UA,10,885,-19.0,-7.03,-2.97,0.99,21.12,564.0
2025-04-23 00:00:00,AA,10,1072,-17.0,-5.0,-1.99,7.92,52.99,713.0
2025-04-23 00:00:00,DL,12,1274,-18.0,-7.03,-4.01,0.99,13.87,529.0
2025-04-23 00:00:00,WN,11,1593,-13.0,-2.97,0.0,10.07,32.79,364.0
2025-04-23 00:00:00,DL,7,1677,-20.0,-7.92,-5.0,-0.99,5.99,421.0
2025-04-23 00:00:00,DL,9,976,-17.0,-7.03,-4.01,0.0,13.07,696.0
2025-04-23 00:00:00,DL,8,1357,-15.0,-7.03,-5.0,-0.99,7.92,480.0
2025-04-30 00:00:00,UA,18,131,-14.0,-5.0,-0.99,7.92,47.0,373.0
2025-04-30 00:00:00,UA,10,130,-17.0,-5.99,-4.01,5.99,57.4,273.0
2025-04-30 00:00:00,DL,19,129,-17.0,-7.03,-1.99,5.99,30.88,212.0
2025-04-30 00:00:00,DL,10,159,-17.0,-7.03,-5.0,-0.99,10.07,287.0
2025-04-30 00:00:00,DL,12,181,-16.0,-7.03,-4.01,0.99,12.06,800.0
2025-04-30 00:00:00,UA,12,120,-13.0,-5.99,-2.97,0.99,15.03,454.0
2025-04-30 00:00:00,UA,0,7,-10.0,-7.03,-4.01,-0.99,1.99,10.0
2025-04-30 00:00:00,AA,10,124,-12.0,-5.99,-1.99,13.07,206.46,827.0
2025-04-30 00:00:00,DL,18,169,-17.0,-5.99,-1.99,10.91,55.15,244.0
2025-04-30 00:00:00,UA,21,54,-11.0,-5.0,1.99,29.08,94.64,500.0
2025-04-30 00:00:00,DL,8,192,-19.0,-7.92,-5.0,-2.97,0.0,370.0
2025-04-30 00:00:00,AA,0,7,-4.0,-2.97,-0.99,0.0,0.99,3.0
2025-04-30 00:00:00,WN,19,238,-12.0,-1.99,7.03,32.14,100.49,267.0
2025-04-30 00:00:00,WN,18,241,-15.0,-0.99,8.94,32.79,98.5,267.0
2025-04-30 00:00:00,AA,12,97,-14.0,-4.01,-0.99,25.79,179.49,2595.0
2025-04-30 00:00:00,WN,11,212,-11.0,-2.97,0.99,12.06,36.97,640.0
2025-04-30 00:00:00,UA,8,156,-14.0,-7.92,-5.99,-2.97,5.99,351.0
2025-04-30 00:00:00,DL,7,234,-16.0,-7.92,-5.99,-2.97,4.01,198.0
2025-04-30 00:00:00,UA,23,37,-15.0,-5.99,-4.01,24.78,89.13,314.0
2025-04-30 00:00:00,WN,16,215,-9.0,-1.99,5.99,27.94,89.13,442.0
2025-04-30 00:00:00,DL,9,137,-14.0,-7.92,-5.0,-0.99,5.0,150.0
2025-04-30 00:00:00,AA,22,102,-12.0,-2.97,4.01,17.99,67.36,506.0
